300
10936
69 166
77 171
8 30
45 159
45 86
71 99
96 10
36 152
31 153
55 57
4 77
53 92
10 174
96 113
59 138
96 123
32 117
5 90
44 46
9 191
53 152
62 107
66 51
11 91
37 116
48 21
22 149
31 121
24 188
10 13
66 82
35 28
17 154
97 142
57 181
70 32
91 165
77 49
69 126
65 107
32 96
4 169
56 74
37 95
69 131
7 105
80 94
95 38
42 94
32 155
100 68
37 104
68 175
34 36
86 130
65 152
62 171
10 21
41 89
49 190
32 16
21 85
31 92
9 70
78 152
24 102
12 28
70 136
47 197
92 92
75 127
80 183
85 14
19 142
90 28
9 146
54 100
86 52
10 21
10 155
27 21
26 196
84 104
90 71
95 106
19 28
74 30
21 138
43 67
55 22
15 189
25 58
64 171
37 147
15 186
99 168
53 153
94 117
16 29
35 87
64 134
89 121
56 129
1 93
27 188
12 125
81 127
50 130
66 39
67 86
87 185
53 158
37 180
73 171
21 195
15 18
45 154
67 186
95 85
56 137
74 60
85 167
25 27
73 76
24 20
96 16
73 181
20 72
84 104
54 65
24 124
15 187
52 134
13 42
98 104
74 53
57 143
11 37
100 197
100 159
4 148
81 109
70 199
45 84
60 161
42 180
7 48
4 103
77 148
73 85
30 15
86 43
20 179
32 199
80 88
44 159
13 143
46 155
13 46
95 121
80 13
95 73
50 168
79 102
81 26
100 189
10 143
73 118
93 151
69 149
1 198
97 168
95 13
58 172
33 119
1 188
20 48
81 62
22 166
24 90
54 85
53 70
10 78
28 152
53 133
27 170
58 81
29 79
24 76
8 69
59 162
7 81
84 106
3 33
54 26
5 76
5 169
26 61
13 15
31 126
72 108
98 193
33 184
47 138
52 94
53 135
96 57
37 91
97 116
35 181
77 149
67 107
32 147
58 114
77 171
90 82
2 22
3 43
87 172
95 186
59 108
58 187
41 95
64 137
51 71
37 130
40 104
87 82
12 57
73 168
63 104
86 79
59 178
30 40
76 130
15 166
52 12
94 137
76 33
3 85
75 198
79 164
79 110
16 110
74 188
100 70
62 122
87 42
30 151
12 116
37 162
36 71
72 63
45 158
5 105
99 19
61 75
35 83
88 11
75 175
98 33
23 109
93 106
65 193
89 147
100 52
97 188
41 19
45 127
62 169
61 70
44 181
13 57
93 167
21 27
52 161
86 47
11 148
95 40
81 37
37 116
75 146
46 52
53 150
41 51
29 69
56 13
88 84
52 107
39 144
8 140
38 127
67 182
79 126
87 64
80 30
35 163
58 132
40 25
90 71
