300
10391
26 119
13 20
58 47
45 170
85 172
18 73
69 65
2 85
51 119
31 146
82 95
28 54
12 30
28 197
65 74
22 153
13 127
25 142
1 33
74 178
4 75
4 186
68 32
21 114
14 126
71 185
28 47
9 179
86 60
54 97
3 157
93 12
76 176
56 191
70 187
90 140
34 154
17 72
9 93
5 129
4 200
13 13
7 64
34 134
19 100
48 172
39 199
38 188
32 99
60 22
82 31
27 188
78 134
45 165
41 54
87 145
51 171
66 135
30 69
94 11
99 154
97 148
31 79
48 152
33 151
49 199
15 85
35 26
86 129
36 47
56 173
98 190
22 190
88 94
37 53
83 130
31 47
20 110
14 200
36 113
53 69
7 56
49 166
21 79
41 28
74 156
81 157
25 131
15 85
50 68
84 91
62 118
58 113
77 163
67 161
91 65
65 177
72 73
75 88
95 141
94 91
74 77
88 105
25 180
73 55
98 126
35 117
39 91
67 104
26 153
35 173
23 130
46 67
36 50
18 171
57 171
96 192
62 16
86 45
54 39
54 114
46 110
84 151
28 49
12 20
77 140
60 183
32 169
76 78
99 53
33 147
79 115
78 70
78 197
51 84
47 51
16 111
67 49
82 97
19 51
21 109
6 183
61 20
66 106
72 161
50 24
14 167
34 168
36 143
55 195
26 112
15 52
58 32
16 46
97 171
26 107
10 122
70 99
22 109
11 91
2 23
5 75
74 11
20 47
57 92
24 10
58 109
90 18
79 109
45 127
69 155
53 99
88 17
65 67
37 161
63 50
45 84
58 196
40 19
33 49
47 91
5 127
10 17
87 149
92 69
62 134
10 34
29 190
77 120
97 65
59 146
35 19
29 86
3 75
18 35
29 169
11 11
10 65
6 15
16 65
57 95
71 158
97 28
70 101
3 62
100 142
100 192
47 60
11 53
67 64
70 73
39 39
26 122
38 113
58 171
12 113
66 169
58 55
2 105
100 28
21 30
54 102
43 99
45 199
40 37
4 138
68 135
74 180
68 143
85 34
17 120
14 74
46 168
64 75
20 37
7 49
5 31
59 23
1 71
10 130
59 116
10 16
58 40
81 65
33 186
39 187
13 22
58 160
20 61
98 198
40 72
61 24
65 141
10 190
92 104
99 97
87 141
97 129
93 121
88 161
14 38
97 188
13 20
25 190
86 97
40 199
2 55
50 79
37 96
22 138
55 22
59 194
51 109
85 125
86 21
100 25
66 143
62 186
73 24
99 87
44 139
79 134
4 126
97 60
99 62
57 166
88 76
91 88
85 96
59 135
30 79
92 189
32 170
67 54
7 97
84 91
48 131
50 30
100 44
88 148
