300
10551
98 104
92 135
55 69
99 182
19 106
36 57
1 17
11 11
38 199
55 118
57 53
50 164
22 185
52 133
35 99
68 22
31 43
87 126
66 180
69 123
30 182
49 13
19 137
61 194
94 110
76 30
52 116
19 43
67 87
62 182
71 103
24 13
12 73
48 128
95 57
11 102
62 92
2 84
14 108
49 161
53 198
85 11
42 97
83 138
84 198
24 131
55 164
73 61
92 199
65 24
99 91
98 15
58 164
7 176
85 145
58 69
21 58
3 121
10 35
55 132
68 17
4 77
38 92
6 30
92 40
97 105
69 111
70 34
9 14
28 153
13 123
37 109
27 105
27 158
60 149
86 179
27 175
73 180
6 29
54 93
4 76
53 17
35 47
98 131
70 106
81 170
40 185
35 114
90 77
95 184
60 29
8 73
46 81
17 150
78 134
38 42
90 28
13 11
8 84
55 138
40 188
9 186
52 12
18 24
23 91
4 136
56 59
84 143
56 133
49 52
45 119
90 78
55 14
98 197
29 20
31 75
76 43
92 85
21 82
77 167
35 109
9 174
4 169
54 168
54 176
74 46
78 66
30 116
32 183
70 185
49 21
45 69
85 173
40 106
60 58
16 94
59 43
75 124
76 43
82 40
25 51
65 110
82 135
11 190
28 61
91 172
20 15
14 153
39 37
3 178
28 134
34 91
82 188
17 35
88 98
97 151
15 22
87 47
29 29
13 138
91 194
7 133
23 92
14 29
66 24
78 128
50 72
80 116
10 185
82 26
92 103
45 90
6 40
33 33
19 24
18 189
35 77
94 63
89 121
87 61
76 32
33 135
92 50
17 56
15 36
24 97
97 93
16 128
48 33
8 117
32 33
20 69
84 86
23 42
75 186
58 129
53 71
20 147
46 167
45 95
37 28
24 184
52 66
4 53
84 183
26 77
11 51
29 164
76 82
94 28
30 35
90 87
84 130
10 109
73 28
34 109
62 39
97 183
58 75
27 28
31 125
55 130
21 151
98 43
88 113
86 34
6 128
43 194
56 174
13 124
49 49
24 121
44 39
50 24
48 49
85 141
69 39
70 92
57 150
50 190
21 75
79 31
65 162
83 83
87 157
30 77
78 167
33 172
16 173
26 96
83 10
81 64
73 101
63 156
14 171
36 143
96 130
82 52
36 142
82 187
33 170
81 146
9 77
23 103
46 116
88 195
22 23
67 73
49 102
53 116
13 89
73 27
24 94
45 24
64 90
78 189
16 36
62 18
7 121
84 88
72 123
9 159
20 158
76 89
27 95
59 23
90 81
30 27
80 147
75 170
1 197
26 101
33 177
87 141
42 77
76 127
84 11
87 173
81 184
58 72
