300
10856
32 148
24 50
26 81
100 190
64 56
97 127
85 53
44 134
7 28
67 96
63 83
46 108
7 70
39 20
16 190
75 57
42 62
37 193
100 139
64 53
88 81
92 83
94 192
46 131
89 144
11 77
56 87
45 61
98 37
53 112
14 145
5 164
1 23
90 111
86 42
38 29
46 132
49 101
40 135
20 193
10 35
84 22
97 82
4 77
44 59
86 94
57 165
69 188
31 195
41 190
12 170
26 121
60 55
11 78
71 153
53 22
19 179
58 48
85 76
86 168
41 73
25 116
98 145
80 180
30 75
73 24
99 150
5 172
6 145
81 39
66 128
5 64
66 133
44 143
26 146
2 84
70 84
45 119
48 56
23 196
8 59
36 103
13 70
30 11
54 153
13 46
59 130
42 117
85 200
97 150
21 178
77 35
77 195
100 16
19 152
88 100
96 90
82 21
49 181
39 108
55 75
61 195
52 173
20 84
7 51
48 144
100 30
30 49
34 183
93 190
68 18
54 49
3 85
52 182
82 138
60 141
39 165
38 19
60 13
35 104
25 117
99 147
51 71
94 170
26 65
84 121
2 189
85 12
65 126
43 32
35 166
3 170
53 65
27 82
37 31
30 158
77 121
31 46
95 39
33 48
15 13
62 196
90 129
91 148
27 123
30 160
20 47
76 109
11 15
89 113
39 65
73 195
97 192
94 189
55 180
15 133
31 113
65 108
38 123
100 39
14 15
67 172
5 29
71 80
90 42
43 90
67 82
79 109
73 73
98 82
77 145
80 165
40 55
69 70
62 103
87 111
53 14
44 51
42 128
74 30
33 77
36 166
42 138
15 60
81 146
80 53
36 152
53 28
35 186
8 144
32 83
19 192
68 51
28 140
23 25
53 29
95 155
74 98
69 80
46 64
20 168
92 63
98 111
66 196
16 13
80 82
14 23
58 77
24 24
49 49
2 19
64 21
5 14
60 192
27 66
58 109
22 23
45 147
72 52
18 142
79 170
72 159
73 154
82 81
62 14
79 180
46 93
35 81
63 112
83 40
51 57
31 132
69 86
86 109
9 43
39 168
99 117
83 30
90 153
52 163
69 167
53 83
42 42
73 105
57 139
15 105
36 126
82 131
82 163
26 75
98 80
4 49
27 71
54 109
26 124
12 200
38 146
83 190
41 197
45 15
14 89
61 140
33 128
60 129
15 156
99 108
5 32
43 138
74 188
1 15
7 41
32 146
69 165
14 189
62 145
80 167
68 159
15 77
76 187
19 99
25 58
82 120
11 141
100 60
15 160
60 110
56 44
70 19
57 75
73 20
20 155
49 160
72 165
72 45
91 154
23 111
46 149
36 169
91 39
94 44
