300
10663
90 137
39 192
49 58
26 187
63 37
11 178
20 68
49 189
79 180
36 54
92 157
84 50
30 109
8 47
23 118
16 54
66 77
77 68
56 121
37 20
96 196
97 83
46 14
97 157
88 184
86 59
56 129
6 163
60 120
4 98
3 73
67 108
12 63
80 130
47 115
97 143
55 144
10 118
3 41
90 188
76 168
36 139
86 28
2 159
9 94
76 50
62 141
61 46
28 52
75 72
89 33
98 185
6 173
74 157
54 181
68 70
71 160
62 26
57 116
55 198
60 184
7 190
25 195
73 200
81 51
97 66
41 42
89 113
94 24
39 50
13 174
2 177
65 35
74 93
59 192
9 59
78 158
80 136
43 166
57 97
68 86
7 73
95 96
74 34
88 92
89 144
2 123
29 195
52 92
54 112
47 84
34 38
65 122
87 92
99 101
42 163
98 155
6 60
99 84
24 197
4 79
6 159
71 89
72 91
9 132
2 109
17 144
48 180
3 81
5 136
95 175
34 163
24 95
90 90
31 36
57 159
41 144
31 149
11 49
95 164
53 34
58 171
30 139
24 65
62 136
7 106
66 149
88 28
1 15
88 164
64 102
48 56
6 76
79 194
35 132
34 89
48 164
25 71
74 54
57 170
91 78
47 177
82 113
71 93
93 55
43 120
64 10
98 89
49 13
60 80
59 73
71 93
85 35
68 138
81 45
11 152
68 19
69 139
69 110
94 97
96 150
83 66
94 21
37 17
84 130
42 193
31 83
87 174
8 54
22 21
65 27
20 62
45 27
1 126
19 85
54 68
23 70
32 87
56 23
82 97
20 166
29 107
77 187
43 119
20 173
62 48
29 124
88 181
40 31
64 37
24 55
24 166
2 41
5 115
18 125
33 137
79 12
76 105
95 10
54 40
31 103
94 94
87 175
24 163
33 81
73 40
96 29
61 127
29 111
51 30
97 153
25 183
32 141
22 18
56 90
88 185
88 63
8 87
56 116
87 53
8 99
49 144
12 150
69 131
37 93
79 104
22 69
7 75
6 41
62 34
58 21
53 123
39 37
38 126
66 166
59 28
92 183
20 86
40 11
68 136
27 176
25 157
47 65
96 72
20 123
27 161
88 15
15 62
96 132
1 133
31 183
32 115
45 24
43 12
100 111
23 64
11 193
12 199
57 39
41 153
94 105
17 147
38 72
100 20
13 26
38 74
49 154
29 153
48 12
6 129
95 182
81 170
7 127
40 168
10 98
69 198
78 94
29 134
27 81
29 176
75 81
22 96
58 47
21 115
44 124
54 13
84 48
69 155
61 47
78 198
79 48
43 178
59 74
46 63
72 10
37 16
2 24
89 92
18 39
97 99
