300
10326
58 122
64 104
7 130
96 140
66 41
84 59
51 15
37 172
82 74
99 37
35 23
1 16
26 65
61 17
44 47
54 174
95 98
71 15
5 117
58 133
66 123
88 75
17 18
13 96
29 37
97 50
17 108
84 79
53 186
47 30
57 28
41 40
25 153
7 120
54 11
78 93
16 11
44 180
34 49
84 162
2 21
30 84
16 189
87 92
85 17
43 49
12 80
42 176
14 156
5 102
100 166
94 33
10 117
14 172
24 53
56 141
91 39
35 35
54 71
8 51
57 57
66 164
21 69
84 136
93 37
3 135
69 33
80 172
39 65
64 96
96 176
60 69
32 15
11 61
75 133
67 23
18 87
36 45
43 168
6 173
37 130
20 159
78 161
14 170
7 170
18 147
17 65
55 119
58 140
94 40
42 153
40 65
36 143
11 132
89 113
4 39
44 132
88 14
96 89
32 41
83 122
30 14
16 115
87 171
51 73
15 124
35 24
100 157
68 85
73 29
80 77
67 21
36 11
1 151
33 78
30 174
60 128
47 80
56 172
57 144
66 158
2 197
91 133
46 52
63 142
18 130
10 185
39 110
53 110
36 153
93 77
71 184
58 24
86 156
49 174
41 27
63 144
73 56
33 179
40 100
33 44
89 74
65 112
68 66
90 139
72 118
44 36
21 106
24 74
94 60
44 161
28 98
91 103
60 27
43 154
19 83
48 84
24 41
43 195
84 96
4 40
92 51
60 139
97 42
92 126
36 37
43 129
11 80
3 12
38 194
31 125
28 163
9 13
46 25
36 148
68 142
74 118
89 15
70 82
51 54
25 76
57 149
7 10
85 16
9 190
75 67
40 94
22 31
42 46
57 40
14 47
46 158
37 185
34 192
91 185
53 25
22 19
70 80
81 70
5 70
62 12
83 116
51 184
95 179
63 85
89 24
58 64
71 142
64 67
68 184
63 25
17 163
12 184
26 19
5 96
53 148
88 155
8 103
23 127
67 30
72 107
51 98
11 187
38 23
22 79
50 138
57 39
28 126
3 172
8 37
55 146
62 160
39 69
5 53
33 54
6 95
19 90
31 141
69 18
79 55
70 197
26 143
8 83
9 132
29 84
98 167
60 95
48 102
2 125
56 123
53 185
9 44
90 164
97 106
92 91
93 112
48 139
56 123
3 199
87 116
45 182
81 124
56 162
100 17
20 128
76 48
23 113
13 31
77 100
56 36
58 17
62 66
94 62
58 102
95 47
4 104
17 146
13 111
13 46
83 148
73 29
55 170
62 44
69 42
57 173
6 48
27 55
98 25
53 70
21 199
82 172
25 168
72 122
29 112
97 188
88 34
75 57
1 124
79 94
44 200
