300
10901
60 109
90 62
93 77
42 58
84 127
25 40
72 153
18 57
90 18
79 65
42 93
72 180
49 62
65 120
28 200
24 15
1 11
91 99
13 193
26 118
73 133
69 110
97 161
44 156
100 144
68 139
42 41
28 171
77 32
84 147
27 77
87 39
22 65
47 163
27 102
84 80
76 188
32 33
42 16
54 103
12 67
68 80
15 184
21 168
78 135
70 90
36 182
79 187
81 37
3 82
84 181
2 23
77 28
43 45
1 152
88 191
13 29
8 35
51 185
65 74
61 188
49 12
2 83
49 133
92 73
83 176
64 76
11 172
85 53
22 64
13 97
5 155
61 200
5 114
75 49
94 73
72 77
87 69
72 192
37 130
34 113
58 40
90 187
34 41
28 61
45 199
18 48
82 75
25 130
72 68
48 56
26 67
5 14
10 64
20 28
14 178
72 82
53 197
79 161
25 21
35 191
79 36
17 149
63 24
55 166
67 165
33 34
43 102
15 197
28 125
13 154
15 96
47 163
5 34
91 29
59 178
38 191
54 74
6 39
34 110
48 146
37 132
87 183
56 142
75 177
14 142
55 41
1 17
80 138
47 141
20 60
23 170
61 131
18 34
97 124
44 28
53 58
96 49
18 92
85 52
49 93
91 129
69 175
16 78
34 149
57 181
88 27
53 187
25 11
9 69
14 58
47 138
61 86
12 73
70 72
11 89
1 97
64 108
58 99
71 149
100 132
26 189
74 44
70 147
33 54
22 192
91 87
4 159
38 121
18 16
69 108
63 74
19 119
73 158
100 125
24 84
41 123
93 87
50 50
67 108
89 80
98 124
25 192
91 150
48 11
27 40
4 175
66 199
84 101
87 174
31 118
87 24
53 165
95 148
56 116
93 80
84 144
94 27
42 171
77 55
13 35
90 67
61 80
22 157
41 24
10 177
53 48
26 72
87 149
88 41
70 139
88 96
14 54
84 135
23 195
6 200
66 200
38 111
92 93
62 89
26 184
39 137
32 95
95 11
91 15
88 188
28 187
12 69
77 170
41 121
30 19
43 169
36 156
77 87
50 157
18 36
92 133
33 158
26 35
55 128
14 74
67 153
40 32
29 99
89 112
46 34
96 185
31 155
34 24
67 165
40 68
76 74
87 160
29 181
97 99
35 163
21 171
88 110
44 97
84 179
90 85
80 24
25 170
12 117
68 130
47 25
50 152
45 98
34 86
65 45
56 148
66 122
80 109
82 119
63 72
36 164
61 135
46 102
47 53
54 78
50 121
56 183
94 43
8 93
64 47
68 17
93 132
72 182
52 59
67 176
9 74
79 94
31 84
70 29
77 71
44 136
50 42
91 123
30 60
90 55
