300
10159
50 50
79 21
3 84
82 87
63 188
88 179
30 90
5 39
40 94
96 163
35 111
41 50
13 26
7 41
53 30
8 121
60 132
81 168
8 105
97 132
60 125
40 143
43 91
82 65
71 105
63 109
63 76
48 52
36 11
18 25
19 120
69 17
7 83
59 85
90 163
84 116
79 196
100 92
48 71
19 57
21 200
69 155
14 39
25 198
41 12
92 162
14 121
21 11
34 135
14 77
73 52
15 104
75 46
47 184
13 26
1 84
96 103
82 93
100 97
56 149
18 174
74 73
47 97
25 88
35 183
49 30
37 82
7 33
73 70
86 74
27 173
100 78
62 14
12 137
52 167
74 76
40 145
85 34
1 21
49 69
41 195
40 78
36 159
67 145
55 165
52 47
54 108
17 15
54 70
9 173
5 161
7 40
41 91
76 180
60 180
41 133
11 185
18 68
27 26
1 11
84 81
74 124
80 199
57 142
98 197
72 152
44 27
23 119
68 122
55 17
32 46
69 106
51 50
84 54
80 178
63 64
50 130
41 114
83 146
83 200
100 52
40 22
34 142
34 23
60 121
55 87
33 88
66 75
30 132
20 167
4 133
61 187
48 68
26 126
94 168
18 28
44 124
83 50
3 51
79 28
8 80
78 115
84 156
37 145
30 104
38 170
42 49
3 48
70 53
10 116
88 127
28 120
61 60
76 104
15 34
78 63
32 86
66 65
59 37
82 195
91 109
30 112
90 74
100 120
51 153
66 83
57 117
36 121
11 62
83 88
97 69
68 108
52 40
53 177
48 10
74 104
92 41
52 96
84 181
10 49
3 23
49 63
19 148
35 149
24 79
7 103
53 94
97 94
65 173
55 80
72 153
53 172
20 118
5 185
13 25
40 10
17 182
31 13
8 146
23 43
61 160
61 45
25 144
14 153
18 161
26 139
11 20
81 103
82 167
60 191
95 55
84 167
56 34
56 66
98 192
36 109
39 132
8 68
58 78
5 177
93 163
57 161
89 124
2 87
4 13
68 175
76 156
28 62
6 152
41 93
13 126
8 183
70 53
14 109
1 123
34 113
83 92
49 133
64 169
78 62
73 114
24 59
8 126
81 130
27 160
78 28
62 152
28 165
60 189
74 80
4 61
29 137
78 43
14 49
82 41
15 130
60 43
15 154
35 165
81 78
52 124
6 74
67 37
20 42
31 40
47 86
73 188
64 37
47 87
64 54
33 22
71 98
96 84
12 21
58 141
21 157
96 11
69 135
21 88
24 40
98 137
72 157
3 148
99 195
31 96
19 41
72 147
64 173
22 111
56 161
15 13
54 62
11 183
48 93
22 145
98 57
71 27
84 194
69 118
7 60
