300
10827
14 93
80 79
62 14
95 19
35 176
46 63
79 72
1 43
12 92
70 196
37 158
60 118
86 153
51 105
46 29
31 111
77 14
95 140
13 134
59 177
68 134
18 101
53 75
40 59
42 48
29 149
10 27
94 22
69 49
51 169
57 106
8 177
71 93
80 69
12 159
20 166
53 178
73 54
100 113
5 187
80 175
35 138
90 183
30 164
68 146
72 69
43 26
38 71
67 194
87 49
40 122
69 61
44 58
78 105
17 149
26 28
6 12
52 144
83 187
17 143
84 119
53 113
78 71
89 85
36 120
55 47
27 89
60 193
53 56
8 169
45 138
42 71
32 169
55 22
90 125
8 58
6 127
4 157
71 64
17 189
62 99
1 70
18 71
65 145
23 187
95 158
43 178
70 148
43 81
84 57
53 164
36 119
36 198
100 141
43 169
39 17
70 122
95 181
43 108
36 57
67 91
38 137
9 174
53 124
72 195
12 185
100 120
36 133
12 174
51 173
65 106
21 189
14 138
85 186
22 16
50 131
38 88
1 74
18 65
42 61
64 97
78 71
74 88
66 106
83 88
9 63
44 121
20 88
76 57
3 43
64 55
64 156
72 59
81 44
7 118
67 117
74 130
35 152
70 118
69 142
83 152
42 133
79 165
39 26
28 32
16 124
11 126
48 92
48 71
59 41
65 79
33 128
55 85
65 107
44 198
34 119
46 35
39 142
46 77
35 51
2 175
65 110
70 76
38 106
34 159
19 45
84 114
5 63
74 50
100 190
35 49
98 195
32 36
95 49
71 72
36 93
25 167
39 22
94 65
53 133
44 136
57 77
6 15
23 157
25 55
17 181
60 171
53 129
91 28
16 43
25 125
22 189
65 15
44 72
51 118
43 41
78 89
50 135
35 25
2 23
71 147
43 62
23 39
87 17
33 97
7 128
6 57
4 129
33 140
10 186
35 135
100 87
81 128
25 109
46 114
65 94
74 34
27 26
93 29
30 19
43 104
83 108
44 32
73 149
7 122
87 45
72 34
91 57
77 76
74 156
56 97
59 153
65 112
17 108
100 104
41 172
96 176
62 82
92 40
47 83
3 21
80 142
68 160
65 41
30 117
81 95
93 131
4 183
92 145
20 107
96 142
93 156
21 122
77 16
42 180
82 127
70 178
74 118
52 119
77 83
71 46
94 34
24 138
24 28
14 102
55 86
36 74
100 84
65 156
72 191
30 113
89 79
42 136
96 14
51 150
87 128
60 67
99 199
89 168
14 35
75 166
89 12
27 131
47 111
2 164
24 162
56 77
11 180
98 59
75 140
77 175
72 180
10 174
50 81
90 89
86 123
17 37
72 168
95 146
55 112
