300
10721
94 41
2 151
64 51
10 57
92 18
9 93
2 196
19 184
15 27
97 142
4 95
79 88
82 189
73 157
17 122
90 16
96 173
8 51
61 86
3 39
100 160
97 178
37 96
22 73
77 146
56 110
62 43
51 52
81 119
12 178
35 122
40 118
59 133
9 105
55 187
83 75
19 68
66 99
35 42
97 110
71 109
33 161
50 14
21 184
28 78
1 102
75 100
5 59
16 19
95 47
31 46
80 45
74 147
7 182
59 95
88 110
87 50
26 75
96 77
74 49
91 121
99 147
99 44
71 77
37 34
69 163
97 154
84 13
73 153
39 137
16 97
11 171
55 96
92 43
19 93
57 191
16 138
93 166
70 43
54 135
86 167
19 150
1 52
72 184
39 51
1 76
1 73
60 157
87 200
14 157
95 162
87 32
23 79
5 33
36 172
24 93
15 113
38 128
18 118
62 118
35 105
43 182
79 98
7 98
84 83
34 13
29 65
13 53
30 14
31 55
75 82
36 59
43 109
35 86
60 141
43 167
49 75
71 83
52 110
39 51
55 127
98 31
62 125
71 116
55 123
62 178
42 109
34 81
83 97
87 153
54 85
24 61
75 118
6 110
58 143
78 109
8 76
83 27
83 109
93 160
43 146
32 185
78 177
52 19
49 189
86 64
41 129
57 105
53 50
85 168
49 125
37 73
43 37
27 75
82 116
13 96
76 97
47 19
29 37
91 86
10 24
25 18
48 32
90 91
1 106
82 104
10 92
65 30
22 46
35 151
98 89
19 164
98 51
44 139
18 152
90 52
31 198
84 168
80 56
87 62
8 63
67 174
54 162
28 13
45 27
97 153
17 156
8 109
28 56
32 102
33 108
79 66
49 101
47 163
78 88
74 129
24 62
88 144
52 158
76 197
97 36
81 41
60 177
87 149
98 73
62 32
62 154
22 140
47 114
23 180
5 106
63 34
4 169
95 10
51 143
40 174
100 128
36 165
22 114
77 199
63 39
74 131
48 69
40 106
60 32
4 108
98 195
89 62
52 97
71 124
19 22
31 97
41 130
66 182
4 184
58 116
42 144
79 18
96 21
32 153
75 121
13 22
42 188
37 168
21 166
27 72
76 61
55 144
6 190
23 72
88 116
21 113
34 92
16 121
84 82
64 105
68 119
2 156
15 187
77 76
9 126
90 14
59 94
34 125
82 77
64 125
16 95
67 94
64 104
46 33
45 26
69 48
30 112
38 55
53 145
80 72
12 168
53 194
69 21
48 94
74 19
28 161
5 51
96 108
4 138
19 69
45 64
5 84
38 115
28 96
87 123
61 93
78 187
32 66
47 148
70 139
81 115
81 13
65 63
60 112
