300
10661
40 163
81 19
73 18
45 103
94 63
42 100
98 27
41 182
41 110
79 89
68 145
11 149
60 134
3 170
29 114
40 139
45 82
26 36
10 136
79 56
12 102
21 124
36 189
100 132
19 57
60 119
51 181
77 137
61 187
27 124
39 130
7 65
80 131
45 114
76 192
8 143
26 47
78 39
45 138
58 93
55 150
41 74
56 54
9 154
13 160
7 83
83 83
47 91
9 148
10 112
45 167
92 20
20 199
10 60
92 195
87 83
82 152
53 97
53 20
75 46
83 150
33 168
41 175
66 41
28 54
80 198
48 46
56 98
8 27
4 19
18 12
22 186
52 97
39 48
88 34
79 89
49 197
28 58
26 96
85 83
86 121
76 32
82 12
1 104
35 177
59 35
74 156
7 65
40 110
99 64
27 13
47 139
53 110
81 144
43 67
92 126
33 88
58 60
69 156
25 100
42 22
93 162
69 59
98 93
86 94
74 26
87 41
35 151
52 14
76 180
82 12
62 137
22 100
76 51
8 130
86 36
71 11
69 80
73 65
80 194
25 127
26 145
79 187
14 46
30 38
93 120
97 16
29 106
30 122
44 115
78 31
63 56
37 129
11 49
28 32
42 112
63 156
61 68
24 70
73 177
99 155
95 176
16 54
34 163
46 22
69 126
28 88
74 95
30 111
44 187
21 120
69 61
35 25
37 48
89 144
4 185
62 113
83 191
30 50
12 163
64 48
11 89
22 48
80 27
98 152
18 64
60 44
89 132
2 124
27 79
93 50
1 179
77 101
51 149
25 163
71 179
53 55
1 58
72 43
51 80
48 123
59 49
11 136
37 74
49 90
65 124
40 30
43 116
64 154
99 187
87 63
98 78
32 86
81 48
20 193
20 69
36 52
1 112
46 98
73 132
6 40
37 36
9 169
93 157
28 117
46 26
50 160
58 14
13 83
11 64
20 173
95 42
72 64
51 190
41 149
21 157
70 40
65 189
83 26
74 194
23 56
6 195
15 96
27 191
59 193
92 134
55 179
61 135
8 58
31 103
92 46
61 152
65 10
36 75
31 102
71 149
19 87
58 194
17 150
11 200
5 197
59 64
61 150
40 110
56 178
46 86
83 116
35 44
87 153
19 109
22 73
100 20
30 79
83 168
60 96
4 123
94 106
88 163
90 189
40 18
75 67
43 102
62 171
18 129
90 105
25 47
9 193
9 137
31 113
98 90
99 17
26 49
77 83
76 158
69 197
62 168
91 64
93 154
81 40
95 177
65 137
69 51
25 32
49 189
37 47
49 164
94 104
8 30
29 182
34 32
11 140
100 107
94 38
48 146
36 97
1 154
57 121
58 81
60 13
64 199
