300
10702
8 160
52 66
30 14
63 128
14 48
31 89
35 143
87 44
79 126
41 52
87 126
85 113
96 133
30 124
6 105
44 22
91 140
1 172
38 52
86 166
4 104
29 199
77 40
57 177
47 21
36 47
77 18
95 30
20 64
38 102
33 140
94 148
95 11
31 31
55 97
5 34
49 32
31 179
9 131
88 180
55 144
46 129
97 76
22 29
32 172
55 152
40 88
8 48
50 28
42 165
27 86
13 139
87 136
91 40
56 199
86 168
60 41
10 139
79 32
78 128
88 198
95 165
92 97
76 108
7 82
77 125
14 104
13 156
21 41
40 86
65 176
98 45
53 34
85 91
69 119
53 194
83 51
51 25
32 84
80 94
44 70
93 43
91 71
6 199
13 127
3 145
36 122
10 101
55 116
40 26
60 123
2 140
65 15
19 182
83 103
64 66
9 110
51 71
74 12
40 157
77 63
94 67
43 143
54 78
72 91
3 121
72 36
100 42
73 30
25 97
40 127
37 196
55 143
66 120
11 53
42 138
22 91
32 66
79 151
64 39
65 82
84 179
17 88
24 76
41 42
97 19
33 94
57 134
3 144
73 175
90 42
2 22
92 185
42 32
82 141
54 86
78 189
41 115
13 76
100 187
41 183
48 59
82 143
51 145
2 100
60 134
15 42
53 127
56 34
73 19
95 107
41 157
81 140
42 35
81 184
75 157
82 116
8 109
20 158
16 84
14 29
11 29
100 67
93 33
96 158
5 93
100 102
88 18
69 180
57 156
2 137
56 164
48 116
51 120
4 64
54 128
93 140
20 167
31 114
6 43
44 23
71 15
88 130
94 97
79 49
47 121
45 42
73 20
2 173
86 74
2 13
89 116
98 86
11 115
42 18
28 37
19 153
65 196
2 172
99 20
64 157
86 83
55 134
10 47
10 67
40 126
64 178
22 77
92 75
27 86
65 169
7 197
11 102
73 191
20 50
48 103
75 77
79 21
25 108
58 64
53 135
98 62
66 49
62 129
76 118
36 31
92 147
10 89
66 33
78 187
8 190
59 157
17 190
13 68
12 34
39 197
48 149
42 66
46 200
94 28
15 179
97 173
6 126
28 182
18 73
100 33
11 124
52 99
100 87
5 28
47 86
52 181
47 31
47 42
4 129
34 11
93 185
44 198
32 194
22 194
19 19
7 113
15 173
84 181
61 107
79 88
87 139
82 110
70 15
73 56
100 93
7 138
55 170
27 86
53 160
66 73
22 81
51 144
54 118
46 148
99 21
44 158
56 93
45 55
94 167
10 93
14 158
21 159
96 89
80 171
43 127
42 93
57 56
89 198
76 85
62 117
64 91
5 17
38 63
85 174
