300
10298
32 115
11 54
54 80
15 46
31 75
3 59
97 129
7 179
73 111
11 52
20 197
61 35
71 31
81 101
68 12
21 131
42 26
34 17
60 113
55 93
74 39
25 64
36 63
39 95
16 180
50 193
92 85
62 58
17 123
59 68
67 61
71 191
54 102
66 181
8 111
73 135
40 29
75 20
8 181
99 122
89 12
4 158
44 194
34 131
64 156
42 179
3 70
7 182
90 62
4 61
6 142
24 30
40 83
99 55
58 42
15 108
51 97
87 129
77 79
70 189
38 34
4 110
50 132
1 64
74 73
16 122
59 69
65 70
35 185
88 81
6 113
100 147
70 147
78 118
49 103
38 180
57 30
28 169
4 143
18 129
89 108
51 108
58 101
69 120
63 38
48 177
60 69
4 100
50 122
20 60
99 142
67 183
14 90
94 66
17 40
64 34
44 75
84 54
19 65
46 70
33 101
62 154
40 137
19 158
7 155
54 147
54 121
62 164
58 53
66 151
77 81
20 66
12 45
18 65
14 173
11 162
56 178
71 102
63 45
100 72
22 53
56 173
51 180
87 41
27 153
37 59
54 111
6 169
77 101
3 111
47 137
51 150
45 30
40 118
28 65
43 192
46 191
7 82
32 190
76 156
85 155
74 19
93 18
37 63
44 95
28 113
26 160
41 49
51 22
51 61
72 40
79 21
89 59
65 97
55 47
16 139
8 99
30 131
85 125
19 169
71 174
27 37
86 81
53 108
65 173
83 16
19 126
24 110
44 119
68 139
86 79
57 89
76 66
46 28
71 105
17 10
59 67
55 97
99 14
28 72
55 185
15 21
100 87
48 131
9 172
43 165
96 129
89 156
15 20
16 134
28 120
80 86
55 94
77 14
36 100
30 147
80 172
12 114
73 117
95 97
42 76
44 183
46 90
49 139
39 13
62 48
95 100
31 77
31 178
32 93
22 30
60 123
24 80
39 43
7 24
24 55
10 29
94 34
80 70
1 158
46 82
52 65
69 103
9 146
59 190
5 25
39 163
65 189
13 179
58 42
69 129
6 61
71 145
63 193
95 96
37 13
17 128
34 10
52 151
91 84
69 18
77 78
23 131
99 95
60 63
57 128
73 147
34 153
57 179
41 41
26 29
55 188
64 57
17 58
63 190
50 42
10 18
85 16
3 174
75 15
79 58
48 94
37 169
93 38
81 63
52 18
12 153
58 197
82 98
62 22
96 102
100 54
77 39
50 23
47 158
75 134
37 181
12 104
94 192
45 107
46 14
62 113
69 74
28 110
55 42
29 47
59 31
80 186
57 166
29 117
39 185
52 22
74 170
8 89
17 31
68 70
88 129
30 123
48 200
27 189
