300
10642
96 55
75 82
91 176
28 179
16 165
18 157
4 138
90 26
59 103
62 49
38 199
28 108
59 76
32 110
97 153
29 48
39 107
18 168
94 19
71 137
41 158
68 57
47 155
55 149
47 142
94 39
78 163
65 19
26 115
49 141
98 170
14 64
24 60
26 99
8 13
59 168
88 26
100 53
27 119
60 158
78 89
50 147
73 173
50 85
57 138
81 28
84 66
1 37
14 86
41 192
62 94
86 75
95 64
34 130
77 184
86 151
50 155
19 75
37 119
52 87
88 38
48 121
52 163
92 185
5 49
4 126
3 167
60 103
59 11
86 168
90 149
2 57
20 140
43 144
35 105
77 191
74 116
62 27
33 169
51 102
22 139
22 200
39 57
63 136
81 83
37 96
84 18
96 58
63 178
46 91
65 56
94 150
86 90
88 169
71 128
33 194
92 125
37 68
13 51
2 156
81 168
61 129
53 115
58 110
33 147
95 159
78 167
60 197
79 131
1 51
9 21
71 158
73 187
28 22
41 22
74 158
96 153
55 34
51 97
38 168
4 134
19 10
96 159
91 89
1 17
54 178
32 22
78 127
56 177
17 127
70 95
6 177
40 130
31 196
59 199
46 82
13 140
50 122
77 142
37 45
66 135
44 96
20 183
6 193
15 79
6 187
10 92
20 145
67 14
1 193
86 45
38 12
71 73
29 52
72 91
3 34
59 18
98 92
55 200
16 120
48 43
15 49
84 134
76 60
81 182
31 115
46 62
39 127
97 131
31 137
35 169
63 172
21 71
40 165
45 123
17 99
53 80
59 154
53 18
32 176
49 193
87 159
82 83
46 61
1 134
60 66
21 44
37 55
52 71
89 169
93 18
6 171
95 110
14 146
56 142
79 157
70 61
47 113
63 177
79 132
92 199
56 122
33 196
51 161
3 84
43 89
91 180
75 123
12 49
38 14
23 49
6 172
38 168
10 156
12 185
3 35
51 175
76 58
65 121
59 74
87 72
80 158
54 110
30 139
12 47
68 60
11 53
28 197
70 114
67 33
28 156
5 56
13 44
84 74
92 52
52 122
66 200
52 151
78 145
68 30
7 17
71 148
10 107
52 91
18 23
68 113
34 54
39 136
15 25
19 189
50 148
28 28
68 17
1 44
46 129
70 167
42 69
86 72
63 18
3 184
51 15
55 51
4 179
18 134
60 125
74 187
68 144
51 15
84 60
59 45
47 171
48 33
52 44
4 164
69 165
82 165
26 46
93 111
36 94
91 29
48 159
41 60
94 105
63 75
86 43
79 78
49 159
11 15
23 150
46 152
96 126
96 181
18 197
56 88
96 176
55 174
14 163
80 68
66 99
93 165
