300
10488
14 149
84 163
7 137
21 191
58 183
87 83
43 86
24 151
93 66
58 11
70 63
81 197
68 21
74 138
14 107
41 92
68 192
44 103
40 137
78 103
18 173
11 200
93 160
71 158
46 99
24 57
4 92
15 100
91 134
46 191
61 161
54 157
46 51
52 135
38 64
74 97
55 172
8 68
55 145
64 149
65 53
75 35
80 66
43 70
73 194
17 150
94 45
68 78
39 27
1 29
73 41
25 169
59 87
25 101
59 95
99 187
30 146
61 65
62 59
88 105
31 107
81 139
66 13
85 125
34 33
7 185
57 89
53 52
80 141
43 124
100 140
75 77
99 137
47 104
3 150
34 36
49 134
74 191
31 99
46 37
7 88
4 19
6 175
62 125
74 33
11 183
12 183
87 49
43 105
54 52
24 108
60 23
59 101
83 156
20 164
97 128
73 159
89 88
4 39
71 93
69 47
9 39
13 51
34 109
80 32
87 192
27 52
31 24
65 33
20 64
2 88
4 139
57 185
3 18
13 44
46 129
17 177
82 144
52 25
88 53
39 17
15 165
65 76
28 53
74 187
94 98
81 190
36 155
24 15
69 170
79 73
79 173
68 43
17 153
9 123
73 51
24 59
35 196
40 81
42 170
82 16
42 68
71 58
3 24
31 120
47 65
80 31
59 162
22 81
95 56
14 138
8 183
8 87
87 90
71 94
93 112
54 172
63 23
14 104
68 72
29 99
61 164
76 110
7 134
10 84
66 198
17 139
58 155
23 127
49 93
83 37
26 183
65 190
10 175
67 183
97 145
1 66
42 30
97 178
96 119
47 155
15 84
70 15
48 74
84 155
91 95
62 182
32 73
31 157
84 55
35 180
2 126
40 24
40 25
35 73
25 99
17 166
55 92
62 64
90 66
7 81
8 137
40 83
35 80
8 175
82 27
81 141
11 114
64 20
49 164
74 169
95 131
33 96
94 61
67 35
67 181
67 175
1 10
40 110
12 61
78 179
57 127
71 73
34 175
79 196
4 21
23 176
27 158
22 26
38 17
51 179
32 108
38 112
51 162
49 135
80 33
94 18
24 124
99 66
54 137
64 84
95 172
85 117
86 178
92 52
74 72
81 186
69 125
83 165
36 176
61 45
13 24
30 100
80 139
50 73
18 98
22 107
48 120
36 115
45 96
19 49
83 166
98 112
61 137
22 65
37 72
36 75
27 54
74 192
68 199
46 18
50 25
39 18
21 45
32 65
60 128
19 116
26 126
99 168
23 149
54 15
89 145
36 119
89 120
31 114
60 165
17 128
62 69
12 118
71 177
31 26
82 124
39 111
74 148
68 200
46 159
51 128
26 184
76 189
10 124
