300
10640
63 154
56 158
35 97
78 24
92 150
91 200
54 78
4 75
24 148
29 82
59 86
70 44
53 191
46 141
15 26
97 132
77 65
71 25
24 60
56 18
11 33
87 39
76 126
66 96
98 139
85 174
21 158
17 29
20 180
47 152
64 22
84 44
13 17
24 57
45 165
4 157
25 67
11 64
97 40
88 186
18 130
45 170
24 22
13 122
41 178
6 52
30 157
32 145
58 29
88 54
86 166
49 138
1 114
64 181
91 174
69 71
49 107
79 89
92 95
15 185
46 111
45 79
18 134
44 145
38 26
88 168
39 52
95 81
5 193
7 150
56 124
44 16
52 176
14 100
47 110
29 123
57 185
40 18
85 135
38 168
63 129
62 174
47 133
73 199
8 186
20 199
73 148
100 171
74 156
36 144
62 142
5 91
5 55
46 40
86 99
15 113
17 44
70 124
28 72
27 121
78 106
56 105
97 144
76 65
97 33
64 32
12 73
64 185
77 111
49 51
72 45
56 159
39 131
99 17
16 52
65 37
42 57
52 73
28 97
99 49
12 36
45 137
71 85
44 116
38 39
3 117
96 197
63 29
41 35
99 96
74 129
41 153
31 170
52 66
20 188
9 23
41 47
3 79
1 153
73 92
82 67
92 161
87 43
24 151
13 139
25 147
25 189
5 78
95 46
74 181
71 82
18 113
94 163
23 99
93 183
63 155
54 55
73 178
21 71
33 66
71 19
11 15
62 188
79 129
7 88
93 53
46 162
58 148
71 21
91 61
97 114
31 149
9 132
53 92
56 143
25 57
97 92
42 63
66 47
9 87
24 37
70 51
81 37
59 151
91 32
55 170
2 87
39 56
38 124
42 129
71 162
68 32
12 74
70 181
5 23
36 80
51 172
93 184
29 144
24 192
82 44
53 88
11 197
68 197
28 155
37 75
71 59
68 99
39 71
14 76
50 149
47 45
53 97
69 26
77 48
29 106
83 111
59 151
62 116
96 86
94 30
88 196
92 148
42 108
15 186
16 13
60 165
42 174
76 179
22 167
2 24
17 111
14 21
98 28
42 26
31 200
41 179
91 88
68 53
87 135
80 88
76 178
93 41
85 136
10 13
46 113
15 111
26 133
57 163
77 51
48 84
29 112
1 49
62 133
6 95
30 106
11 158
39 91
80 31
66 44
61 104
66 178
31 145
1 46
8 19
81 181
48 45
74 116
3 148
43 135
17 106
70 186
48 106
69 99
27 175
52 198
76 198
47 27
23 131
46 131
31 86
92 114
83 96
50 166
6 16
89 174
63 132
96 111
56 131
71 41
85 106
46 87
64 65
17 66
12 77
63 169
92 88
73 84
61 130
63 15
