300
10388
17 11
85 164
43 158
21 159
55 45
91 31
100 195
91 75
86 59
20 146
76 176
41 189
21 75
62 187
17 96
50 116
75 167
68 96
86 140
9 103
4 198
49 118
87 28
62 194
20 155
70 163
62 191
95 139
65 150
17 99
84 17
15 126
28 175
44 187
95 178
53 195
20 22
3 159
86 11
41 34
70 13
97 128
36 124
41 57
47 23
53 137
49 136
35 115
11 22
48 134
30 16
58 79
51 70
29 200
30 94
17 129
34 138
44 153
1 137
26 28
1 173
9 184
53 150
14 55
49 161
74 68
6 95
45 156
75 135
73 145
44 112
60 168
74 150
18 181
86 151
90 18
92 22
53 181
81 186
37 18
33 188
84 49
91 57
43 145
13 13
83 124
41 193
22 177
20 181
24 188
35 35
71 82
37 36
79 108
28 190
5 15
7 200
29 148
44 176
85 107
24 192
33 26
27 12
88 87
8 16
43 67
64 106
51 28
30 169
8 147
6 121
78 163
19 147
45 58
60 85
46 199
23 88
63 24
67 40
49 57
3 117
99 47
37 115
58 145
22 113
43 166
24 88
31 135
87 151
56 57
41 50
88 23
80 38
13 84
49 120
30 124
76 11
69 19
22 58
5 49
98 91
29 133
12 144
19 96
32 146
52 156
86 107
48 136
42 63
71 82
19 28
31 50
50 81
89 162
54 55
95 129
5 200
71 49
18 29
58 145
23 111
84 32
6 32
25 114
32 101
21 44
15 34
27 18
4 154
98 105
80 144
54 145
91 120
51 51
45 89
7 95
86 10
23 16
51 35
19 100
80 74
99 43
64 21
84 183
58 152
78 143
19 93
36 49
83 41
11 29
71 50
82 62
26 117
40 178
71 189
66 55
25 71
51 33
83 120
36 130
92 28
35 32
95 86
53 60
81 38
24 175
98 111
49 50
23 113
54 96
77 14
25 20
49 190
2 97
44 102
65 37
72 39
74 39
88 88
75 94
89 103
40 97
87 82
65 149
27 83
92 157
52 33
58 170
82 109
17 63
42 90
55 34
91 120
12 134
60 86
63 173
62 150
22 199
26 83
100 121
29 98
25 103
52 51
67 160
38 27
89 103
24 32
45 127
25 161
92 107
99 152
64 181
94 98
42 97
81 42
92 163
46 172
14 70
50 171
23 182
31 199
5 133
23 110
54 19
7 151
32 118
29 50
36 27
14 124
85 69
80 192
93 104
63 132
26 197
88 60
44 169
9 119
45 190
58 97
10 88
3 87
69 66
56 188
51 121
36 39
4 108
83 165
52 171
97 65
74 60
58 184
80 117
75 114
58 188
30 42
45 153
26 121
47 157
64 13
14 141
