300
10430
82 168
49 81
22 84
89 63
48 99
60 79
76 147
51 83
50 87
34 15
40 164
77 99
45 77
51 52
21 61
13 121
99 138
49 102
19 39
43 198
96 143
67 95
89 167
46 129
1 168
62 122
35 200
82 63
34 82
51 82
12 66
28 192
67 69
93 105
75 146
88 103
99 150
62 141
7 167
85 78
98 26
67 119
16 144
100 65
41 90
21 48
60 109
15 130
78 41
12 19
2 162
11 91
70 181
28 167
48 58
97 164
53 112
21 11
29 157
64 107
44 80
61 135
62 197
39 81
32 177
93 50
58 55
23 58
9 57
95 128
40 121
44 19
10 165
35 185
43 91
81 78
49 83
33 43
28 53
92 35
100 115
84 151
43 106
50 110
91 140
21 12
17 145
66 95
18 39
80 35
29 117
33 99
79 175
87 145
38 71
75 76
69 161
99 27
31 77
99 167
19 91
34 153
1 34
51 86
15 152
33 34
86 82
75 75
43 28
73 105
12 162
26 139
31 197
64 141
60 18
54 158
69 83
75 180
14 67
1 152
82 120
84 90
71 164
81 76
28 191
79 10
26 28
80 160
63 75
46 27
47 133
41 142
96 185
93 158
75 152
27 102
6 76
58 16
64 64
94 132
68 76
54 105
53 187
67 117
37 63
39 81
77 184
12 72
31 110
55 180
35 77
35 40
15 169
17 102
33 86
16 81
47 156
52 173
49 31
45 76
32 99
32 76
9 58
16 54
43 176
98 48
83 78
47 114
17 75
66 171
47 161
7 171
70 95
70 11
54 83
74 134
79 52
25 27
52 62
79 59
88 154
98 77
98 116
7 17
10 130
34 77
82 194
25 186
66 151
2 119
45 126
13 177
93 130
34 56
62 88
72 128
26 97
88 75
79 55
25 67
11 179
71 20
73 80
67 92
65 22
81 41
9 18
77 102
50 198
41 131
16 38
89 33
27 198
78 30
4 64
8 125
36 45
12 12
60 79
62 167
8 20
50 176
58 189
1 46
50 189
38 145
98 67
9 194
34 140
40 109
82 13
23 102
10 11
57 116
87 97
56 152
24 70
14 92
65 49
70 133
21 191
8 55
57 180
79 140
32 161
88 75
27 52
52 22
28 58
26 30
85 96
56 194
44 76
17 114
56 100
57 22
12 108
4 169
93 31
68 141
58 79
20 118
24 182
82 137
38 64
19 12
11 171
60 43
83 30
3 182
2 34
25 84
24 132
68 158
6 173
48 190
26 24
61 144
24 51
75 29
90 101
58 197
79 30
49 33
61 142
10 79
81 160
36 92
31 32
46 130
70 79
51 50
95 95
62 107
26 39
83 64
92 162
32 107
34 67
68 132
