300
10360
14 107
32 88
15 36
27 72
47 165
87 45
4 158
57 194
99 81
48 122
15 31
33 48
52 37
87 189
16 107
36 68
5 33
15 167
69 57
76 182
99 96
55 67
71 152
19 98
28 131
35 46
61 78
98 135
6 181
61 35
83 39
87 148
88 100
49 184
49 11
14 64
26 80
20 62
22 98
95 184
93 61
69 12
49 179
74 168
44 71
32 107
87 200
26 143
48 192
42 108
2 44
70 93
88 51
97 198
43 188
84 96
45 15
66 65
97 67
4 71
56 42
3 182
66 103
93 58
86 38
22 20
25 157
49 57
78 186
93 94
33 51
10 176
9 165
96 35
67 43
65 175
39 93
65 83
26 39
70 184
33 185
96 195
68 84
67 141
41 103
71 163
53 106
19 88
28 89
100 110
28 112
31 148
81 50
99 148
93 22
97 112
83 91
86 195
22 89
9 199
72 95
69 169
30 128
78 62
38 99
23 87
34 71
82 79
35 70
69 92
29 198
96 36
79 141
25 107
54 98
59 108
35 84
19 58
62 95
89 78
35 50
12 55
80 98
18 200
43 81
35 199
94 148
55 31
15 27
18 28
32 130
45 120
51 40
23 95
86 160
99 133
74 86
28 121
61 194
6 96
59 145
46 151
76 28
18 98
99 90
63 161
98 25
63 192
21 27
22 25
42 32
40 175
55 18
22 57
9 116
30 174
24 128
58 173
59 37
35 105
28 169
52 116
22 82
14 91
15 189
26 39
2 169
48 163
50 68
23 84
46 88
90 145
34 106
31 11
65 194
20 88
18 84
8 166
13 44
17 183
84 170
40 176
91 73
18 178
6 47
98 42
99 79
85 138
64 81
52 44
31 153
63 88
56 102
21 162
12 141
41 136
50 193
46 199
80 126
47 79
96 98
20 95
42 58
55 166
83 47
33 26
65 103
61 149
6 171
19 42
32 90
6 29
18 50
84 199
69 146
1 174
50 60
98 190
96 154
9 134
25 126
38 158
27 174
93 38
27 101
24 90
91 156
7 137
62 123
85 141
29 137
72 97
21 14
32 101
50 64
4 93
52 115
89 173
100 157
12 94
51 32
54 109
85 174
8 65
33 135
7 147
60 65
68 31
43 26
21 138
55 97
17 90
72 41
96 175
81 32
98 64
82 130
11 75
52 61
57 186
47 115
28 92
85 100
78 147
20 118
94 149
28 122
64 74
54 130
61 66
57 40
8 36
41 197
12 79
89 185
69 141
87 57
26 136
66 77
85 88
5 190
98 138
26 156
15 156
89 74
19 157
13 35
96 118
35 29
3 37
47 181
35 23
87 64
30 183
64 185
47 109
11 184
7 136
39 188
53 164
