300
11068
94 43
85 40
51 135
53 103
31 150
4 55
53 121
71 141
72 91
41 151
55 153
84 187
96 66
79 122
59 133
63 194
72 115
93 190
42 102
11 49
65 122
71 102
22 24
25 168
62 164
58 28
99 159
45 30
17 91
88 129
43 141
27 88
90 125
96 18
76 57
21 72
85 89
93 16
64 87
85 43
72 160
42 109
22 120
90 71
78 16
92 198
67 182
38 33
26 76
5 200
52 14
76 47
10 145
9 55
70 173
67 67
65 100
21 186
78 195
2 82
1 86
32 23
34 161
18 190
60 26
98 103
69 56
75 33
44 86
3 177
84 95
98 174
33 51
19 80
2 137
90 13
52 104
88 104
12 29
35 186
63 192
63 35
44 15
86 11
11 125
61 92
7 90
41 169
91 151
62 55
72 107
69 142
26 119
67 131
29 122
17 93
69 57
23 150
94 23
95 171
32 151
61 114
36 185
70 57
88 53
67 53
74 122
51 90
91 92
44 116
16 43
56 26
79 185
65 124
33 113
7 112
13 112
28 22
85 60
56 169
75 190
78 124
100 128
9 43
68 156
9 167
61 23
42 160
63 177
34 74
37 121
38 113
73 76
30 55
24 111
12 38
90 159
88 43
43 38
65 89
76 33
61 154
12 69
78 114
82 103
52 142
34 170
59 175
69 85
38 126
18 136
46 139
97 78
1 129
35 13
46 42
4 199
11 106
95 49
32 98
14 169
83 188
50 111
23 174
82 73
25 198
76 177
74 74
43 18
84 111
75 142
60 45
59 106
24 124
71 52
72 94
1 44
33 46
83 122
57 85
84 137
33 29
92 142
35 11
73 110
57 143
1 169
44 143
37 53
82 72
18 162
32 28
91 54
97 78
37 74
29 163
72 123
71 87
15 32
72 99
56 74
72 58
54 143
34 61
61 122
80 113
51 121
61 78
16 118
32 14
77 53
78 54
89 130
86 101
92 116
15 66
72 178
39 199
88 168
1 43
57 89
34 78
54 122
10 71
53 175
87 179
53 31
27 153
95 136
70 133
52 175
27 58
14 91
25 112
69 116
15 185
86 25
44 58
72 159
95 158
23 74
54 53
39 122
51 170
44 165
33 41
60 27
55 125
49 128
13 144
12 164
73 70
18 156
46 14
97 123
97 187
75 180
79 174
37 177
35 145
100 151
8 127
7 80
39 180
87 195
35 144
23 139
51 132
63 69
32 44
19 176
48 173
11 120
88 35
8 156
78 183
59 145
36 184
78 114
32 137
17 166
47 116
73 75
24 82
43 57
59 51
77 147
45 42
90 150
78 94
60 28
96 169
19 28
73 95
52 183
78 144
51 65
4 70
69 157
14 19
