1000
35020
65 27
33 164
47 165
37 80
10 30
4 58
41 152
13 114
17 44
38 135
86 192
53 123
87 69
90 137
66 138
36 107
75 138
62 61
87 121
22 182
63 172
85 195
25 44
41 177
66 55
56 51
32 106
80 152
30 126
1 197
6 140
48 183
96 76
43 159
26 60
89 32
77 81
53 36
10 89
85 96
65 26
75 15
42 108
38 93
2 195
51 24
32 84
9 37
49 124
20 183
67 191
78 134
80 14
42 145
77 67
25 167
69 71
69 23
52 173
10 75
48 36
70 192
67 23
33 141
59 146
63 40
68 133
53 34
27 161
94 124
4 18
64 190
99 37
84 134
6 18
87 118
64 64
92 200
1 27
60 198
90 22
46 136
87 144
7 89
59 95
46 116
92 24
27 78
73 155
9 45
63 97
70 190
43 24
73 61
77 90
67 15
34 54
77 144
21 102
10 123
85 43
53 127
68 165
55 154
27 188
49 42
31 20
37 67
68 110
73 144
51 50
24 110
23 120
62 149
93 148
66 40
50 53
84 112
72 145
76 84
68 36
24 161
71 17
36 59
6 27
38 111
95 191
31 43
96 142
24 53
35 37
8 198
20 35
54 183
24 34
79 171
32 184
79 158
22 192
56 195
57 117
38 108
70 149
98 118
92 50
47 27
17 138
98 110
55 180
36 40
88 125
53 141
62 171
22 172
93 160
16 79
2 51
14 108
47 18
99 49
96 120
82 179
69 197
75 148
97 140
94 55
92 175
33 99
91 135
63 87
80 99
33 86
4 148
71 168
1 150
78 32
8 37
77 109
53 139
2 46
46 127
9 66
66 57
10 120
58 197
94 171
52 83
10 159
11 77
86 169
41 97
28 120
71 49
68 172
23 139
59 30
53 10
28 181
30 181
56 104
12 63
58 29
56 68
98 137
13 186
66 96
24 60
16 106
18 91
92 153
42 78
38 81
100 129
92 73
94 74
4 178
61 84
65 165
99 67
86 177
97 16
10 180
3 156
84 177
78 33
66 23
87 170
85 103
95 112
98 95
11 171
42 14
4 48
96 146
41 26
61 25
56 18
31 46
55 79
100 167
4 11
86 12
96 16
44 136
60 179
37 110
50 43
68 40
5 14
59 132
67 76
91 98
1 82
77 24
45 24
82 169
54 154
86 96
24 176
43 142
26 62
69 152
13 29
59 43
61 22
21 161
75 105
86 88
24 111
13 128
72 90
67 113
2 15
25 144
31 52
89 20
25 23
69 132
67 68
96 37
1 114
3 122
37 95
76 133
61 84
2 47
49 190
63 130
98 73
34 40
75 22
2 147
93 72
6 44
39 26
6 52
83 200
49 154
81 150
75 84
11 66
48 49
66 150
36 86
53 74
86 85
42 75
50 59
61 140
12 169
9 86
59 96
21 38
49 24
41 146
53 195
54 88
36 43
85 128
86 81
83 15
25 50
84 198
40 131
64 151
61 49
67 155
86 178
13 16
51 66
30 36
94 97
19 165
36 119
19 77
61 120
69 63
25 19
90 148
1 60
36 115
52 157
80 87
45 116
98 135
15 149
83 147
75 156
63 181
4 200
46 98
50 181
86 77
4 81
59 16
15 159
25 112
98 23
13 84
12 183
6 176
63 17
22 37
13 150
89 108
43 31
2 34
21 23
35 146
66 100
20 168
49 31
87 102
15 15
60 184
23 195
52 175
66 137
88 18
43 153
75 88
68 182
14 136
39 157
52 167
4 47
45 75
41 44
8 16
31 165
33 117
32 192
13 164
26 99
99 92
68 62
55 86
25 155
6 22
23 75
24 64
20 24
6 149
73 195
2 48
75 144
59 165
32 148
48 34
4 12
74 23
32 186
96 171
16 166
50 43
92 120
74 176
22 90
32 174
6 52
38 87
1 116
36 94
81 126
4 193
37 22
81 76
64 111
31 180
78 31
90 178
40 50
52 197
24 164
11 171
4 92
37 111
86 67
99 43
96 24
68 48
96 146
53 16
51 136
94 192
72 20
5 187
3 91
4 195
26 111
84 147
9 120
7 104
64 197
36 63
57 156
1 153
41 151
26 121
83 36
8 200
18 142
55 167
64 14
42 178
6 90
87 184
21 21
47 170
36 175
25 83
66 94
17 75
17 118
49 69
20 24
70 24
40 59
59 63
38 147
88 22
79 132
92 169
16 87
79 175
13 27
17 47
26 47
48 124
38 102
13 27
35 174
94 133
73 116
53 158
95 12
26 48
79 181
86 56
75 47
57 148
34 79
36 111
79 131
52 131
24 101
52 193
77 133
50 37
59 123
88 143
79 46
22 50
98 116
55 155
52 151
7 31
21 51
30 41
48 79
3 181
19 63
60 55
16 170
62 72
17 26
6 114
45 192
61 117
55 51
5 41
42 200
40 185
11 67
39 19
54 70
31 121
57 19
88 110
5 23
2 185
98 45
49 151
1 39
39 101
26 41
85 164
8 49
91 92
13 60
11 68
28 112
45 55
23 61
51 56
12 32
37 193
16 23
58 100
73 28
82 110
90 68
51 162
91 157
36 109
55 127
37 126
100 142
95 195
53 68
15 22
91 83
82 105
65 164
94 51
63 18
17 31
44 198
31 83
82 182
43 89
55 53
32 80
91 29
25 172
26 37
1 171
8 71
100 12
5 13
55 53
43 57
68 80
42 59
33 11
85 101
86 85
69 163
34 56
63 101
67 185
2 160
53 99
5 72
3 24
46 172
14 140
31 41
12 188
90 22
43 126
35 130
97 32
78 192
61 107
90 40
23 77
49 171
42 48
32 141
16 176
88 150
46 181
7 52
44 33
70 170
81 129
7 123
94 175
48 66
68 152
82 30
83 60
15 162
25 194
4 192
26 181
68 100
93 29
19 151
19 199
22 19
42 43
83 62
27 82
22 32
68 71
28 75
42 140
91 93
33 26
28 69
96 101
62 30
4 70
15 97
97 166
48 40
86 196
8 27
16 135
91 26
66 66
88 45
44 33
20 192
32 194
63 104
77 114
88 26
9 165
70 38
57 97
88 110
29 95
5 106
99 76
1 107
37 21
12 183
24 75
92 63
96 64
43 124
71 45
70 52
83 132
46 184
26 22
4 143
68 116
79 165
71 23
30 130
30 80
9 50
90 150
90 196
56 22
31 100
97 92
4 11
36 151
40 101
72 161
38 135
15 166
79 142
43 73
3 108
14 44
30 24
88 171
17 95
73 63
46 15
5 178
76 131
91 41
67 53
12 160
87 104
66 21
51 194
78 90
85 190
44 171
16 107
11 118
83 145
75 77
9 25
3 109
94 92
91 167
28 60
80 39
45 199
73 72
46 28
58 170
3 179
78 28
52 124
98 95
64 85
18 40
71 38
20 81
64 196
93 85
17 30
16 61
60 131
57 118
21 192
21 149
50 11
5 90
87 100
67 133
20 91
19 192
57 158
86 78
80 127
93 148
15 112
18 14
63 119
19 102
95 64
32 177
14 151
32 47
60 125
48 26
100 171
4 160
88 162
54 199
65 149
36 84
16 196
2 91
13 195
97 24
98 92
30 133
97 84
80 54
93 198
44 39
82 76
36 169
25 38
28 66
15 69
56 159
41 24
34 35
7 68
16 91
74 164
95 111
51 165
30 27
94 137
86 130
22 195
57 53
89 125
44 103
6 74
2 71
95 172
77 76
8 28
87 44
78 121
100 132
8 33
92 153
16 39
32 56
28 96
98 167
4 19
47 198
95 99
99 51
96 189
93 129
50 112
2 54
26 34
89 156
27 194
15 36
37 40
46 73
41 162
20 89
11 148
30 33
87 105
83 70
57 107
71 23
42 120
68 28
43 141
25 92
32 169
23 186
88 59
27 44
47 102
16 187
11 189
63 40
98 42
85 116
42 54
11 91
59 183
47 113
54 162
74 102
72 190
93 51
10 168
19 110
92 175
38 21
77 167
85 22
81 150
81 104
62 181
27 120
38 87
34 176
85 187
60 140
68 35
51 113
54 192
62 131
28 57
94 175
93 107
92 120
49 169
88 82
61 34
14 186
45 96
31 92
3 179
48 169
80 80
25 144
4 127
39 127
67 37
67 167
64 74
74 11
60 50
37 77
31 149
27 35
62 151
75 173
56 93
8 186
68 53
3 183
61 153
54 66
58 42
100 173
54 114
65 72
4 134
79 51
22 33
26 174
41 191
49 100
72 136
98 158
72 11
52 159
30 152
2 65
78 45
10 155
94 188
32 16
43 163
80 63
81 90
37 155
67 178
48 98
40 121
34 152
74 166
42 142
77 142
85 145
45 18
64 139
15 17
74 62
64 60
41 159
81 122
73 104
7 108
37 39
54 104
76 180
96 62
35 184
94 25
5 196
40 115
80 189
54 61
71 151
76 92
6 90
86 53
77 18
54 102
60 34
50 115
1 53
70 51
72 29
25 72
8 78
63 28
100 190
89 115
35 169
18 149
5 91
99 107
19 199
59 99
34 92
93 24
96 93
45 197
27 129
3 137
