1000
34941
57 16
46 105
42 134
98 133
62 186
59 153
75 94
64 151
15 146
4 164
56 130
13 185
64 24
74 25
24 130
93 137
4 107
26 86
68 148
85 128
98 116
71 159
81 52
53 67
9 139
40 187
61 22
80 97
65 121
35 199
53 168
61 97
37 27
68 76
35 199
89 21
66 92
19 64
36 72
1 29
11 31
59 171
18 198
75 33
32 66
31 115
76 132
93 33
39 87
71 144
5 149
73 119
44 79
89 63
88 50
20 101
100 134
55 18
44 178
47 41
32 123
23 28
54 108
11 147
34 22
74 169
47 86
55 48
23 165
64 88
9 11
48 29
34 26
71 145
92 117
80 56
96 41
37 80
75 65
64 182
79 160
66 104
49 12
15 186
27 187
71 142
5 99
53 126
55 165
39 94
50 107
20 68
59 66
69 191
44 191
82 30
55 171
30 121
71 38
96 90
23 132
13 69
31 41
9 16
44 193
73 146
13 55
20 174
94 77
1 12
88 191
22 179
42 90
39 177
93 49
62 121
53 58
27 183
67 118
71 134
60 130
47 97
75 20
64 70
2 37
67 175
61 133
46 178
88 86
82 36
14 79
51 54
41 28
23 198
1 96
21 137
20 159
21 81
88 167
16 152
6 96
30 160
75 69
88 169
61 199
52 46
38 152
78 127
33 133
54 174
71 30
19 59
69 66
54 81
46 39
35 144
90 83
7 141
8 41
58 64
2 164
50 88
15 62
31 30
3 144
67 124
13 183
18 104
88 131
66 149
39 121
24 98
48 200
100 15
59 30
31 79
45 158
59 32
70 155
28 137
3 22
81 122
72 144
91 126
94 142
87 79
25 40
48 69
80 136
93 124
74 86
71 42
63 109
38 92
84 138
59 113
71 54
47 30
14 115
17 39
76 60
51 173
78 20
70 58
89 146
36 111
11 19
43 63
59 114
79 14
66 38
88 137
80 132
37 97
3 60
81 103
22 132
85 126
48 117
74 161
38 180
1 45
88 44
64 179
88 183
82 69
71 137
49 78
57 180
17 39
83 69
35 40
88 181
35 137
5 27
100 33
95 11
30 59
62 18
32 17
36 144
2 118
20 194
86 145
32 108
44 137
19 107
67 128
52 68
87 154
86 131
55 78
46 87
49 156
94 27
4 99
11 13
10 99
56 133
4 55
60 156
48 48
45 34
32 171
11 76
37 190
32 36
59 53
97 144
77 61
45 128
45 118
9 146
21 113
4 200
57 61
77 181
40 15
69 148
2 58
65 193
40 114
28 83
46 155
34 63
99 189
56 111
29 195
81 131
39 26
70 108
40 115
25 105
4 180
95 82
68 120
41 74
13 129
29 161
3 101
84 20
39 184
60 131
12 56
74 149
78 194
41 132
33 127
11 75
19 189
89 155
54 200
9 190
30 152
94 143
81 113
30 11
86 91
81 22
53 43
84 109
87 174
30 45
35 82
36 54
54 143
64 102
99 52
34 31
50 74
1 122
24 89
22 199
32 64
58 57
15 48
71 108
51 95
12 200
55 101
58 79
4 134
21 72
45 179
19 173
50 64
71 157
73 106
49 72
60 30
68 197
4 92
90 195
13 195
13 66
99 170
24 157
98 160
96 162
89 169
88 59
90 43
80 18
4 66
1 127
39 181
59 26
91 165
91 122
52 159
86 56
7 200
39 47
39 158
63 101
40 153
55 18
78 143
72 158
23 99
94 82
72 81
89 32
78 171
23 119
89 62
43 48
82 130
4 20
27 40
56 156
49 133
41 163
74 156
56 195
100 105
95 189
50 134
86 146
43 105
15 129
57 158
73 52
80 175
81 177
8 20
35 85
38 153
67 70
89 155
20 158
67 58
89 20
65 137
90 191
25 134
60 60
86 167
11 48
88 165
40 162
5 13
67 67
2 53
3 119
21 109
17 197
46 28
64 178
22 198
36 75
94 147
71 33
60 85
4 66
57 163
31 115
81 73
72 80
10 59
87 180
91 88
65 182
44 186
32 130
8 69
14 181
57 173
49 119
90 116
16 11
30 183
30 98
75 91
62 89
76 200
6 152
18 45
29 69
83 154
67 113
69 81
63 154
53 61
17 64
52 18
36 102
23 45
15 15
80 167
51 30
41 181
44 132
85 183
13 155
88 61
81 129
39 119
53 184
80 39
61 42
46 62
28 108
2 39
19 90
89 37
69 32
11 179
84 150
48 132
29 176
16 168
11 135
75 194
92 109
13 155
50 47
24 55
80 157
6 11
8 125
78 132
30 49
13 184
100 110
45 57
88 30
44 113
55 191
45 198
26 66
54 19
55 132
25 179
89 149
78 24
36 85
68 163
17 113
7 74
75 56
34 184
53 105
92 149
11 83
29 116
61 96
71 96
43 49
95 85
56 156
33 15
32 29
16 107
18 189
8 148
24 74
36 165
22 159
13 98
67 56
62 184
80 159
75 62
80 110
9 175
18 18
36 65
56 37
83 57
73 76
80 98
47 130
13 101
79 116
9 111
92 61
94 159
82 64
75 48
1 124
69 194
75 107
20 53
88 48
43 166
76 58
29 158
75 132
42 68
61 172
19 93
81 111
98 78
15 175
83 87
94 119
14 195
65 142
8 115
89 85
58 46
93 75
62 117
53 103
32 160
4 140
39 173
2 109
88 115
32 134
91 159
47 100
6 155
38 129
83 99
96 196
94 168
29 19
58 129
19 13
29 177
1 18
1 24
92 22
87 20
37 78
97 161
11 64
26 53
68 107
52 21
88 15
8 27
10 83
4 157
9 104
72 21
40 173
92 194
58 101
3 150
64 59
5 87
28 188
37 121
69 129
71 89
79 147
76 49
19 137
30 57
71 106
30 118
51 88
32 180
30 100
61 155
32 54
72 140
72 143
71 38
50 177
52 200
91 110
89 61
39 107
24 22
96 100
95 70
38 141
89 37
14 83
38 31
47 80
37 97
53 97
80 15
70 120
33 150
55 11
92 159
66 141
37 135
60 72
54 193
18 57
59 73
96 31
54 168
70 142
83 128
43 86
3 51
36 196
41 78
81 129
87 65
10 71
69 94
87 160
15 137
38 194
72 66
53 80
67 121
32 96
92 113
52 117
4 131
98 183
1 103
67 200
83 109
72 182
52 145
17 172
19 23
15 64
75 197
11 141
24 17
27 104
32 26
36 166
23 123
92 60
52 194
73 63
17 126
23 131
3 84
2 178
96 172
38 92
32 166
8 143
21 118
37 47
30 154
56 146
1 45
72 113
1 173
30 196
1 168
36 127
83 46
95 167
16 114
100 20
6 26
5 40
7 135
42 109
84 90
56 151
18 28
96 50
89 162
25 169
60 93
36 76
23 121
83 37
76 12
95 172
62 149
4 63
8 150
63 133
59 47
8 100
95 75
100 54
92 11
7 50
95 12
100 31
53 42
3 164
91 19
36 127
36 58
15 164
90 150
89 128
21 186
70 29
26 93
24 64
31 113
79 100
21 176
68 126
100 176
100 10
13 150
48 66
42 10
26 83
44 190
34 143
58 151
1 181
64 101
33 48
25 71
8 192
41 20
18 101
96 116
76 186
56 184
75 94
41 102
22 136
11 145
80 136
31 66
7 11
31 138
74 39
48 81
20 177
4 65
34 41
41 95
76 58
55 76
65 139
41 46
12 141
21 87
56 161
22 20
31 48
99 157
47 194
29 163
15 164
78 127
53 117
87 192
65 159
23 25
69 122
65 81
2 25
86 48
91 177
9 57
78 200
77 190
3 49
57 15
65 43
24 192
100 17
78 73
42 134
44 95
17 118
48 71
75 98
94 40
11 171
33 178
85 135
82 118
48 96
27 151
32 55
80 66
96 60
97 148
50 153
65 58
8 36
6 129
14 134
61 26
12 91
98 91
22 126
8 95
94 60
93 28
72 35
40 184
67 83
86 22
15 156
29 138
77 51
28 193
41 35
91 152
68 97
59 114
48 152
86 195
97 80
66 136
58 88
52 34
12 16
64 73
83 80
98 63
78 169
39 159
97 66
85 164
26 51
43 111
81 34
36 135
50 116
9 120
82 121
6 33
80 134
20 140
96 20
22 157
41 171
98 126
24 194
56 40
24 81
67 150
38 117
8 141
67 159
83 103
89 54
45 73
8 134
1 188
51 28
97 174
47 15
55 50
8 133
8 192
7 10
75 149
89 127
30 162
11 194
96 140
78 29
58 168
59 190
79 184
5 49
67 174
77 51
40 72
13 30
7 15
63 44
77 106
67 98
21 36
23 10
91 196
42 142
4 73
28 53
17 46
68 61
23 90
77 169
29 77
75 138
14 22
50 141
17 67
4 48
34 117
93 105
40 175
73 191
18 48
53 141
99 131
30 154
35 194
100 88
24 115
94 166
27 24
51 57
28 119
21 197
51 163
27 140
87 81
4 83
38 12
78 99
76 80
89 68
88 64
59 115
15 48
78 114
65 143
18 182
23 110
44 126
8 30
59 16
86 41
22 61
26 46
32 105
64 120
