1000
36115
58 181
41 49
82 78
21 88
33 196
66 62
2 124
44 104
25 31
5 28
49 53
44 60
78 156
80 121
39 26
89 28
3 148
55 60
66 48
55 124
68 81
81 83
65 119
39 171
17 82
51 93
19 192
45 49
57 196
86 95
51 104
48 192
56 143
46 132
52 117
53 196
25 81
52 76
88 177
95 56
58 95
62 111
34 36
57 20
4 123
99 16
21 55
49 172
7 146
20 83
18 134
45 187
77 193
65 189
45 132
74 106
60 93
83 84
60 30
54 104
89 140
12 164
4 126
89 166
17 153
46 184
17 95
49 25
70 195
80 158
74 174
50 97
10 20
69 14
68 148
66 189
96 61
50 74
31 41
16 36
64 158
57 86
1 101
58 173
21 37
76 44
13 159
13 149
68 39
27 90
73 91
6 133
48 171
95 33
46 50
12 14
53 125
7 18
38 154
81 171
45 141
16 118
92 52
83 180
56 94
61 155
90 150
82 175
97 129
59 49
23 100
97 177
40 22
49 162
78 91
76 74
65 170
91 185
44 34
80 102
76 166
46 59
75 137
20 100
5 21
68 27
18 60
38 139
19 39
86 197
20 132
36 133
37 199
2 160
60 16
19 83
32 177
9 49
70 138
71 117
90 36
95 102
4 163
76 196
31 106
29 82
12 34
71 133
63 158
15 78
63 165
47 21
79 19
41 142
32 103
35 117
62 191
4 65
36 18
54 15
25 163
35 47
55 198
43 18
22 147
48 23
32 63
10 45
72 176
6 104
74 95
66 69
14 15
43 100
6 135
72 102
43 119
51 103
55 36
99 182
88 182
40 59
44 31
71 25
43 186
98 129
82 157
91 130
22 188
51 37
26 114
32 61
66 174
31 108
65 19
44 186
64 33
49 83
64 128
39 119
78 180
77 28
49 66
13 183
88 133
7 108
92 99
21 199
78 71
75 102
73 33
30 181
1 28
29 67
49 167
65 138
27 64
63 72
82 40
32 34
86 49
97 29
90 53
77 113
85 46
26 59
90 66
74 195
40 44
35 18
11 86
45 134
5 69
11 150
32 192
39 186
68 30
31 159
76 190
89 59
63 135
91 97
79 79
92 31
33 26
17 149
83 183
84 190
37 77
35 11
85 169
38 31
63 11
61 26
96 187
94 51
56 33
27 112
86 105
73 70
89 40
33 189
48 185
75 96
81 133
23 115
88 23
41 46
32 37
58 78
81 127
99 36
96 176
51 50
6 101
50 20
98 131
48 51
75 83
37 141
6 115
93 123
33 119
82 78
24 27
98 42
88 26
92 87
90 125
3 180
59 33
26 100
85 92
66 21
12 189
62 62
44 12
42 106
70 176
10 109
82 53
96 116
10 140
94 142
13 89
43 101
96 89
97 162
34 196
32 10
88 96
31 74
95 127
39 153
85 18
4 151
60 105
46 114
30 45
93 148
74 125
7 34
16 181
22 108
42 110
74 54
75 97
29 56
10 170
13 18
3 29
65 149
76 193
24 104
50 26
18 127
89 188
79 87
18 138
88 157
58 107
21 60
53 180
34 44
21 184
75 42
60 76
23 164
84 114
83 145
63 94
90 76
26 154
36 88
49 145
38 105
34 91
51 39
38 142
11 40
60 170
41 10
96 43
29 171
84 138
17 180
97 166
25 173
58 111
8 61
8 159
81 166
63 145
21 157
19 143
65 163
10 20
96 35
16 165
63 142
44 20
17 176
1 159
8 54
83 62
5 127
32 138
58 36
45 39
22 129
49 83
11 121
58 52
44 158
78 121
18 126
69 70
94 38
9 110
13 109
60 72
64 94
39 16
12 108
21 74
22 150
46 194
5 167
75 145
13 59
43 15
10 46
70 176
99 144
40 14
5 137
6 30
56 187
58 106
99 152
45 119
32 20
52 62
77 41
93 40
40 150
57 122
57 53
92 118
99 137
79 68
80 16
11 46
25 131
12 102
100 143
25 175
55 191
4 15
42 165
19 149
5 117
91 40
90 37
39 126
61 54
97 68
92 19
16 72
79 143
89 38
83 84
91 91
67 53
54 178
3 52
39 105
58 175
10 36
27 74
48 53
93 88
42 161
11 105
3 166
10 79
70 39
63 63
50 40
74 46
9 172
32 114
62 98
85 152
12 98
78 20
72 133
79 21
77 172
78 177
54 163
72 110
37 121
13 72
50 140
1 65
20 110
53 120
50 151
71 145
86 14
27 59
12 163
86 149
94 104
83 84
21 194
90 134
43 112
71 64
41 87
62 162
82 136
90 91
94 78
2 147
39 31
25 189
49 78
60 162
59 171
42 19
63 26
18 129
66 197
95 144
47 22
59 16
94 119
21 134
73 56
59 103
48 65
73 101
31 90
88 90
49 77
99 87
94 14
33 17
15 67
21 46
25 70
63 128
27 171
4 49
55 162
60 84
81 51
14 94
57 129
57 155
10 139
26 78
99 119
86 87
27 15
65 92
44 174
18 79
46 190
100 157
89 140
89 117
33 189
12 87
21 184
78 19
12 119
47 130
63 152
70 158
14 68
32 90
46 114
37 26
45 23
74 189
34 46
69 144
46 36
41 52
52 124
4 183
24 85
60 65
65 183
63 73
5 115
58 90
34 13
20 27
39 184
89 157
79 161
30 17
35 166
63 74
5 52
12 108
82 143
85 191
82 71
82 72
30 165
73 48
32 83
48 128
60 141
77 49
100 71
14 188
93 200
17 112
59 135
83 15
86 82
5 14
67 129
7 16
4 78
89 194
74 87
21 183
22 22
16 170
12 68
83 148
16 162
90 146
63 199
43 174
78 188
43 134
32 129
21 21
55 192
9 119
76 141
62 58
80 79
59 116
53 187
55 49
98 109
5 33
86 140
8 48
61 67
23 143
2 23
22 128
49 79
67 93
25 87
59 136
57 128
94 116
64 43
45 62
45 46
89 125
18 100
76 80
90 150
66 81
77 154
48 55
55 107
78 147
54 21
86 109
78 194
45 49
3 116
45 65
60 16
66 69
71 117
40 99
8 74
77 194
66 115
68 71
16 186
30 51
34 146
48 171
58 178
97 62
55 19
93 122
54 91
11 93
37 126
38 169
55 126
63 48
29 166
100 56
56 168
84 107
58 67
18 118
2 145
80 15
73 131
85 133
18 160
47 84
46 184
25 160
18 127
45 145
88 148
84 66
88 98
10 173
31 86
94 79
63 21
61 140
16 198
90 103
27 193
100 10
68 93
85 43
58 51
96 27
47 190
82 21
64 30
30 66
60 24
38 115
5 111
98 149
24 167
89 142
4 104
84 49
34 26
58 54
77 181
74 32
85 59
44 154
28 70
13 109
53 49
47 111
30 56
10 129
80 87
25 131
11 96
62 141
90 144
21 52
60 137
86 109
56 118
83 195
6 172
58 193
1 173
4 60
4 150
4 71
13 129
84 78
10 32
28 20
67 90
68 88
57 114
44 185
54 153
35 71
94 170
37 133
94 35
61 72
55 138
12 49
94 71
71 137
46 44
61 194
97 146
54 161
47 33
48 77
99 195
15 116
97 126
29 56
100 30
93 11
62 179
95 170
66 44
34 172
95 182
7 157
29 153
34 44
29 147
67 185
76 172
61 121
58 157
5 180
83 51
95 185
18 59
53 33
64 162
69 129
35 144
31 34
4 104
67 13
7 126
46 13
2 18
81 182
33 193
17 58
91 145
50 148
93 188
97 63
82 85
84 146
97 146
99 29
23 32
19 121
100 168
7 154
48 143
74 199
66 168
27 66
77 126
30 82
55 77
37 54
17 137
38 129
21 162
24 62
76 34
22 181
34 26
81 180
77 71
67 27
6 149
39 69
90 137
77 85
1 128
27 165
64 62
37 28
94 111
45 71
67 163
39 15
78 53
27 191
49 113
21 188
18 121
85 145
94 180
13 148
48 149
20 83
93 105
12 150
3 126
75 119
89 85
84 32
50 160
94 187
39 58
55 182
47 104
99 196
75 14
34 130
29 26
89 58
67 107
46 67
64 60
72 28
10 117
47 154
63 40
58 35
18 138
31 26
69 112
48 100
56 127
27 39
50 178
55 111
57 165
95 44
67 24
92 148
3 132
71 35
58 160
5 122
53 153
66 162
94 64
62 78
5 18
73 123
51 161
81 155
80 70
41 115
94 162
53 124
79 31
44 107
57 197
96 126
65 116
9 10
60 106
5 76
65 33
82 117
29 108
72 14
45 114
53 146
54 125
82 144
75 182
31 99
18 166
67 191
8 191
29 40
80 123
57 134
54 136
97 28
70 130
41 161
25 110
74 22
96 65
84 175
42 180
23 103
4 122
21 27
6 58
76 200
73 50
29 140
6 126
40 65
36 70
82 53
26 156
16 68
36 196
83 156
86 61
39 65
51 79
50 34
11 55
65 150
54 124
96 195
73 40
36 11
58 75
8 69
89 187
89 65
59 144
91 91
7 21
27 111
56 32
46 154
21 20
13 47
10 38
60 173
69 91
56 34
99 194
98 73
