1000
34668
64 54
5 38
55 164
68 72
52 72
24 106
97 81
91 158
54 98
39 90
64 84
38 79
11 23
86 132
12 115
27 72
88 182
49 164
61 18
15 124
73 141
58 160
93 60
48 190
40 64
93 167
69 108
93 140
65 50
57 56
41 66
46 74
63 17
29 11
60 44
20 137
98 59
45 129
82 80
65 11
84 147
4 147
93 14
17 81
52 116
73 56
51 132
26 125
9 191
47 81
22 80
36 126
46 141
33 199
73 36
38 183
2 121
30 48
41 25
60 151
88 101
33 102
34 79
95 118
2 53
10 159
11 198
81 27
65 143
93 96
57 126
43 150
97 72
94 16
60 146
46 57
34 196
40 109
56 133
54 53
79 102
70 93
69 60
23 59
4 34
22 177
14 169
58 186
35 137
3 122
75 192
34 49
29 76
7 113
99 176
99 94
54 105
88 86
56 124
76 167
59 177
11 43
42 135
41 72
63 172
8 115
85 198
99 187
9 35
68 124
21 12
21 79
1 59
52 12
68 32
36 193
45 96
60 127
28 67
23 131
17 26
59 147
84 144
90 183
97 172
44 127
15 23
45 106
43 76
29 152
19 181
23 76
51 108
62 44
43 73
55 137
66 122
99 110
50 59
13 94
80 191
12 143
90 34
64 175
20 68
70 10
10 92
65 16
12 184
18 104
80 89
78 12
52 158
53 150
60 17
88 64
47 125
32 63
40 101
93 148
56 68
43 74
39 156
86 99
68 158
40 150
11 87
43 119
60 39
63 162
68 131
23 157
22 143
79 110
48 67
25 110
6 162
26 116
20 182
42 75
43 32
72 46
1 65
50 89
86 58
7 81
10 51
73 182
58 136
30 119
66 101
11 80
99 103
24 73
35 166
51 125
4 91
1 163
24 95
45 113
41 71
69 120
80 189
14 197
24 106
50 14
36 188
39 130
64 57
46 133
87 161
79 57
45 170
96 61
42 152
25 194
44 24
95 76
19 147
93 43
45 136
47 66
90 31
34 42
59 83
12 150
99 80
19 75
53 62
19 52
93 197
17 142
56 33
100 107
85 17
4 121
55 27
13 58
86 198
61 142
67 174
11 186
12 113
25 157
94 29
83 188
35 30
49 24
100 117
55 16
33 42
36 75
84 41
41 125
21 45
47 142
9 173
91 178
16 138
37 56
79 174
69 23
98 176
2 196
27 43
30 188
79 78
46 35
63 160
27 133
88 139
7 107
16 56
10 168
94 123
59 13
60 97
90 16
94 46
57 75
64 159
21 80
70 103
3 151
72 70
44 160
4 118
92 12
25 95
2 38
99 89
39 179
97 87
29 65
40 192
15 129
6 62
20 88
36 140
61 29
90 154
10 84
79 92
29 86
25 56
18 187
33 114
93 176
57 118
4 70
31 120
23 119
97 150
85 10
57 75
98 62
4 140
14 82
69 159
2 122
33 179
81 189
65 92
28 45
87 192
20 117
30 188
60 176
50 57
39 115
2 49
90 200
13 106
51 42
54 24
9 151
25 42
3 110
55 100
17 182
16 200
40 191
6 33
39 40
54 169
80 152
89 160
47 38
85 86
8 92
10 168
63 87
82 178
30 184
17 140
69 184
31 174
54 98
92 108
66 182
26 16
13 11
17 168
80 149
19 130
53 24
6 66
77 151
6 37
49 101
75 112
54 115
86 63
58 57
91 148
15 132
48 129
92 43
15 46
40 175
55 111
85 33
86 57
89 85
40 38
8 91
70 107
17 111
79 91
24 164
98 161
57 23
41 13
95 160
67 141
81 51
92 166
87 165
91 72
63 97
69 159
14 76
65 173
50 116
61 56
5 143
70 73
8 113
39 153
94 125
52 88
97 99
48 140
31 115
48 99
39 20
15 137
41 66
87 26
60 53
28 176
4 70
22 179
36 76
89 134
67 157
57 193
83 56
35 26
89 36
15 187
60 20
15 25
7 143
70 128
84 131
25 113
91 49
57 50
75 96
52 39
5 47
14 49
66 16
72 181
7 163
87 79
44 79
1 57
71 154
46 44
3 53
42 105
84 98
27 168
4 15
34 57
57 110
3 184
68 123
13 61
68 114
50 113
29 77
51 121
93 148
28 87
5 86
29 101
76 127
39 96
43 81
15 118
75 85
78 183
35 83
16 156
29 63
13 25
70 183
51 62
17 138
38 31
54 72
87 36
26 129
70 145
97 143
10 32
90 66
63 42
91 87
21 162
45 55
71 161
11 117
25 159
17 28
32 168
94 112
92 24
94 91
50 149
23 63
26 47
96 124
68 76
75 31
78 161
64 59
56 32
97 65
75 152
67 16
74 200
61 146
90 165
46 97
36 19
52 95
51 178
59 74
80 66
86 157
77 136
15 63
18 36
77 75
87 155
66 18
2 82
46 57
23 78
95 171
64 73
25 195
41 147
36 20
66 12
14 163
27 13
58 145
91 135
32 157
57 118
96 135
38 50
50 13
29 145
20 109
92 97
93 66
41 21
22 91
58 117
92 131
42 139
37 20
90 175
1 15
70 31
37 148
97 109
90 184
73 191
15 12
14 88
19 37
94 102
100 11
48 97
20 109
76 182
87 79
92 32
37 43
6 19
5 45
43 40
6 124
48 71
18 41
74 106
51 191
95 189
26 134
59 199
15 176
61 196
47 196
53 57
51 49
100 25
52 163
36 22
17 12
10 171
70 107
41 102
5 148
30 196
13 37
40 11
29 115
95 95
29 18
5 11
92 11
24 148
89 64
31 50
70 29
87 185
57 133
92 175
1 146
59 132
52 97
25 137
2 139
35 154
93 87
84 17
13 90
31 195
77 72
63 155
46 70
16 102
76 36
57 52
22 98
79 111
30 54
14 131
78 85
39 114
70 49
50 197
75 179
8 73
27 35
87 193
60 63
51 47
87 111
63 143
26 149
40 98
89 183
28 60
51 41
11 64
2 173
30 33
35 58
4 161
80 161
14 43
9 67
12 25
91 176
47 94
71 155
38 69
75 16
86 42
81 10
1 131
24 158
50 41
73 40
64 35
96 36
81 144
24 13
94 58
93 68
69 67
5 91
57 101
32 58
43 171
37 56
1 33
64 92
100 110
100 116
31 44
11 107
31 155
64 171
13 38
87 43
86 84
64 151
93 109
93 100
61 139
14 60
99 113
87 49
80 154
12 165
60 91
16 187
33 42
14 133
30 151
31 59
38 196
32 51
22 83
3 142
44 185
70 147
28 133
50 110
78 114
18 198
2 112
1 50
90 59
28 34
96 72
43 98
84 51
10 124
56 171
43 17
91 40
40 152
77 128
11 164
41 163
18 128
94 68
16 113
8 103
79 104
75 68
83 130
53 46
52 98
38 116
96 91
30 144
73 137
93 160
43 151
62 62
53 156
23 92
97 179
49 60
42 167
1 97
63 176
54 160
7 43
29 51
2 96
59 96
46 141
40 34
4 67
66 71
1 110
93 149
19 187
33 95
96 142
3 64
38 193
86 190
27 144
30 94
57 186
72 144
91 20
65 15
8 33
24 54
61 150
71 58
8 176
36 30
56 111
60 173
24 59
14 137
78 163
98 149
5 120
91 89
13 55
6 168
58 132
45 126
61 65
33 156
68 138
35 190
17 51
38 132
1 150
51 91
24 23
99 30
72 102
85 101
16 121
8 131
77 117
7 80
67 117
83 36
89 53
46 191
40 92
43 182
41 100
98 80
15 78
48 179
97 122
92 74
11 189
89 178
98 27
72 164
21 88
84 35
58 191
12 152
40 48
65 32
21 64
90 177
34 17
96 28
97 199
28 144
47 165
13 45
59 107
30 55
60 73
58 27
45 69
77 38
20 56
33 171
62 170
7 184
63 132
98 19
29 76
4 124
12 99
6 192
54 109
28 150
87 54
87 197
7 156
22 95
10 102
65 146
51 177
81 154
4 78
28 112
100 196
25 97
65 113
78 64
85 183
32 94
9 61
98 85
56 131
78 173
43 80
27 172
90 186
77 113
16 183
74 43
57 33
97 125
34 131
4 125
70 199
76 195
31 79
44 182
47 89
2 147
44 85
81 77
29 32
68 32
9 61
85 93
36 182
17 156
43 85
93 123
63 84
35 78
16 157
63 66
32 196
34 178
57 77
57 69
25 111
76 155
50 152
93 154
84 95
75 191
12 125
22 179
20 119
93 41
99 70
44 56
36 52
10 159
78 170
1 162
85 121
20 52
36 193
91 72
44 140
31 84
76 146
62 17
73 148
32 22
79 142
58 173
94 142
67 159
30 109
48 91
35 196
19 122
70 34
83 19
17 69
11 169
87 87
66 56
64 86
16 129
45 88
8 124
7 107
90 36
42 120
75 176
71 143
12 101
4 63
86 23
71 100
78 179
31 131
47 75
76 104
99 116
96 171
38 37
73 78
65 57
79 191
83 198
45 119
20 25
90 155
18 113
51 117
13 150
25 134
19 125
24 200
22 36
88 181
61 125
24 164
64 115
60 158
47 174
20 174
36 110
97 141
