1000
34733
96 71
73 115
89 140
51 28
76 103
6 16
18 180
78 87
64 85
61 21
68 17
61 67
46 105
40 180
9 133
67 85
67 68
56 54
33 200
55 81
79 112
85 179
5 42
39 57
98 12
36 152
28 57
82 150
22 16
82 141
67 122
48 88
5 16
45 177
64 56
45 178
5 88
73 22
34 37
81 138
84 11
19 152
7 118
80 40
25 176
28 91
25 165
2 175
77 41
11 150
63 146
12 80
9 34
20 12
57 153
46 63
76 17
79 136
56 68
35 197
48 192
30 156
48 40
20 103
76 180
77 110
82 50
25 45
78 148
20 102
47 150
28 52
23 154
38 195
7 20
84 32
34 89
8 180
28 158
19 78
31 13
58 145
48 26
69 191
19 139
15 119
38 120
59 73
88 199
14 109
34 100
58 144
48 192
91 19
68 143
42 84
74 179
68 151
56 87
47 191
76 169
30 74
19 63
6 121
40 29
53 36
41 117
97 161
2 196
17 171
49 96
14 88
35 155
38 148
13 184
65 157
23 86
94 91
42 101
26 92
94 190
6 187
24 171
84 118
76 198
25 178
34 63
64 82
90 14
13 11
74 29
81 142
82 84
85 72
80 81
36 107
42 11
96 162
45 16
56 107
99 160
21 41
53 93
98 51
27 173
55 39
24 27
42 62
23 38
56 121
1 11
41 49
19 43
29 118
84 137
38 22
25 184
29 166
20 19
51 145
80 149
26 184
55 129
74 148
83 76
93 127
95 79
74 117
57 133
100 73
6 42
50 66
65 172
15 126
38 28
78 24
71 77
73 121
97 171
71 100
70 21
52 120
14 165
2 27
87 105
37 101
7 181
42 21
22 110
100 158
32 186
30 128
22 104
97 58
28 51
32 111
90 63
27 159
61 79
34 186
18 82
40 173
71 128
93 30
70 116
45 130
67 177
67 10
79 42
28 120
47 49
98 12
49 110
95 33
4 63
3 163
68 175
63 130
3 198
46 148
46 159
25 107
1 109
60 128
100 160
71 79
32 35
35 101
90 187
97 31
26 106
46 104
78 193
88 78
85 88
9 72
87 115
66 97
16 181
20 128
60 128
71 134
50 152
21 97
94 77
91 190
4 91
53 13
62 48
41 136
93 190
82 123
71 67
90 64
91 86
28 10
16 51
46 146
55 10
75 149
21 15
44 27
33 98
27 55
55 199
2 39
50 122
57 106
8 176
8 84
48 152
86 75
91 46
34 99
38 116
89 174
21 51
95 195
62 13
6 78
96 102
54 193
33 123
45 194
36 33
22 171
41 100
69 129
20 183
11 161
76 94
11 92
72 79
57 40
92 50
90 151
96 139
31 106
12 41
70 73
67 68
84 82
19 121
98 147
11 118
22 73
14 102
22 117
97 72
92 135
74 198
36 123
55 30
2 183
59 40
97 105
35 142
52 118
30 148
13 185
71 43
90 41
56 181
63 33
7 21
20 145
74 17
63 19
62 151
54 118
69 59
23 183
98 12
12 174
2 98
76 33
45 184
27 186
93 125
63 53
21 80
7 134
41 19
18 24
35 96
8 95
66 16
99 28
38 31
98 187
62 39
57 39
21 89
27 170
34 155
17 92
13 40
82 76
33 163
49 157
52 140
39 108
11 112
25 49
18 88
67 160
36 178
64 130
49 88
69 55
73 195
54 42
37 144
35 134
53 123
48 103
20 151
31 173
1 166
65 199
35 131
83 49
82 198
55 199
24 64
88 177
62 149
66 197
78 93
46 89
46 99
97 84
35 52
27 197
75 178
39 165
32 64
54 196
7 133
87 39
84 13
66 169
22 118
28 178
77 158
94 116
96 168
81 157
83 31
20 160
92 133
41 34
4 90
72 86
16 29
47 51
71 21
88 50
56 86
70 121
89 94
94 145
89 169
8 172
23 12
41 145
35 67
24 190
63 41
13 135
46 183
32 173
10 109
20 71
99 119
42 172
15 165
14 169
82 40
94 74
18 198
83 113
87 141
15 159
2 110
34 90
32 157
99 157
47 73
47 158
75 36
40 137
57 165
28 107
28 118
58 87
53 128
23 96
13 26
1 132
9 189
38 67
56 108
62 160
9 158
37 17
91 165
18 125
60 157
38 37
12 169
77 112
90 131
85 130
36 197
40 88
87 37
30 118
30 117
74 16
18 180
67 170
30 43
55 189
66 173
40 169
41 99
55 140
11 150
93 40
10 61
46 68
23 152
36 141
63 119
43 159
30 65
67 24
87 108
22 11
65 103
56 53
51 166
49 78
12 15
72 111
85 95
95 157
59 33
27 43
57 120
32 75
35 177
35 124
7 195
92 70
49 71
7 190
61 194
12 14
66 131
34 78
72 57
10 86
19 22
94 51
92 63
5 127
64 190
68 97
63 62
59 170
67 40
61 18
43 193
94 84
50 187
16 152
99 49
63 66
31 141
33 124
43 178
47 151
75 45
55 16
28 165
92 32
86 103
10 24
49 183
52 21
38 182
1 171
72 149
58 99
6 32
83 100
72 10
28 80
37 23
99 133
2 65
1 115
47 195
31 35
40 76
28 15
52 52
89 25
13 28
35 141
18 97
66 80
67 49
53 14
95 36
97 14
23 141
44 98
31 99
76 102
86 112
32 118
88 82
56 118
22 182
42 76
38 103
87 20
55 121
44 30
33 141
39 59
36 172
33 79
17 27
37 59
59 193
88 189
95 110
58 44
1 105
42 162
61 141
36 135
47 184
16 200
17 77
79 136
42 79
97 198
59 155
51 137
95 160
97 110
32 88
29 164
8 170
86 139
100 195
48 130
74 188
78 155
41 22
21 16
12 20
29 113
36 164
73 64
64 116
48 154
71 12
13 68
76 76
11 150
66 153
61 194
50 43
31 200
40 186
70 177
79 157
97 148
42 23
91 178
87 158
58 98
85 62
2 120
54 43
13 131
13 146
42 61
17 174
99 60
25 99
5 18
87 164
47 190
41 200
12 68
76 164
56 18
81 107
7 84
16 98
42 56
75 184
4 22
32 93
40 136
69 166
17 62
29 123
50 70
52 76
84 181
25 122
91 16
20 188
21 67
1 15
78 184
63 122
85 198
26 34
7 196
22 53
65 47
38 18
59 172
14 160
92 12
6 144
98 106
72 171
33 69
8 19
16 63
58 67
35 44
4 32
80 195
78 110
100 55
66 35
4 91
78 33
91 10
29 59
68 173
66 195
25 141
24 40
44 197
59 162
52 121
26 160
43 65
65 195
6 190
12 48
95 196
69 103
16 76
8 37
92 95
81 91
20 92
21 111
24 187
33 42
23 96
19 115
50 99
94 193
11 62
47 88
64 90
84 21
19 59
86 20
5 124
18 168
14 190
65 86
69 113
13 156
30 145
76 156
19 116
26 45
9 59
86 195
18 166
60 163
91 82
66 180
98 100
20 24
57 82
8 118
22 100
7 84
45 125
85 49
15 171
2 129
57 129
46 109
28 65
77 152
12 11
1 198
41 66
78 58
25 37
92 72
27 69
47 58
95 40
44 136
75 52
89 198
88 171
64 60
25 40
25 55
80 86
98 134
61 97
75 39
36 28
27 81
12 160
49 49
25 184
7 28
16 133
87 200
88 27
100 57
45 168
11 158
71 126
68 118
41 192
22 14
52 183
88 41
49 194
21 149
12 101
11 174
70 51
50 36
92 130
91 94
68 183
40 163
83 78
94 104
72 151
34 174
32 30
88 54
45 187
76 50
96 83
46 112
24 77
82 49
51 38
97 185
9 23
12 20
1 102
57 168
21 81
90 187
71 67
60 193
92 90
93 198
56 151
93 166
80 126
33 74
13 102
97 167
6 36
14 186
50 94
66 101
60 123
41 173
90 23
27 68
55 14
80 129
92 45
12 16
9 124
65 182
70 66
75 105
62 189
23 75
75 72
45 120
2 52
99 191
6 14
75 11
29 65
96 15
68 131
96 138
39 106
38 154
30 44
60 80
76 81
96 136
4 198
37 113
7 186
73 25
58 116
7 142
12 80
66 154
56 78
74 114
33 149
55 95
48 135
53 193
35 50
83 27
34 131
53 185
87 82
87 155
12 158
18 109
69 132
50 42
31 162
89 16
95 42
18 159
77 132
4 145
93 41
16 31
5 122
44 132
85 56
44 172
26 27
36 143
1 162
20 160
81 155
5 178
73 115
57 66
94 163
85 180
8 137
27 99
1 98
19 12
59 111
76 90
86 196
84 111
1 195
84 94
64 77
9 27
91 96
67 28
30 84
9 75
74 179
43 31
29 105
75 35
24 171
32 52
4 92
17 82
28 65
8 149
73 56
37 91
68 79
14 134
81 181
41 73
99 109
6 146
30 88
91 24
13 195
62 78
98 127
80 25
57 99
100 43
54 149
85 187
77 90
49 183
27 64
59 38
89 156
75 42
73 58
22 91
97 69
32 113
16 31
26 78
52 172
87 145
36 27
57 27
87 51
95 81
23 200
9 184
72 29
44 133
72 181
52 136
9 146
