1000
36832
57 176
45 103
64 115
48 82
90 109
76 83
8 22
25 174
52 22
50 12
9 55
23 154
64 25
53 53
86 91
18 80
33 64
23 28
86 64
61 200
45 36
75 25
52 10
46 161
13 29
69 27
19 63
80 96
53 31
67 91
18 76
82 101
9 140
42 140
73 28
26 84
46 58
96 19
39 128
38 167
6 75
74 106
20 163
39 85
17 27
30 74
81 196
90 196
32 78
45 143
97 106
19 109
99 96
72 31
50 110
45 94
80 18
90 102
23 148
19 87
5 102
51 152
62 28
96 137
71 191
28 23
93 50
95 32
37 91
13 114
4 77
88 175
55 125
69 103
82 62
91 116
38 192
20 105
16 191
8 112
85 71
35 53
26 199
32 127
75 77
78 11
71 144
66 121
12 168
3 131
52 190
51 89
74 185
32 34
60 24
27 179
96 171
55 121
97 64
84 77
47 57
15 97
94 88
15 150
20 168
80 164
10 74
4 159
79 82
18 150
85 136
92 119
43 111
93 180
48 196
72 103
70 180
42 139
66 135
87 170
60 23
31 184
4 109
33 87
43 107
31 153
63 14
44 184
30 128
62 21
16 183
84 36
77 150
3 167
24 90
78 94
86 21
20 176
68 69
87 53
3 116
36 185
80 134
91 126
59 13
35 177
70 120
16 70
90 77
54 108
87 156
75 17
68 50
33 149
62 16
45 118
14 94
53 32
60 74
100 84
59 34
22 44
10 121
21 15
58 182
29 13
19 89
67 192
88 62
96 99
74 50
97 164
24 141
14 104
8 179
80 140
95 130
6 187
52 48
91 45
27 28
39 183
34 53
58 109
11 13
98 197
55 151
10 30
6 28
62 78
56 184
97 192
80 120
6 147
57 151
58 140
88 48
46 177
22 190
50 38
9 97
53 155
15 11
9 112
78 143
65 88
23 51
82 33
59 97
1 49
67 27
26 61
52 120
75 199
24 162
31 153
62 65
49 143
45 100
37 59
93 95
82 159
73 54
65 129
2 122
73 199
70 188
16 130
96 47
94 25
23 98
30 16
9 190
50 127
3 48
32 39
15 57
32 70
96 24
11 118
64 99
21 82
77 54
47 54
45 144
38 132
86 164
78 37
83 162
79 189
34 170
87 101
57 136
21 148
77 136
72 101
61 98
86 126
37 77
25 79
25 106
3 160
20 200
38 47
81 12
54 27
43 123
29 196
18 196
76 199
100 89
45 53
8 91
52 197
43 95
80 191
44 77
74 154
82 91
32 36
38 113
11 199
5 127
67 198
70 196
25 124
27 19
54 105
71 143
55 90
93 109
96 124
50 197
30 105
100 198
48 107
22 151
67 63
33 78
78 16
48 12
93 19
24 188
22 89
87 13
69 199
45 148
96 83
18 51
88 152
52 41
43 111
36 44
84 150
77 90
48 96
96 169
47 48
54 113
79 156
95 161
2 156
8 69
22 173
10 39
11 49
48 98
16 27
43 21
68 66
87 68
53 89
8 143
48 177
15 104
59 72
30 66
64 146
44 174
66 163
67 168
66 61
81 136
87 23
94 158
62 75
96 134
4 15
27 54
56 67
59 135
26 168
39 56
52 187
4 40
99 57
73 183
44 156
76 89
43 111
91 36
87 121
82 93
24 178
42 124
42 167
38 172
98 15
54 64
100 172
61 68
49 44
48 181
22 63
100 138
90 64
31 150
68 41
40 129
87 119
38 81
56 95
43 127
94 78
78 173
49 174
97 112
79 111
22 87
97 109
85 93
68 70
6 189
6 94
34 153
93 153
50 153
95 135
67 120
79 154
49 189
87 173
77 57
8 178
25 174
61 56
100 76
80 117
77 18
45 184
61 13
11 34
66 105
37 18
57 183
36 16
99 56
99 43
68 145
40 88
68 68
40 47
44 125
78 117
97 25
77 170
94 62
45 198
32 41
64 55
97 67
33 91
92 56
91 112
65 10
38 123
41 140
78 135
80 149
65 101
19 148
41 19
40 110
76 138
15 21
55 133
76 34
18 144
73 129
32 74
48 141
89 30
88 39
97 10
99 129
52 193
46 184
69 88
70 77
29 120
58 114
76 99
85 29
6 88
75 133
58 183
46 125
33 106
19 186
78 165
17 111
34 85
65 113
18 98
74 162
9 31
93 18
27 114
2 19
100 155
53 172
98 43
40 102
80 34
85 29
36 20
6 53
22 199
33 176
46 156
78 50
66 39
57 73
95 103
11 60
1 116
67 145
68 63
66 135
74 147
90 21
15 161
60 37
86 62
34 200
87 82
91 120
30 106
59 129
61 124
93 189
48 164
95 136
80 120
59 120
69 74
76 169
68 194
88 157
64 84
92 21
58 16
14 150
74 169
44 182
10 32
69 45
51 93
97 11
17 127
99 96
36 189
37 14
65 145
51 180
79 161
68 108
68 105
79 36
47 120
14 14
3 59
9 36
61 115
4 58
35 101
98 135
85 59
6 150
83 151
17 43
15 167
89 29
66 127
51 107
30 80
52 28
45 113
82 127
17 183
64 64
17 32
82 69
25 84
74 14
21 58
69 117
10 129
79 186
77 97
52 194
72 91
97 130
14 187
91 180
39 186
6 12
61 23
23 122
29 129
82 77
5 184
22 15
7 181
20 49
90 59
62 34
43 98
12 192
97 60
37 22
3 171
70 172
25 28
64 49
42 12
43 124
11 85
100 38
16 24
8 41
31 92
32 134
65 113
23 84
73 107
64 92
55 106
46 122
91 65
87 136
98 44
38 19
76 185
21 198
38 70
45 113
82 71
73 149
65 94
38 146
5 65
49 113
6 47
82 54
99 20
86 127
70 175
42 189
40 91
36 175
100 179
21 62
88 26
63 22
100 15
37 86
95 52
60 60
72 40
6 36
2 113
73 21
35 147
22 195
59 148
80 88
54 81
38 163
19 69
28 160
15 23
50 22
29 118
56 101
88 50
11 29
76 14
90 128
79 165
71 91
62 51
87 94
83 70
20 118
4 149
42 163
60 27
94 162
91 138
70 162
73 187
55 173
63 135
61 125
2 88
6 48
74 143
95 55
72 133
64 22
30 139
94 40
43 140
13 131
71 142
23 189
68 10
25 86
72 48
42 59
71 98
8 98
76 140
33 120
86 105
82 36
17 144
84 165
51 162
65 180
37 42
22 34
19 43
19 159
99 36
18 147
77 74
25 52
49 157
97 38
14 190
82 173
42 170
82 83
100 117
13 151
7 170
90 26
43 65
84 153
16 153
91 39
35 70
11 109
40 122
93 155
22 200
33 116
59 24
8 76
50 17
70 108
77 68
82 35
33 198
79 163
79 126
19 138
84 66
38 119
10 157
87 188
71 114
76 110
53 101
92 51
53 111
43 82
54 193
30 171
40 94
94 33
99 191
46 76
38 53
39 97
18 107
16 58
35 133
26 169
92 110
43 33
68 161
31 135
46 152
77 161
7 165
90 187
36 117
85 20
34 171
18 164
79 29
96 36
97 131
4 165
26 24
93 91
6 168
24 105
55 50
39 178
77 146
96 145
56 105
83 89
32 20
4 22
52 32
5 78
43 134
68 134
65 110
67 148
44 122
55 71
26 72
52 154
39 80
30 171
8 69
51 109
5 129
61 138
13 120
60 191
21 10
78 142
16 140
14 172
63 53
50 99
97 138
52 162
67 164
73 32
69 36
70 167
93 123
46 179
51 139
60 186
17 180
52 165
98 151
67 67
63 63
39 140
14 76
40 45
87 157
70 135
2 55
59 154
38 181
24 110
55 122
36 73
84 14
64 101
14 198
70 136
2 83
56 169
41 60
77 120
36 127
84 150
91 103
27 113
83 156
30 63
14 160
52 34
88 113
26 193
97 139
25 96
1 198
3 89
29 40
67 166
54 189
72 194
84 56
75 146
62 75
89 18
19 97
28 88
10 174
15 37
21 118
13 190
85 101
8 70
92 194
66 64
66 56
23 88
8 42
99 177
36 16
75 148
72 88
9 98
67 174
84 115
83 130
29 93
87 83
42 77
34 194
80 64
96 56
10 26
1 101
28 29
41 31
46 37
97 26
48 34
87 183
18 187
45 96
100 100
85 16
27 22
84 54
95 14
70 66
5 74
11 31
66 125
68 22
100 81
60 27
47 15
1 68
77 22
56 163
7 115
3 42
11 72
87 180
92 144
56 86
15 130
15 71
79 28
52 37
12 42
88 165
100 31
91 109
77 42
24 179
95 152
43 27
29 38
94 142
87 35
87 82
73 53
1 48
72 71
13 143
100 175
7 108
6 13
51 174
60 100
77 152
89 167
93 159
28 71
17 71
65 103
23 125
50 59
74 126
15 77
81 144
62 72
59 119
81 165
17 191
11 86
71 83
90 66
48 108
91 65
79 30
42 129
1 178
31 142
20 25
73 18
88 24
46 86
59 48
28 105
91 126
53 191
82 12
91 188
14 92
8 165
26 93
7 95
14 188
3 143
100 27
62 51
45 44
93 82
22 58
21 183
49 119
