1000
33996
69 102
2 165
24 60
65 148
89 73
55 74
92 65
100 55
91 81
30 162
6 186
11 177
3 47
57 120
42 180
58 153
86 27
7 91
36 105
31 93
44 74
5 103
8 135
2 188
6 57
17 139
21 61
16 96
56 105
34 123
94 110
34 88
21 75
93 15
3 68
16 132
26 140
83 151
73 94
99 105
53 19
59 87
5 197
11 144
21 100
12 111
85 15
82 126
92 67
43 164
83 187
9 36
79 144
67 71
14 140
89 148
31 101
85 59
74 143
69 108
77 68
78 10
15 162
47 101
13 55
13 161
56 73
16 66
9 122
24 16
35 35
71 122
81 167
56 138
43 116
77 130
65 68
3 87
54 120
72 137
73 169
12 32
95 97
65 158
62 52
82 109
54 146
14 143
10 166
1 31
14 143
87 195
1 36
11 42
72 19
43 134
66 55
56 45
41 141
56 13
27 100
43 23
3 160
36 24
4 118
46 41
96 69
30 177
33 177
84 148
65 95
62 128
45 122
31 66
17 16
10 188
18 118
61 93
32 159
37 166
78 49
82 65
83 121
64 179
7 60
88 170
5 157
14 115
39 74
33 36
42 103
70 75
82 189
65 61
72 131
55 33
19 129
32 152
62 34
88 106
82 161
47 151
77 33
64 161
78 22
20 157
91 36
98 139
83 32
53 113
6 121
76 40
66 179
51 46
86 75
83 87
46 13
22 105
47 114
43 172
92 31
30 104
46 95
21 85
15 31
18 119
99 155
54 72
81 158
30 102
70 62
30 141
86 138
49 62
18 12
73 155
16 134
23 39
1 59
77 130
91 175
56 23
39 36
99 78
57 198
32 29
59 86
44 124
59 16
77 165
12 197
72 112
67 130
83 81
51 10
11 126
57 42
1 151
27 73
73 161
18 98
28 165
13 173
92 49
15 18
63 155
38 11
4 63
27 34
46 53
38 128
63 60
89 130
44 186
87 136
43 71
58 82
71 195
70 138
24 127
22 153
77 68
2 191
3 87
98 123
85 161
89 136
17 129
6 40
78 167
26 35
51 99
70 59
69 196
16 92
87 37
42 95
51 119
83 66
49 89
69 99
24 44
94 40
38 92
72 98
27 154
3 143
45 44
11 153
88 99
42 176
54 10
12 40
47 75
56 10
15 176
45 152
11 99
88 128
58 102
19 22
1 190
63 74
20 149
60 116
65 132
12 198
39 187
73 166
67 122
95 99
60 186
93 174
12 21
74 159
73 50
46 77
32 85
70 110
16 107
15 195
45 58
1 16
22 78
3 160
76 64
6 25
9 195
52 112
73 193
46 123
74 17
46 31
48 63
2 102
37 48
77 121
28 169
61 21
60 113
3 28
80 13
45 166
59 186
59 197
100 106
46 166
82 186
14 37
10 93
59 160
23 157
79 132
45 109
49 70
10 44
82 195
3 188
69 100
83 127
34 10
3 199
37 192
40 135
74 71
98 74
19 159
36 174
95 115
33 30
82 46
38 12
98 32
26 95
75 187
66 157
87 109
58 149
1 155
89 92
91 150
65 41
13 80
7 16
2 198
54 156
60 20
41 192
95 70
30 59
61 13
25 37
83 191
47 20
43 23
6 30
3 72
23 92
49 123
99 78
15 46
1 187
12 120
54 40
100 148
85 46
82 103
66 51
25 198
97 148
45 58
32 148
37 108
15 132
51 116
23 185
77 182
50 173
8 15
67 120
13 104
62 67
33 111
33 23
3 71
4 61
3 185
53 158
46 91
7 101
54 48
69 124
26 90
7 80
97 199
28 119
58 35
79 166
15 83
84 162
49 142
63 153
21 70
83 142
24 16
71 30
4 85
2 167
14 71
93 64
11 19
67 185
28 44
69 81
38 113
62 31
70 178
72 98
96 188
84 24
52 184
90 193
21 170
65 120
99 71
21 200
95 191
85 176
86 119
96 12
3 11
97 102
81 24
52 20
48 168
1 44
18 190
45 127
70 77
43 80
97 160
23 150
4 144
82 143
69 77
74 111
19 47
97 98
15 31
32 114
47 33
31 32
61 124
37 49
83 188
43 99
1 81
60 16
19 36
45 44
40 34
46 124
6 169
70 119
38 45
54 170
86 59
3 67
97 44
80 181
99 48
27 30
61 71
84 169
40 93
69 128
46 155
64 51
23 107
44 69
35 77
46 25
51 89
96 133
70 135
34 179
58 130
69 191
35 181
80 159
94 25
46 173
27 181
31 181
89 59
8 167
4 106
13 105
31 134
65 196
82 89
9 105
99 38
56 103
94 101
68 51
14 167
81 147
22 141
34 56
35 158
54 125
24 49
92 37
32 61
9 50
43 136
6 158
25 114
21 160
6 158
81 64
43 19
82 107
36 75
49 58
29 136
44 178
24 189
26 24
30 172
44 153
6 146
35 43
67 53
18 21
65 146
93 161
4 34
71 194
100 186
41 195
50 65
70 25
33 51
11 93
23 112
16 126
26 183
62 154
15 161
20 137
10 93
43 50
96 54
73 49
91 183
19 181
34 149
47 182
28 33
52 200
25 198
26 166
95 102
39 102
49 189
75 186
77 195
93 69
53 26
25 40
47 17
100 153
57 63
94 110
58 150
92 126
63 117
90 111
4 196
62 18
35 53
74 66
51 17
88 20
31 44
59 199
37 184
28 196
100 19
52 93
76 188
57 20
15 49
6 80
83 136
10 144
23 35
80 97
45 107
47 29
62 192
13 13
34 177
93 125
51 36
85 70
42 31
71 177
38 113
67 109
70 108
14 152
10 196
65 144
81 195
61 109
29 92
12 125
40 134
12 178
84 183
22 125
31 63
81 124
55 135
78 26
50 38
5 190
4 38
16 57
99 11
22 40
13 162
73 116
8 63
8 48
77 168
80 39
15 22
61 175
25 34
9 34
30 73
93 120
53 47
43 172
65 113
46 47
61 98
86 102
23 158
52 169
7 84
30 100
54 30
24 18
68 145
66 199
83 102
27 110
77 49
58 73
11 180
47 83
20 19
15 140
80 31
2 10
88 129
40 33
52 76
7 145
77 64
89 76
24 142
82 177
61 24
56 95
71 190
93 94
1 174
80 198
18 185
2 139
79 141
66 144
28 145
68 121
87 97
70 100
62 159
32 127
56 17
66 128
49 191
11 39
1 64
51 27
50 104
87 152
39 18
19 190
54 137
62 84
26 87
2 65
77 174
45 173
36 30
5 18
85 106
83 124
59 144
31 183
52 117
38 191
52 142
74 95
2 55
16 38
24 90
40 125
76 187
65 31
67 159
99 130
54 38
84 29
74 63
49 77
46 67
47 32
98 17
62 104
60 165
93 77
10 133
2 33
74 191
20 33
29 127
15 78
54 31
13 75
44 63
35 45
46 40
35 51
95 162
4 105
63 99
55 134
60 115
76 139
56 12
13 153
52 31
52 94
42 148
66 35
82 66
16 63
93 184
74 142
84 100
24 119
81 24
8 76
34 117
66 51
60 189
38 88
8 100
43 177
47 190
4 83
47 194
86 184
53 107
66 129
93 198
3 140
33 174
53 95
65 97
50 11
41 199
86 110
6 130
22 177
34 115
58 151
44 130
100 115
8 48
28 38
33 161
18 189
57 178
11 109
42 188
75 125
62 11
67 123
56 42
99 134
49 96
35 81
53 92
43 121
8 83
29 147
80 41
17 104
94 165
69 22
36 179
58 12
60 134
27 61
31 108
98 11
8 142
58 107
22 87
21 121
17 161
31 137
86 199
82 117
43 149
80 156
25 181
31 133
41 27
81 193
91 16
5 89
74 114
6 19
78 12
28 114
15 84
95 109
82 147
26 13
27 47
99 43
64 94
90 100
51 158
41 119
20 84
77 166
75 64
88 188
22 128
30 128
100 116
75 139
2 165
79 39
19 70
69 73
50 64
89 190
69 140
56 141
9 157
66 183
8 25
20 135
28 93
37 160
46 25
86 169
100 78
5 16
90 34
39 164
31 122
32 31
92 123
53 181
64 98
100 45
85 121
36 93
21 92
83 31
57 77
62 153
96 47
15 189
19 189
39 137
15 56
21 112
24 182
88 127
55 50
76 95
71 119
96 126
82 141
89 180
78 80
77 164
7 44
5 98
14 12
79 172
21 176
90 83
67 93
90 194
86 189
18 26
53 74
33 133
8 146
50 75
5 13
67 169
7 196
88 139
98 43
11 107
27 25
2 69
18 162
35 55
18 70
42 158
10 38
99 86
9 51
89 62
47 29
14 159
77 198
60 194
19 165
15 152
64 84
35 113
53 146
87 80
97 128
83 17
11 81
46 193
63 169
45 58
92 132
25 136
82 168
53 185
9 154
45 58
7 82
22 144
43 185
91 197
50 98
38 35
13 158
5 156
100 73
23 146
25 193
74 70
34 180
23 176
69 119
95 98
5 113
83 184
30 21
20 100
78 168
63 171
88 91
4 69
52 147
79 127
44 15
46 98
90 103
25 113
16 150
40 110
19 76
19 122
51 30
76 139
15 191
84 124
