1000
35027
75 200
10 200
89 160
5 150
58 40
55 170
10 190
31 123
21 165
76 16
1 166
49 178
79 43
54 129
53 18
51 87
23 76
20 28
13 132
34 158
48 69
90 104
18 192
53 185
89 118
5 112
44 151
50 167
57 138
36 92
75 144
68 199
33 172
8 19
18 85
17 122
91 116
71 161
3 26
58 101
51 179
61 192
96 167
67 43
58 16
9 82
69 61
47 30
88 165
99 170
20 93
12 197
75 121
25 13
31 118
94 102
37 80
74 163
17 148
100 66
17 24
20 101
51 143
9 84
80 44
63 106
15 157
28 67
83 183
99 128
58 14
87 113
47 94
94 146
56 77
39 97
40 27
55 198
98 92
5 78
38 108
45 27
26 38
28 86
34 123
88 71
46 190
27 111
61 67
4 74
29 112
43 135
4 60
85 143
86 51
94 83
66 87
7 22
78 184
37 190
8 18
59 54
80 98
8 65
76 88
64 178
71 136
35 183
68 90
15 118
61 106
17 150
54 158
52 132
86 19
93 78
96 60
90 123
54 196
87 138
47 50
56 169
8 157
77 117
30 103
89 33
89 181
97 67
3 115
50 110
75 189
99 23
28 45
3 101
59 27
97 104
54 90
71 81
99 128
62 27
80 56
1 41
48 53
31 80
3 60
39 124
6 76
26 104
28 100
14 33
27 90
79 166
66 109
87 189
100 41
86 173
20 171
59 63
92 141
17 14
44 14
46 10
39 24
16 51
41 81
73 61
88 141
63 33
45 175
83 102
93 17
41 81
72 131
55 137
57 114
68 146
72 83
71 46
99 171
23 192
95 27
30 20
85 139
78 163
36 189
63 182
49 101
80 117
41 136
92 150
49 190
62 77
77 131
89 82
82 179
69 149
34 38
81 195
92 109
4 119
96 59
1 39
46 46
12 104
91 114
11 15
60 66
75 122
29 190
22 183
62 152
37 163
82 69
45 82
95 161
54 46
16 91
95 107
16 141
64 31
54 25
81 187
69 151
58 138
45 183
25 22
39 155
65 167
77 104
18 16
82 195
100 28
81 165
57 113
66 123
68 97
59 21
85 141
85 45
89 92
5 16
45 165
84 161
93 147
45 49
66 50
88 146
26 80
18 89
95 53
8 84
30 172
100 194
67 54
59 95
78 173
95 117
92 191
33 130
6 174
33 12
84 173
45 96
29 115
86 67
41 158
73 28
7 129
12 172
83 64
40 193
37 165
5 51
81 43
71 126
25 183
86 108
99 64
3 169
40 178
51 61
65 127
39 101
75 155
2 13
9 62
7 118
5 81
48 73
91 129
69 194
96 187
91 79
44 188
44 107
4 71
8 31
43 14
25 34
10 29
70 195
45 118
41 179
52 53
41 181
88 64
5 72
34 60
52 152
66 141
62 146
68 11
83 12
5 200
19 22
45 98
98 35
90 103
77 160
15 151
97 194
72 175
47 10
57 127
37 192
13 52
54 54
38 113
83 130
31 151
62 60
53 72
29 167
5 129
85 90
26 29
91 199
89 120
18 87
78 170
60 93
51 183
60 35
38 126
31 63
46 79
63 132
1 95
99 16
42 193
43 73
80 31
27 109
55 78
11 51
84 24
33 175
60 159
20 180
37 115
41 163
43 55
81 13
30 194
80 91
77 66
33 44
76 20
84 168
57 197
3 156
81 103
47 153
65 19
86 71
84 46
81 114
13 112
27 106
9 117
64 38
92 99
31 108
8 50
62 180
65 134
8 24
16 75
33 18
40 134
40 166
7 126
81 199
10 95
37 179
12 10
56 180
72 178
24 37
37 95
7 68
14 103
36 40
70 160
44 63
47 79
72 101
23 56
24 119
9 118
67 90
65 156
13 147
44 166
5 120
98 98
37 120
4 89
85 199
34 174
20 149
52 195
69 111
4 172
78 21
9 194
59 131
27 30
94 44
34 25
17 25
92 33
42 65
64 16
38 149
39 58
75 25
75 197
57 118
61 170
21 39
25 91
25 114
32 30
52 44
72 86
61 156
22 85
95 146
39 177
3 119
88 66
67 36
18 82
55 39
88 101
4 143
27 78
6 173
64 58
35 31
3 44
52 64
8 94
24 60
41 123
48 183
31 146
86 13
20 191
86 61
14 94
98 18
71 180
44 124
7 193
34 160
53 11
54 132
38 62
8 80
19 119
81 27
43 121
27 87
95 130
96 16
20 56
89 18
66 134
35 152
6 123
37 122
3 106
42 104
13 116
24 55
94 106
30 106
52 17
87 66
5 94
30 69
64 12
56 50
43 144
96 62
18 107
33 99
13 185
56 137
18 11
22 16
16 69
63 55
56 54
40 156
1 98
20 129
72 37
92 107
60 42
2 41
78 115
21 31
56 28
82 30
89 185
57 183
86 27
5 23
7 14
35 64
7 69
28 185
35 71
14 64
3 12
50 183
40 109
61 196
3 46
22 16
9 65
33 95
92 85
7 24
72 179
77 199
75 154
96 130
71 82
8 174
26 111
84 184
38 47
40 108
17 140
91 127
95 22
21 17
22 107
1 105
62 124
29 119
74 164
60 128
96 114
74 59
88 199
52 88
34 64
86 54
100 55
1 150
17 200
79 122
86 28
6 65
48 31
96 24
57 181
64 88
59 116
95 119
32 192
25 66
72 176
73 195
42 168
75 74
9 128
51 38
8 168
32 178
30 53
34 65
65 125
41 58
86 29
11 102
50 160
41 91
21 179
98 195
33 136
53 178
12 168
64 193
36 82
26 135
5 96
34 38
97 88
95 120
86 42
24 90
100 163
15 181
31 15
40 53
71 89
17 74
3 120
5 81
24 86
10 128
82 127
34 131
27 17
43 49
67 147
91 175
9 134
78 153
70 142
85 123
32 65
10 66
65 49
2 37
18 178
75 160
99 149
14 143
85 168
69 187
20 61
61 69
23 73
80 133
82 81
48 34
43 71
87 131
38 169
75 135
30 96
63 157
84 123
5 147
82 131
34 190
3 159
4 74
45 83
14 10
17 25
42 66
7 111
44 69
7 91
94 112
9 32
95 29
20 126
88 196
6 170
88 116
95 98
68 81
18 158
13 26
91 50
59 73
36 77
86 136
81 187
16 35
96 185
100 140
57 76
14 127
52 170
55 160
59 182
39 119
2 193
69 113
9 93
97 96
42 181
74 176
5 17
19 90
83 198
80 21
19 82
97 141
28 135
6 56
65 27
30 71
92 124
17 187
26 21
86 70
26 97
7 192
56 25
12 160
51 119
83 163
66 163
44 135
99 17
11 179
29 157
67 191
26 99
47 133
68 82
73 52
28 175
87 172
80 106
57 50
22 98
13 134
52 15
54 190
1 134
84 27
2 143
9 12
43 18
81 175
89 108
6 132
79 37
21 29
11 100
53 76
69 75
36 168
29 69
46 10
95 163
94 111
89 51
60 158
25 57
72 183
89 61
65 92
9 185
96 126
33 27
38 200
62 120
38 31
57 108
63 88
94 53
78 92
7 151
21 69
84 183
76 120
70 84
7 90
60 46
97 193
17 151
50 98
65 187
71 18
56 123
9 98
20 87
23 129
74 117
29 152
50 73
44 189
54 189
47 140
56 174
8 172
8 13
11 72
57 136
51 186
56 77
53 161
49 193
42 190
47 114
39 42
87 126
80 22
29 17
57 30
75 120
36 26
85 159
65 25
26 133
45 187
6 182
67 110
76 118
19 97
79 46
92 135
12 23
28 57
73 140
4 152
74 86
33 137
71 170
41 49
70 161
14 13
71 85
39 97
66 194
61 17
27 109
24 195
56 91
24 39
97 200
96 93
29 144
37 96
15 149
72 30
70 109
39 10
80 96
14 144
34 99
100 150
86 83
63 81
10 23
67 94
58 105
85 41
20 193
6 179
23 31
32 91
87 113
2 67
80 178
11 92
5 115
13 109
71 122
70 33
25 23
67 72
10 170
56 148
22 159
83 81
66 62
40 71
15 134
59 194
26 26
64 22
2 199
95 167
18 88
65 20
94 75
11 130
10 117
87 36
58 153
40 131
30 62
72 19
62 185
62 75
86 152
46 113
21 21
44 95
43 190
92 180
82 99
96 152
65 66
99 74
51 120
60 152
50 37
45 108
91 161
71 12
79 52
16 20
23 56
97 61
14 173
75 126
48 148
85 29
39 199
61 130
34 22
99 42
81 160
6 46
83 131
16 81
22 45
44 174
21 17
83 66
83 193
19 107
12 157
42 115
95 127
96 92
60 73
88 96
56 181
99 184
65 49
52 100
22 14
62 116
87 65
27 115
31 47
87 89
6 109
69 54
4 166
41 155
75 178
6 188
75 115
30 26
59 112
65 110
68 92
93 88
44 122
68 69
73 91
30 104
76 138
36 85
80 41
8 198
92 190
95 28
92 186
13 162
94 156
68 134
71 163
7 47
83 44
32 32
73 133
99 62
76 94
12 136
87 55
99 88
16 133
60 186
25 113
17 69
39 78
43 68
4 165
52 22
68 11
11 46
25 10
