1000
35429
65 19
43 63
3 25
97 153
31 139
23 117
51 21
4 170
55 104
90 15
24 102
31 144
83 136
56 162
83 185
17 138
87 184
31 16
24 22
49 191
46 50
38 192
74 199
51 83
94 144
64 46
21 116
47 187
24 122
63 199
47 133
35 143
33 78
87 43
26 155
43 66
100 52
12 192
96 65
25 143
43 172
63 199
55 159
50 91
2 200
22 27
9 23
34 35
12 75
19 184
74 191
19 47
50 143
50 15
14 60
1 185
75 129
10 86
57 72
31 58
69 149
99 34
88 185
82 179
99 45
3 165
34 173
7 108
95 98
44 117
65 71
51 196
39 164
47 191
28 101
68 138
99 187
95 134
23 83
52 75
51 18
68 143
31 156
48 173
3 148
59 99
28 21
26 39
3 25
75 89
58 12
71 167
73 57
95 181
79 67
16 27
36 147
70 150
86 149
21 61
6 141
88 110
79 50
23 139
35 108
19 187
57 193
71 35
53 84
75 14
19 91
51 22
34 82
99 34
8 200
58 198
27 114
94 21
54 173
88 185
69 28
51 182
59 63
9 187
14 65
50 157
14 61
94 92
32 124
86 12
70 127
66 110
70 121
13 75
66 99
97 141
10 189
35 94
43 200
61 149
68 131
94 57
30 188
17 175
98 67
41 186
34 139
27 167
44 134
59 58
22 53
75 21
26 114
26 123
14 54
70 163
40 21
86 37
49 113
51 129
49 14
84 102
63 161
16 161
55 147
71 157
8 38
97 78
68 151
89 11
16 141
17 78
43 120
33 14
61 143
24 197
97 25
13 135
80 44
89 168
25 175
78 134
64 111
18 132
90 137
87 103
97 14
90 200
1 161
25 33
98 111
52 98
94 23
67 50
16 198
93 161
83 63
1 190
23 41
94 73
93 92
74 188
3 141
95 172
73 67
57 37
40 146
42 97
46 58
22 164
3 56
51 193
78 150
64 153
54 176
27 85
60 171
60 50
33 138
69 189
18 178
88 125
53 36
55 124
29 64
80 48
61 15
57 82
71 22
59 150
58 170
2 126
31 157
85 76
15 140
35 51
72 178
74 43
6 113
69 113
81 167
97 36
21 62
51 56
47 33
8 191
70 58
53 91
60 128
64 142
50 51
51 171
61 78
21 119
24 152
11 112
89 105
98 79
50 158
12 141
1 147
78 82
18 150
10 178
5 88
38 96
69 33
11 37
23 95
28 89
11 187
88 73
52 150
36 61
9 176
20 115
47 25
2 161
82 22
82 38
14 195
98 23
61 12
31 160
68 107
42 138
14 96
82 186
41 190
38 148
12 61
44 123
8 55
46 76
17 148
26 29
39 155
18 27
22 43
94 141
50 98
6 21
55 148
51 132
36 120
88 106
21 125
90 136
16 194
82 99
67 151
44 107
41 164
51 167
63 77
80 23
75 175
19 10
8 127
86 17
58 115
5 182
39 33
84 74
2 138
12 101
52 68
63 68
25 48
48 104
43 196
47 65
19 63
80 129
40 194
85 38
78 110
54 192
39 23
11 109
95 161
94 113
44 148
55 89
73 159
32 48
67 71
3 168
83 71
65 46
96 119
69 116
22 116
52 168
95 53
88 100
8 40
17 73
6 39
31 143
100 87
90 74
1 25
35 10
60 194
65 135
53 66
25 161
52 120
13 173
44 42
99 167
36 176
87 197
37 132
78 95
6 64
32 174
54 176
17 179
39 125
69 140
15 137
95 120
49 70
76 142
52 130
54 16
36 36
52 168
69 193
68 197
57 15
62 197
82 45
76 190
18 72
9 137
76 119
74 85
57 198
80 40
14 131
16 161
29 131
37 83
68 154
14 164
63 145
9 155
52 48
53 174
54 188
41 72
21 103
72 178
44 88
26 44
50 144
53 187
72 169
35 31
94 103
92 181
79 124
86 17
31 33
2 24
25 50
2 64
10 153
81 117
23 196
78 85
46 168
58 49
60 162
85 98
63 138
14 107
100 199
95 76
37 73
92 110
32 189
88 41
79 84
95 91
77 192
52 184
80 116
90 132
96 13
21 138
67 182
73 29
95 133
62 34
15 23
52 34
2 27
18 148
39 12
50 165
58 145
46 147
3 159
86 147
89 140
6 168
95 55
21 171
18 79
29 186
68 194
12 87
38 173
14 105
86 54
12 35
84 50
63 47
97 143
94 34
23 197
31 148
12 69
38 48
65 32
62 183
19 15
89 178
77 167
72 97
9 39
77 193
9 102
63 69
88 97
73 85
55 174
6 193
44 160
29 25
11 83
21 73
33 120
71 133
80 191
45 48
13 86
27 179
96 82
19 193
49 191
22 10
76 159
9 166
14 126
99 28
88 10
52 78
58 113
43 130
40 149
13 39
34 49
100 158
53 48
1 185
40 69
73 103
9 199
36 94
87 114
75 84
42 50
31 167
33 156
13 31
22 41
77 63
76 19
11 162
87 147
52 197
46 123
2 189
72 148
1 148
69 112
97 113
35 57
38 70
19 137
77 182
14 180
30 171
30 72
87 171
9 20
7 146
56 23
22 108
67 193
39 106
11 75
52 24
30 31
80 56
86 175
92 153
20 29
53 136
28 126
55 147
57 176
97 78
35 162
85 77
45 30
62 113
64 199
85 10
9 179
41 53
29 51
79 96
55 141
93 83
68 185
43 148
81 108
99 85
39 156
62 109
90 53
15 148
49 112
49 12
80 55
85 90
49 158
34 43
86 36
61 65
80 115
35 12
31 92
66 52
18 64
40 70
84 50
88 25
70 123
28 141
24 96
88 49
45 48
79 102
76 129
15 33
60 10
39 72
19 108
2 107
71 14
89 131
88 97
20 18
44 52
11 76
21 135
17 165
81 22
9 117
70 181
61 88
45 80
8 114
83 159
31 140
81 51
56 146
5 113
70 102
75 111
27 184
18 125
38 67
68 122
88 40
92 79
39 171
62 175
73 116
13 185
94 20
8 121
23 177
56 79
77 13
39 138
33 94
81 125
83 93
13 71
39 148
75 184
30 35
8 174
33 196
94 47
45 26
58 81
86 143
42 67
78 27
28 121
71 133
83 16
28 12
87 56
73 64
2 14
47 188
9 190
52 46
3 54
85 71
7 33
10 42
21 168
26 69
87 14
69 25
82 11
41 198
58 156
28 101
90 114
43 56
16 127
16 57
24 38
81 93
13 118
100 68
63 39
62 119
20 99
16 77
27 127
43 26
44 45
39 74
79 154
5 171
70 187
98 17
21 115
25 195
68 58
43 138
28 65
88 94
90 52
75 187
61 63
29 58
35 22
15 57
57 41
68 60
5 159
80 79
20 184
93 38
51 65
75 91
16 47
90 66
81 87
81 21
53 158
12 111
27 15
52 135
1 109
14 153
29 41
82 66
56 158
26 86
10 167
11 64
44 71
63 156
63 49
68 51
16 67
24 161
28 100
53 187
51 121
91 156
36 19
57 83
34 82
14 198
53 132
5 190
93 48
95 187
8 188
80 141
69 45
33 185
81 149
80 193
96 37
9 105
94 61
82 49
41 24
15 66
66 99
72 100
86 108
43 154
20 81
19 143
76 148
29 164
56 36
15 197
96 149
69 185
70 190
15 147
83 40
64 64
36 99
36 40
26 32
65 78
11 194
70 130
24 127
17 176
55 115
58 20
16 130
62 163
27 13
61 193
71 118
17 109
7 80
49 67
78 123
59 100
88 56
66 171
95 102
82 69
88 152
23 163
98 119
2 71
59 64
94 124
25 181
94 92
37 163
27 99
3 160
43 155
94 31
28 116
61 25
60 178
65 64
82 167
39 145
25 132
100 103
83 160
39 71
53 40
90 67
58 147
32 159
49 70
48 89
49 69
77 113
85 108
60 70
1 72
11 67
32 15
66 196
84 176
56 175
53 118
25 104
35 60
9 191
60 11
52 61
51 109
4 62
38 71
85 149
24 98
89 131
89 197
79 87
36 86
3 111
68 181
28 187
52 30
52 87
52 15
92 156
80 127
20 193
70 108
37 76
55 176
18 150
71 179
13 199
15 11
42 162
74 116
32 37
28 33
98 103
90 61
99 87
85 57
67 43
34 147
64 89
77 190
88 54
71 142
30 164
97 122
75 197
88 121
88 73
95 27
63 154
23 187
15 178
27 28
86 32
80 40
89 37
79 59
47 16
47 28
42 132
79 75
70 193
92 48
17 59
16 51
82 182
32 183
15 132
74 152
85 192
76 64
67 119
17 157
27 49
31 152
50 182
10 33
36 154
93 25
16 160
62 117
68 53
81 94
28 153
29 34
97 61
76 53
93 90
82 41
4 124
81 199
18 23
76 128
24 105
83 144
48 134
17 197
50 20
17 119
24 119
38 30
71 35
17 145
42 77
100 190
69 144
1 128
24 48
96 181
74 50
23 81
81 167
58 196
28 135
76 163
94 147
35 115
55 66
74 165
64 37
44 147
38 59
88 34
42 11
80 150
88 13
32 85
14 33
40 16
10 41
37 123
95 168
70 123
