1000
36155
4 16
26 134
45 162
93 184
77 38
84 160
8 186
99 166
98 118
39 76
30 167
88 15
40 99
3 51
77 168
92 39
67 135
98 121
86 80
60 165
91 168
26 78
13 30
26 40
59 93
51 56
71 137
41 98
86 151
45 99
61 172
99 130
48 90
59 120
14 76
42 140
46 108
2 134
8 172
75 63
40 24
42 170
46 37
33 151
63 80
71 98
8 144
82 110
59 105
70 187
61 165
91 145
88 188
51 24
84 147
4 164
72 26
85 25
39 187
9 69
27 115
95 158
24 198
11 70
22 38
56 177
6 70
40 186
93 20
50 149
69 13
62 115
83 167
7 65
4 73
3 155
71 190
14 49
66 150
75 34
63 172
77 102
88 65
66 62
97 45
15 145
46 154
52 130
12 189
85 101
84 143
18 50
67 192
71 161
26 63
95 114
15 175
22 16
70 35
50 196
12 37
91 91
71 192
58 110
71 113
93 73
76 171
36 44
15 81
23 38
50 128
23 105
93 131
68 60
90 113
88 112
60 185
64 109
61 153
82 94
88 108
37 87
36 177
93 99
30 146
71 108
45 188
82 155
78 128
57 24
65 110
1 28
92 78
61 164
78 177
43 123
96 102
41 191
46 12
82 108
47 173
80 51
19 125
83 119
63 15
41 41
88 125
94 94
27 82
71 152
77 189
83 157
9 181
10 188
99 172
30 149
67 95
74 170
93 85
90 177
24 180
44 19
72 156
14 63
77 44
54 10
66 20
43 174
34 160
53 156
63 121
99 75
10 120
18 153
65 38
62 136
42 32
95 21
86 126
54 62
86 10
77 117
15 64
42 136
77 138
86 36
57 140
60 52
17 55
67 85
38 130
35 187
49 172
69 149
41 40
56 64
58 181
27 168
83 97
21 123
90 22
86 123
6 108
89 42
57 10
12 187
96 180
91 154
37 163
11 35
71 189
71 78
5 200
62 82
95 152
100 158
98 42
28 57
11 102
43 57
85 112
90 123
57 153
61 197
78 183
59 129
56 150
5 192
79 167
33 136
33 133
91 190
80 51
76 47
90 13
51 113
97 73
89 99
54 172
18 13
8 190
54 106
46 114
24 189
16 34
40 73
80 154
28 151
24 184
56 25
43 34
87 188
47 55
17 192
13 163
100 58
35 102
49 40
26 62
55 155
79 145
74 120
80 181
55 179
34 118
83 77
85 171
61 83
58 59
70 122
49 179
28 119
97 158
2 19
80 122
30 89
7 162
77 15
44 18
28 142
19 75
65 141
98 39
89 45
86 29
57 138
57 174
54 109
45 14
74 45
2 109
40 126
53 92
90 146
81 126
73 95
23 41
66 32
63 173
79 137
86 200
30 42
27 79
93 110
87 113
1 106
93 59
26 145
49 77
32 115
69 120
63 38
47 156
51 62
97 186
2 194
39 72
73 93
51 77
4 159
48 68
84 140
20 134
79 178
39 189
56 186
48 186
49 36
10 84
79 82
76 158
76 50
61 100
86 51
56 39
38 52
89 89
41 170
55 183
82 199
50 131
34 151
64 180
6 20
93 125
81 76
69 19
31 154
87 98
38 103
24 126
44 32
51 190
85 151
69 15
54 152
29 91
23 131
25 128
43 142
33 162
93 129
48 63
93 172
40 176
12 114
42 159
41 157
50 135
61 168
19 87
41 119
21 162
68 135
11 116
18 41
96 166
70 37
16 24
47 72
58 107
11 191
42 150
40 174
99 43
7 158
80 43
7 147
8 156
70 10
97 58
18 10
1 50
46 10
5 58
18 156
26 79
74 148
66 186
48 169
86 198
79 182
74 149
74 31
86 79
1 80
32 192
51 118
19 137
92 63
98 83
31 140
54 68
34 85
17 132
9 200
70 178
93 14
43 200
63 94
15 48
86 60
25 113
97 73
27 19
10 119
17 77
92 32
61 28
96 62
48 22
27 129
41 62
41 60
23 171
74 11
98 109
22 191
91 66
72 117
38 131
20 136
38 76
43 74
12 34
59 132
27 84
33 158
96 180
15 55
53 62
80 154
32 63
76 82
2 10
56 160
79 186
94 178
73 163
42 181
48 96
47 28
37 104
31 42
73 90
7 51
92 158
59 30
93 147
12 148
4 178
21 149
57 138
79 136
68 161
14 161
83 121
98 171
68 157
88 136
11 101
18 139
71 84
26 198
92 15
96 185
33 170
39 11
59 103
64 148
82 90
31 18
89 114
53 43
24 98
100 177
62 109
47 160
53 10
18 127
63 93
38 159
93 125
82 59
49 134
37 106
78 129
61 63
39 148
2 165
34 34
5 90
26 38
83 72
21 69
72 107
23 86
7 43
46 27
97 32
2 109
89 45
92 189
42 166
55 192
35 110
80 136
76 55
44 60
75 113
84 17
61 61
60 61
77 149
52 148
87 111
22 27
9 191
12 156
33 150
1 88
54 116
17 89
52 114
16 139
18 82
5 166
19 114
3 193
57 119
25 200
51 195
9 58
16 185
41 109
83 87
83 151
75 79
21 182
54 184
69 120
100 146
45 68
18 159
12 51
50 142
42 180
44 194
7 30
96 47
71 72
78 21
99 194
3 34
28 115
41 185
53 84
77 189
41 199
48 48
52 163
89 59
63 134
86 117
96 200
66 143
29 119
14 160
90 139
98 121
96 26
48 194
88 115
5 112
84 52
40 106
83 62
3 119
10 80
90 25
75 132
45 17
52 13
36 122
49 199
8 136
56 194
65 137
43 138
99 13
40 188
91 163
43 154
71 13
50 181
57 158
76 190
57 48
17 159
8 172
20 154
93 88
100 85
93 82
59 119
51 171
67 119
40 76
41 50
93 118
38 123
66 171
78 186
32 64
10 168
54 172
62 115
18 148
41 95
53 72
4 154
74 152
85 155
35 89
39 161
54 81
75 93
39 70
55 64
48 15
49 88
23 152
8 189
43 81
16 151
60 173
82 150
6 189
29 32
56 198
57 132
10 178
9 183
17 59
13 44
70 89
41 188
31 113
75 105
69 172
72 50
54 60
60 156
36 170
58 169
38 134
53 152
55 200
64 58
85 186
68 113
19 12
99 169
17 110
79 35
93 103
76 98
3 164
60 104
97 133
56 92
34 57
35 73
21 161
5 119
24 43
13 127
49 102
92 175
86 156
4 33
11 84
19 50
47 60
62 195
77 77
78 53
86 150
41 52
58 69
33 51
15 171
25 36
59 151
49 78
69 198
63 100
36 141
48 64
31 133
80 119
92 146
92 15
40 166
58 157
41 173
23 19
55 86
61 127
93 67
1 190
51 112
27 12
60 115
81 151
72 103
37 71
87 127
68 102
61 163
8 160
55 83
75 10
36 108
92 64
95 73
81 53
39 159
39 158
29 113
55 109
7 66
24 29
98 81
62 144
98 42
64 195
23 91
24 105
38 10
32 51
44 168
53 186
85 106
91 41
71 149
62 54
89 118
57 56
26 101
45 117
45 93
47 87
95 20
61 47
76 115
96 16
39 106
5 190
49 162
2 73
26 41
10 104
61 193
5 18
95 51
31 41
53 144
44 110
83 90
3 114
67 185
58 166
73 171
68 189
22 190
40 84
38 24
75 77
64 17
35 132
8 159
43 29
39 101
5 35
67 71
81 146
50 185
46 129
55 167
4 164
84 157
60 174
45 93
80 64
42 40
19 168
87 59
83 172
50 51
69 185
38 71
81 67
27 159
19 40
15 171
12 135
33 12
75 182
24 66
64 69
71 193
52 47
21 24
47 180
16 29
65 15
11 192
94 89
54 89
94 28
62 62
9 145
28 36
50 161
52 91
76 133
86 195
39 59
83 73
25 22
56 117
39 28
80 90
26 123
50 199
55 110
28 54
29 141
24 49
30 49
6 154
59 97
33 167
96 178
67 125
65 122
90 22
60 78
45 85
14 10
71 85
6 27
56 11
95 40
13 40
82 152
80 31
65 50
15 121
15 139
95 133
15 72
87 119
55 57
69 73
100 111
85 22
10 49
80 142
8 65
51 35
82 52
53 155
52 24
74 142
40 153
30 109
20 148
21 69
13 15
24 175
17 40
19 139
71 197
52 90
10 127
3 62
7 61
61 62
13 190
54 17
14 78
74 135
16 197
75 54
25 183
51 150
28 51
7 47
98 55
55 177
64 55
62 102
80 133
28 38
94 103
6 126
35 192
65 76
64 184
36 151
94 58
21 156
75 186
10 162
22 48
63 87
13 198
98 149
12 175
94 152
41 172
77 63
77 39
57 39
81 17
52 34
80 54
3 88
91 161
39 34
88 73
93 71
48 15
68 62
2 119
11 24
28 79
36 51
32 17
12 150
22 77
76 63
12 110
35 68
10 77
42 96
95 165
95 183
56 97
65 93
36 49
28 164
23 183
82 85
3 89
52 128
50 68
64 28
34 117
3 96
49 143
7 44
24 35
44 119
86 67
30 73
36 84
49 35
35 67
99 141
29 94
43 86
58 111
73 41
24 153
21 79
81 83
14 48
