1000
35399
80 182
19 132
36 41
81 155
30 108
1 137
75 32
87 155
1 58
26 156
16 110
89 34
81 72
98 66
76 51
44 168
67 149
8 25
2 32
42 123
80 96
17 155
71 169
6 148
91 164
23 86
55 189
12 193
61 41
1 24
20 162
63 87
73 152
78 153
18 81
73 166
95 115
15 38
57 197
48 57
47 30
56 174
40 11
80 143
51 98
68 60
27 47
58 86
66 171
76 196
91 142
26 114
7 75
59 179
70 175
88 13
41 88
95 116
35 141
66 191
17 28
32 43
59 181
46 66
9 151
24 129
45 185
73 127
34 85
69 97
40 98
47 137
76 21
27 171
69 158
58 24
36 23
49 102
51 137
14 111
64 161
13 133
66 191
53 134
17 97
54 61
7 60
28 69
70 39
55 175
1 41
82 30
32 177
15 159
78 191
13 166
4 32
84 166
41 188
26 113
17 126
94 178
3 175
36 41
67 165
34 152
100 119
71 91
9 19
79 38
7 72
66 144
89 131
62 19
40 40
10 182
50 177
27 119
28 187
27 152
35 116
51 146
91 45
19 131
42 97
70 60
66 114
24 14
50 93
65 182
88 20
33 195
90 168
90 124
92 177
43 41
3 70
33 124
14 143
95 29
54 176
7 106
10 114
41 134
40 15
59 149
87 187
56 100
91 143
57 157
47 185
83 199
82 114
10 55
63 74
41 154
55 51
33 124
3 30
98 31
91 189
3 190
17 172
18 191
95 97
33 161
95 180
49 48
24 186
4 57
30 56
23 120
68 32
28 62
87 103
43 104
33 47
29 191
95 50
49 11
49 85
48 174
78 80
34 147
69 53
70 150
23 168
74 63
12 34
50 93
82 131
83 52
27 35
20 49
14 101
8 27
10 141
6 15
43 122
87 11
18 154
59 78
3 116
82 147
83 60
48 78
59 102
88 35
58 33
18 194
33 124
90 36
64 94
29 176
99 141
17 64
11 184
43 70
81 123
80 104
75 47
7 86
53 146
51 91
38 126
23 32
55 124
49 154
20 149
58 176
36 149
72 164
21 82
54 144
41 197
74 59
16 154
68 152
46 138
58 178
73 15
43 141
51 174
100 68
35 38
61 32
43 13
59 144
52 86
92 161
25 129
68 56
36 33
75 134
90 155
16 199
39 33
13 105
70 113
36 101
5 67
80 154
91 57
45 188
56 140
41 140
41 165
43 104
45 66
99 147
2 180
87 76
19 21
74 97
2 147
17 163
80 165
91 143
8 183
89 165
56 96
50 172
29 121
19 67
56 58
88 144
90 113
83 183
54 191
26 11
22 141
79 129
61 76
12 33
21 113
59 128
88 16
36 31
57 113
71 72
5 87
98 67
68 158
67 120
56 57
32 46
88 184
18 18
11 21
13 54
95 58
81 155
37 129
44 96
77 131
41 196
24 150
43 102
86 185
14 131
23 97
3 179
21 44
86 68
43 25
77 158
33 22
73 25
10 134
21 59
96 67
89 93
11 50
31 179
57 43
80 98
32 153
23 140
35 93
67 35
39 99
67 174
73 108
12 140
93 56
61 99
22 120
48 192
46 189
21 130
97 176
26 35
24 186
73 180
57 159
71 117
30 40
36 106
53 34
80 175
48 66
59 26
25 128
21 162
10 109
58 55
59 150
57 74
68 58
82 51
88 35
92 135
9 88
53 105
66 35
54 134
88 142
30 125
62 39
69 93
53 42
40 19
91 146
9 30
26 133
76 112
61 25
96 158
19 51
66 196
81 197
61 83
99 30
44 166
21 80
54 88
55 27
50 131
74 169
59 181
78 148
60 85
34 91
76 145
53 51
77 71
65 53
88 182
40 187
29 114
41 140
71 95
43 116
29 153
88 133
73 108
69 56
97 114
87 176
26 74
44 123
68 166
60 31
57 160
85 163
75 145
32 10
26 58
1 53
18 70
66 138
85 72
3 78
21 55
50 87
87 49
67 101
20 111
67 115
43 56
46 61
23 78
83 175
15 104
35 56
28 179
69 100
15 79
63 63
37 119
29 170
17 119
18 70
99 16
81 168
73 199
37 18
47 20
69 15
43 114
30 110
86 41
47 138
6 142
78 157
70 111
75 22
24 90
21 146
29 73
38 138
57 161
24 83
20 38
41 190
39 84
62 166
12 19
29 129
17 140
16 19
96 40
45 94
28 181
99 74
27 124
8 23
4 17
6 25
77 102
22 149
23 53
2 196
68 134
86 25
21 117
23 101
11 84
6 177
88 156
84 49
36 44
1 89
69 184
90 120
56 191
79 199
60 77
79 199
39 176
40 89
65 165
86 143
97 196
28 29
53 57
85 18
11 75
25 99
85 134
94 137
47 103
3 35
64 135
27 56
86 199
35 181
38 186
54 121
18 33
24 118
82 176
87 30
4 67
49 117
30 85
47 73
4 183
72 114
1 86
99 107
29 160
50 112
94 185
61 115
18 56
82 124
85 152
28 195
8 20
18 140
71 25
12 45
80 47
10 57
31 131
63 49
7 129
89 192
85 65
26 155
43 72
36 36
34 169
93 169
93 89
82 159
46 191
9 16
11 133
38 95
50 185
58 77
61 34
99 167
56 147
54 137
66 105
37 150
99 128
83 164
5 179
68 191
31 38
64 19
32 88
19 109
76 127
42 161
2 172
70 73
41 33
98 93
41 49
55 42
46 163
11 137
55 152
71 170
36 175
49 17
49 191
90 188
35 112
97 37
96 90
65 57
21 114
37 145
58 111
84 58
65 81
69 131
72 190
83 185
83 125
57 77
19 176
99 119
82 44
20 200
37 162
29 194
91 90
16 60
24 43
87 76
64 151
21 125
49 58
46 14
24 198
65 183
9 134
15 10
32 55
77 168
32 190
31 44
88 120
90 200
44 122
30 198
84 48
67 86
45 43
44 143
38 140
31 157
58 160
55 42
25 160
45 47
82 124
81 112
15 136
37 167
37 144
63 58
82 102
32 102
89 38
9 171
55 180
79 191
5 161
77 200
93 142
12 127
73 110
82 180
39 77
78 175
43 177
89 62
44 135
33 139
33 104
82 44
80 187
19 142
40 129
93 93
71 150
64 146
52 165
60 124
87 182
60 122
65 87
82 87
57 18
60 78
12 133
72 196
30 80
56 197
6 13
47 95
100 181
34 33
32 132
23 72
3 114
53 52
10 57
88 129
11 121
44 133
47 37
79 127
68 64
31 126
29 36
12 77
87 89
41 123
65 35
3 194
14 45
98 33
57 79
82 112
65 35
35 27
66 185
18 96
69 27
53 77
100 55
55 46
44 10
78 171
53 139
23 22
53 195
83 88
26 44
3 128
38 60
65 73
56 70
95 93
59 87
62 161
82 129
18 95
90 158
7 140
30 67
53 72
91 40
62 115
79 153
41 33
69 194
29 55
35 86
93 29
4 121
86 51
75 113
69 146
31 91
92 163
67 110
85 129
27 171
1 59
14 199
17 28
98 172
41 25
68 18
12 66
63 55
24 40
97 100
67 163
6 20
37 182
63 66
96 36
85 199
76 59
95 132
98 46
19 67
14 37
81 57
14 57
91 89
27 17
29 70
99 151
10 54
74 99
57 81
38 190
72 68
85 94
77 65
10 111
50 19
15 74
38 65
19 89
14 169
6 90
80 190
30 57
71 157
45 169
20 159
11 153
40 100
22 172
65 32
97 75
77 153
40 70
8 27
13 133
46 136
27 83
4 141
26 26
27 144
36 193
68 156
60 34
13 42
59 18
66 147
64 145
19 10
70 122
96 79
5 35
79 96
54 105
47 45
87 174
39 192
10 102
61 157
59 161
12 95
96 76
78 127
66 16
61 67
41 20
62 18
94 139
15 121
59 188
45 38
56 154
7 52
87 96
22 187
20 99
50 190
17 89
70 180
97 134
10 103
98 130
6 104
87 150
76 173
85 39
43 108
39 138
30 125
25 79
36 120
85 159
24 88
6 140
1 103
8 34
21 32
65 62
44 190
25 160
54 123
89 153
83 101
96 68
56 79
47 175
75 68
46 143
76 26
80 51
29 131
29 154
43 72
92 20
44 150
62 107
32 182
16 177
91 191
50 133
92 98
70 159
100 200
49 15
52 88
80 79
59 180
27 137
36 124
29 137
57 169
49 47
51 95
73 161
47 178
60 88
91 59
81 160
90 85
22 102
26 111
71 162
78 92
60 50
12 20
65 197
6 26
79 23
54 79
23 18
57 200
16 181
99 192
12 84
47 148
87 154
29 47
10 96
36 169
74 184
39 133
100 16
73 153
24 164
62 145
79 145
95 87
98 153
93 48
63 130
33 158
5 47
40 94
16 153
8 38
86 139
74 169
88 19
38 170
43 187
35 12
25 70
56 134
54 44
63 96
27 200
74 22
91 102
80 125
14 158
4 110
20 131
62 53
99 183
25 138
82 94
70 91
29 168
75 121
47 25
91 105
60 29
2 97
71 182
66 51
73 152
61 12
27 42
57 132
64 135
92 54
38 68
76 186
