1000
35534
28 108
71 47
60 125
74 99
61 13
86 25
64 37
18 198
38 157
100 166
65 170
17 173
44 71
80 110
24 179
11 16
46 183
35 110
60 87
59 79
85 171
40 46
63 138
77 80
63 38
80 87
25 123
66 73
46 167
31 85
21 149
8 191
32 164
27 172
59 88
72 118
74 194
65 90
47 152
6 51
24 97
90 166
58 126
19 96
45 105
3 114
37 123
91 167
37 151
16 70
53 58
37 86
38 111
35 160
87 66
3 120
73 179
32 51
38 23
97 128
7 63
1 171
71 46
16 22
81 48
52 138
12 61
46 59
95 45
15 83
15 116
15 129
19 12
63 150
94 117
21 63
87 183
73 139
99 26
6 164
63 178
44 179
97 109
85 152
26 152
88 22
31 195
70 89
47 27
12 131
68 126
46 59
13 15
61 197
57 104
66 139
48 141
78 87
21 92
37 166
66 81
88 80
14 90
48 69
20 109
64 70
39 25
87 68
32 19
72 152
42 116
63 86
54 49
22 124
2 129
97 76
54 146
74 61
88 55
29 87
20 174
48 155
73 25
98 71
45 56
29 115
3 144
17 149
6 198
76 158
61 96
69 137
21 118
16 33
90 110
84 121
75 10
6 168
27 143
36 169
96 117
50 133
57 120
41 51
97 42
4 93
9 134
72 114
42 107
34 98
98 62
36 128
24 190
59 200
82 58
80 35
58 142
2 199
87 195
98 71
18 17
10 24
79 149
26 40
15 13
27 10
65 162
69 183
61 139
53 190
39 90
43 132
64 179
80 179
67 76
14 73
87 175
7 50
52 106
50 102
17 121
65 90
100 190
4 51
26 137
4 120
31 161
25 200
48 198
68 120
73 89
92 130
53 142
14 11
19 67
43 132
78 68
84 98
61 130
27 28
74 103
26 182
7 77
71 68
22 49
25 85
19 51
97 162
100 85
57 18
43 75
71 155
32 103
20 149
4 39
80 63
84 17
53 75
30 93
63 42
58 41
45 182
71 65
38 16
22 139
96 157
63 172
37 147
96 143
61 165
30 167
1 157
54 177
42 183
44 109
22 168
22 128
46 120
1 87
14 87
1 86
51 20
82 53
63 84
11 173
39 41
96 84
43 181
31 45
82 159
57 109
41 29
97 103
40 109
12 69
68 101
48 160
63 88
10 15
50 168
20 156
32 50
22 154
17 21
29 164
69 162
95 197
22 101
67 117
21 132
93 19
95 143
65 193
47 77
90 14
51 186
11 136
9 70
62 111
35 100
82 193
97 66
69 139
61 185
89 103
40 184
61 72
65 42
50 81
80 87
71 196
24 11
88 56
90 184
70 170
70 115
86 12
12 185
16 43
20 183
22 102
97 35
27 92
95 54
33 127
82 57
71 120
94 183
18 140
41 101
35 192
9 71
70 177
80 149
48 162
52 38
50 62
20 137
46 45
41 85
60 14
39 107
89 27
98 193
90 38
91 154
5 52
39 102
66 113
23 68
80 109
19 108
53 159
64 156
91 102
37 26
91 150
9 145
97 32
43 108
66 62
78 149
78 164
8 100
1 50
61 40
64 65
56 143
84 23
86 178
15 171
50 146
63 111
71 169
89 28
35 74
39 40
22 184
93 146
30 47
87 110
32 25
3 60
31 17
85 196
54 101
40 115
86 130
64 27
65 25
14 186
31 106
77 73
25 76
77 126
63 155
40 94
12 182
68 107
50 28
9 18
29 182
19 162
15 71
61 28
67 48
51 68
63 63
82 48
95 184
98 196
31 172
88 45
9 27
98 119
58 88
89 35
69 150
44 88
42 112
52 142
59 19
83 53
78 79
30 110
5 85
70 17
20 38
17 173
70 166
6 109
86 194
4 72
20 49
16 133
93 139
64 164
34 147
5 41
55 51
29 72
66 170
69 199
11 77
100 30
47 169
56 179
93 176
96 112
26 26
59 103
59 18
77 174
90 175
35 83
33 150
55 166
41 130
96 16
94 64
63 100
86 166
62 19
55 154
85 76
18 128
5 15
47 90
100 69
70 133
55 16
23 186
7 167
75 178
55 147
24 118
42 158
72 121
46 110
50 74
31 129
34 197
17 85
91 99
61 120
85 165
57 63
28 23
45 44
62 122
75 25
43 80
66 44
94 136
24 146
84 150
1 76
9 151
82 148
65 102
59 164
74 98
24 55
44 160
41 124
21 17
44 23
54 156
41 73
74 166
47 111
21 197
75 42
97 170
48 140
63 193
28 18
64 183
4 198
70 121
8 121
30 198
100 162
68 43
55 34
7 192
74 105
50 50
62 53
67 128
23 17
83 104
59 53
63 50
31 72
5 80
58 156
49 35
21 24
80 74
81 122
70 176
99 154
54 30
52 141
31 74
24 166
66 111
34 114
36 175
32 140
47 84
26 59
4 73
71 153
42 90
9 79
40 100
6 100
22 11
84 114
42 145
88 94
49 88
28 145
34 29
83 134
79 46
20 108
70 24
60 76
57 144
69 70
85 166
83 53
57 58
41 36
22 197
27 101
73 66
12 107
5 76
56 163
66 188
51 37
11 159
42 108
61 70
88 153
57 131
63 156
29 50
65 178
70 14
55 91
1 84
26 69
39 74
2 28
23 159
77 56
9 71
37 154
39 120
34 153
64 133
24 150
26 113
8 167
93 185
46 15
91 11
58 172
17 82
39 101
11 136
26 139
61 67
94 198
19 87
96 29
42 74
10 162
49 37
85 72
15 124
76 136
79 194
83 190
85 51
69 42
97 199
46 183
66 135
66 81
10 76
49 80
4 132
20 142
2 67
75 123
12 198
92 62
24 164
24 113
25 30
100 37
34 187
21 151
72 199
39 196
8 130
59 118
94 189
17 151
30 121
26 73
27 40
59 79
53 84
60 127
64 99
98 57
19 103
19 130
17 43
64 141
53 169
72 186
13 21
96 53
50 181
100 57
8 17
45 105
72 56
55 98
75 152
46 107
60 45
7 186
29 151
46 200
49 134
37 66
52 117
81 59
30 63
25 148
29 23
74 186
82 69
42 171
10 171
33 36
31 124
93 122
26 110
37 13
37 48
21 138
96 14
82 108
62 176
91 56
29 102
24 138
52 108
30 100
28 161
39 139
26 85
43 200
63 27
87 76
38 94
54 69
37 128
67 97
83 132
46 19
34 105
87 159
1 131
52 88
67 192
69 172
3 71
20 29
92 89
95 50
31 43
67 192
60 138
15 89
88 60
43 120
8 32
79 200
39 13
48 154
93 104
72 119
38 138
99 139
59 78
18 90
24 29
61 141
29 119
69 36
92 152
80 24
76 176
12 120
19 137
90 64
2 81
4 132
52 133
97 11
18 79
87 125
42 105
60 184
54 118
72 63
88 56
97 10
73 41
11 131
40 26
27 81
98 120
87 125
62 57
94 122
85 200
75 63
13 188
13 183
59 198
8 58
46 119
66 131
76 113
99 108
62 108
95 172
26 192
5 66
95 23
61 63
3 139
69 47
79 126
67 112
24 74
19 24
13 193
29 94
61 122
19 149
85 199
29 37
78 47
2 118
31 124
69 106
49 55
3 101
91 154
85 112
33 163
41 127
60 99
43 136
30 151
35 196
23 145
42 78
51 97
10 136
14 89
25 179
58 146
87 28
42 127
48 188
97 126
94 150
12 133
62 136
76 138
63 134
52 56
15 139
89 37
79 165
81 181
74 176
80 189
3 31
77 106
97 28
78 171
8 183
45 178
26 102
16 149
80 94
49 28
47 131
65 75
47 95
64 174
32 182
56 82
92 52
37 101
52 172
91 32
4 150
56 194
97 46
59 163
65 105
7 23
20 153
52 77
2 134
13 136
89 105
33 151
10 36
96 17
80 56
12 130
97 178
98 78
96 83
39 65
20 122
44 197
15 16
36 184
86 55
89 55
35 179
93 175
78 54
13 99
36 91
52 39
63 193
96 133
82 108
89 114
23 176
78 47
56 173
15 116
92 15
77 137
65 120
22 84
94 196
86 50
53 33
45 81
31 168
19 154
36 87
85 77
53 139
6 107
99 135
40 126
6 162
71 120
2 100
89 136
46 148
25 175
9 54
6 44
35 164
41 69
93 105
11 189
59 173
47 172
41 20
45 70
38 89
82 36
95 185
74 89
83 61
19 53
36 18
95 63
88 72
52 151
70 85
15 193
92 45
84 68
91 161
15 132
97 126
8 181
45 61
99 158
90 140
26 186
8 113
51 155
22 107
63 122
47 21
78 23
86 65
73 14
47 21
43 45
60 197
36 40
1 93
9 193
16 200
56 41
79 79
39 19
44 44
56 106
42 70
72 95
99 140
57 79
38 134
34 160
79 131
7 59
80 187
61 62
11 40
79 15
90 169
61 145
63 157
29 101
39 24
34 179
3 61
34 198
79 115
84 49
89 12
3 74
59 178
51 184
15 159
22 173
26 132
81 142
32 140
90 153
12 158
24 177
40 197
44 44
80 68
14 109
50 83
8 18
99 115
64 197
54 52
94 48
