1000
35518
89 192
82 12
87 76
27 161
98 91
79 134
93 137
82 45
98 187
80 61
16 185
39 131
34 179
20 72
18 108
68 59
19 43
10 67
34 17
6 20
78 161
78 97
85 193
83 57
93 178
25 14
28 24
73 74
49 161
71 57
34 137
32 166
55 115
88 54
68 126
33 140
80 185
38 118
2 108
7 177
2 136
76 97
6 27
30 151
6 93
43 111
6 153
82 134
17 165
47 102
11 24
48 27
56 125
10 112
33 138
19 64
64 127
94 193
2 64
61 103
4 75
93 199
86 131
41 79
80 185
65 33
14 166
9 46
88 186
98 47
45 74
10 61
8 27
92 108
20 23
44 114
88 42
98 25
66 128
86 61
73 106
89 47
74 69
58 140
41 154
22 150
15 73
75 145
91 97
3 189
59 195
83 23
27 136
1 194
10 183
94 150
36 34
15 55
55 14
28 33
38 162
5 71
25 141
93 89
39 66
45 64
64 24
87 62
47 81
7 72
70 56
29 44
84 196
90 43
46 18
49 42
7 124
46 161
61 41
77 183
10 46
19 188
62 100
70 155
64 135
89 112
34 18
15 44
51 93
79 53
24 188
8 133
61 40
13 175
73 139
32 97
63 146
9 167
6 27
27 170
68 94
42 119
56 139
38 44
34 22
51 37
53 58
5 159
56 101
27 91
39 16
73 29
56 14
16 90
100 120
32 80
13 55
49 63
23 66
46 75
14 97
34 95
88 67
55 52
69 143
72 79
93 100
57 190
34 127
95 162
37 113
13 114
57 197
97 84
3 152
74 194
75 105
83 18
16 123
90 58
61 48
78 95
58 125
73 74
64 146
23 90
13 166
45 50
99 21
3 181
22 24
63 20
10 112
22 164
1 104
17 161
59 59
51 154
35 25
50 94
52 165
67 36
57 46
21 32
77 48
89 44
35 30
14 105
17 184
99 112
68 128
63 123
24 143
61 40
6 146
15 134
100 176
94 157
37 12
49 145
60 112
70 96
15 128
25 76
81 90
8 177
85 83
77 46
38 29
82 79
88 73
75 77
58 128
71 195
84 76
17 180
97 110
87 11
43 121
65 142
52 37
33 139
94 65
30 34
69 196
94 197
1 14
52 119
9 118
8 138
82 18
85 60
68 23
53 156
15 197
41 146
6 42
55 51
32 92
60 168
70 107
28 42
96 44
31 199
47 25
97 156
90 59
51 78
80 98
55 131
42 150
91 60
1 153
79 187
2 137
19 167
46 65
83 71
80 180
71 162
97 44
89 96
25 188
43 80
75 117
52 37
80 47
71 132
14 66
27 199
37 19
70 128
54 119
77 66
12 43
26 187
13 91
67 152
66 156
77 174
84 152
37 179
43 143
75 184
84 162
54 80
11 184
78 171
76 120
79 145
1 109
28 41
32 101
56 133
36 28
49 195
80 38
1 66
51 153
43 83
17 40
21 163
47 49
55 38
22 59
64 157
61 60
80 120
6 160
38 114
98 60
93 124
94 138
50 43
56 55
1 141
18 177
97 42
69 109
99 70
9 39
59 45
78 74
14 174
74 192
92 55
26 187
67 25
19 51
31 114
12 63
98 193
68 134
18 165
48 67
88 33
64 145
11 116
36 158
54 12
29 45
44 38
89 169
10 176
80 154
11 73
14 27
63 136
38 82
76 68
98 163
66 91
11 132
36 185
41 132
47 177
22 94
45 53
19 117
27 135
90 128
61 62
84 106
66 98
46 21
63 25
62 55
83 13
76 164
100 153
19 142
100 22
52 144
52 12
86 141
44 115
75 121
92 142
29 109
98 163
44 19
38 116
54 127
30 141
78 36
83 27
12 101
83 146
100 184
46 83
53 189
86 142
90 49
6 120
38 97
55 112
63 59
65 37
81 164
28 15
38 10
66 39
29 43
38 133
51 10
47 104
45 164
34 174
85 190
89 84
63 43
42 38
72 149
65 143
26 72
9 106
73 141
100 17
19 163
56 75
53 128
62 72
98 26
1 124
87 114
20 59
29 183
77 43
3 26
33 180
18 63
50 53
12 75
13 195
86 65
59 74
73 198
42 109
16 181
84 68
15 48
27 186
32 35
19 39
91 89
76 10
49 24
8 197
88 188
86 124
26 168
46 89
80 85
64 157
10 136
40 165
14 191
55 199
65 23
93 151
77 12
22 135
90 62
98 10
64 161
66 171
11 24
51 53
29 166
16 104
51 110
34 194
28 181
83 200
33 55
44 85
25 110
36 191
47 54
74 194
29 22
54 160
89 143
64 147
80 58
24 26
99 155
11 137
85 139
52 155
94 118
81 53
6 14
15 115
20 173
56 151
20 163
31 31
42 153
55 196
6 29
68 94
44 119
47 191
26 135
40 117
93 138
56 90
97 90
97 47
100 37
63 77
31 199
56 130
42 79
71 179
40 59
42 23
31 190
14 103
41 100
52 119
18 127
33 158
36 163
29 27
68 179
81 148
36 33
97 67
83 61
35 43
12 76
7 95
90 174
30 38
54 64
57 38
47 163
83 183
4 46
68 163
35 28
45 129
96 162
44 73
1 144
12 75
27 118
87 10
49 113
24 197
15 68
34 81
29 99
79 98
64 32
37 13
82 132
59 77
97 170
50 175
71 21
85 183
33 146
59 66
66 30
79 54
35 37
73 92
39 50
17 23
13 141
4 149
43 119
23 140
52 88
50 131
98 190
88 113
24 165
77 181
23 48
97 168
30 76
80 60
78 35
28 67
5 99
29 87
83 137
100 112
45 143
19 56
74 17
57 121
35 190
3 84
51 25
41 175
19 158
35 19
47 21
27 67
81 163
23 108
24 144
88 176
41 113
95 97
40 62
37 83
78 137
68 26
20 136
97 118
14 53
61 189
60 72
42 109
70 10
85 14
64 179
40 80
27 137
47 21
7 178
7 18
67 126
31 184
52 12
12 54
72 161
42 135
37 136
91 19
1 195
45 66
48 16
84 64
33 175
15 154
88 149
56 195
80 143
83 193
5 166
54 143
44 113
51 78
29 133
31 27
79 136
83 186
23 189
85 26
71 152
82 132
81 112
80 175
12 114
33 54
72 64
50 151
76 192
26 61
34 62
56 200
77 198
60 199
52 98
17 72
63 99
25 141
68 78
36 108
68 97
55 17
63 12
43 16
15 124
63 145
35 20
73 102
92 121
22 61
14 165
69 52
84 13
99 164
69 196
6 195
45 123
6 121
91 72
23 14
63 124
49 164
31 52
18 88
17 10
18 164
55 110
70 107
90 105
96 193
3 119
28 121
53 164
3 54
47 117
88 74
35 84
15 125
92 113
60 143
72 156
84 102
31 140
40 14
75 192
42 167
6 53
30 92
26 116
87 190
79 163
71 44
70 49
31 184
8 43
34 170
57 169
48 191
100 166
59 105
90 40
64 102
66 164
34 114
74 112
27 84
54 120
95 45
41 176
17 105
61 32
71 113
65 193
3 114
7 14
73 38
10 10
96 143
5 127
63 120
17 87
19 54
31 14
3 63
20 71
100 18
88 155
52 196
7 96
94 122
20 158
2 92
61 169
60 53
71 89
17 61
74 44
30 27
16 197
6 20
43 94
82 88
70 197
63 34
10 167
76 129
50 195
4 124
82 79
79 136
1 63
57 71
20 155
29 141
27 124
13 24
27 132
64 153
10 80
72 162
21 163
86 26
32 132
22 96
66 115
68 80
73 158
47 29
4 32
67 136
32 167
77 148
92 143
68 171
46 197
99 136
77 72
87 182
90 184
96 174
15 21
60 187
28 193
13 149
41 125
43 116
18 86
22 10
30 86
19 65
35 53
26 198
95 164
28 103
52 137
65 107
93 138
6 138
2 147
61 19
52 185
17 102
11 164
86 173
77 90
35 197
85 69
85 96
20 87
66 144
63 80
20 81
84 60
8 146
6 195
3 178
85 54
16 197
37 139
47 91
44 198
66 85
64 152
90 118
89 132
15 52
38 133
56 94
42 163
33 29
25 35
53 59
91 187
79 108
43 30
63 177
38 167
40 38
38 101
49 49
65 177
59 165
15 23
71 43
65 169
56 98
66 104
22 185
68 105
97 45
37 108
94 33
46 169
67 83
100 23
17 159
74 62
76 25
55 126
69 53
39 12
82 149
22 175
89 148
63 29
97 26
5 83
42 28
13 24
45 99
25 100
32 107
18 116
41 27
32 74
2 171
17 35
99 84
91 26
68 88
56 56
11 175
46 103
72 12
79 108
20 95
14 182
91 61
99 57
37 96
71 164
24 121
70 53
13 168
99 174
49 53
79 30
3 186
76 27
47 22
7 11
55 171
71 58
9 130
2 146
39 70
89 138
84 140
71 27
10 47
90 90
42 184
35 17
69 172
56 119
43 42
80 33
55 55
54 127
16 92
96 143
14 160
69 194
17 152
46 190
100 66
17 113
88 116
45 136
95 96
89 16
89 43
83 37
86 35
75 87
38 110
8 138
87 65
39 130
96 32
63 107
88 29
93 74
76 165
