1000
34183
95 179
1 85
69 163
98 65
40 143
88 129
30 35
57 49
32 31
73 76
19 181
8 197
95 97
1 160
45 157
33 91
65 147
33 145
36 34
80 109
14 30
66 52
68 89
59 87
96 71
94 158
25 47
15 21
69 118
23 17
74 158
67 143
75 101
75 106
86 54
26 192
27 27
32 176
44 36
74 200
8 74
60 83
16 117
7 97
77 151
40 200
15 140
56 195
56 164
29 102
72 167
25 148
16 10
26 12
58 12
6 31
91 70
2 134
5 162
71 185
86 57
68 140
50 140
96 39
25 84
44 52
100 108
84 126
59 170
95 179
41 27
76 161
19 121
21 156
70 108
39 158
51 23
29 176
30 29
16 132
49 120
91 141
99 57
45 26
73 83
13 44
3 32
53 150
79 80
97 144
46 27
13 51
58 89
94 15
98 124
93 14
67 185
69 106
18 83
78 94
47 165
4 182
92 43
11 123
17 142
65 46
5 110
89 154
96 13
50 155
39 179
17 131
26 196
10 56
28 197
99 56
42 62
18 16
97 39
83 80
24 169
4 23
35 154
25 90
49 138
43 68
14 115
80 91
75 31
17 100
59 151
51 169
16 198
5 96
72 105
33 88
6 189
88 115
2 175
2 34
20 106
50 107
15 83
11 136
74 109
94 175
35 34
10 61
23 67
47 130
95 159
19 93
90 51
59 176
15 153
38 162
66 96
29 173
13 158
27 195
62 51
16 200
49 46
60 43
37 61
85 123
52 115
91 51
18 63
53 167
75 139
87 130
74 110
91 200
23 142
32 48
36 78
86 62
29 105
94 30
47 47
2 135
61 199
68 60
74 23
55 149
23 63
96 37
36 63
52 68
58 128
37 131
93 84
34 110
49 171
73 174
81 135
11 90
10 181
47 38
4 183
1 55
76 110
44 80
84 18
17 192
12 42
30 11
85 130
3 141
31 13
25 50
95 114
84 115
45 89
3 180
63 39
14 120
59 12
43 158
3 78
31 10
17 131
54 180
29 133
79 48
95 75
92 132
99 118
100 164
67 33
10 189
57 199
84 137
23 67
20 89
16 44
64 15
38 43
47 177
35 17
1 105
88 78
19 104
41 155
26 176
81 178
59 46
17 165
83 132
72 117
49 152
51 73
70 147
44 199
91 31
89 24
27 43
75 38
99 34
30 98
15 88
53 12
100 134
59 145
25 63
55 61
87 140
63 132
77 25
6 26
11 137
56 139
67 62
5 181
45 101
19 71
48 187
17 57
67 36
81 127
57 157
83 49
42 76
57 81
45 117
86 25
94 49
36 67
78 53
28 24
33 125
26 148
80 181
95 11
41 122
48 108
2 98
8 99
49 13
53 83
63 156
40 115
55 114
36 33
31 191
5 170
61 145
16 63
39 132
61 97
95 92
12 64
24 186
22 175
82 165
60 101
13 42
17 92
19 103
100 43
30 119
60 24
86 21
14 153
25 100
26 179
70 111
17 136
55 192
21 59
69 115
88 117
66 71
76 198
60 109
54 154
11 69
18 133
74 94
89 197
62 136
59 175
34 63
43 164
37 194
93 70
49 73
66 200
54 36
92 163
44 170
10 156
86 198
96 64
27 104
68 72
54 123
29 147
79 41
34 197
24 58
63 48
26 71
5 141
66 131
83 75
32 46
81 79
75 142
83 142
26 116
10 20
86 155
94 162
94 107
64 172
10 142
68 140
64 58
63 95
27 148
28 119
97 25
60 110
77 30
54 66
48 96
21 56
38 199
95 19
77 157
88 178
6 63
88 40
90 32
60 21
1 114
5 28
90 155
9 190
32 192
91 44
3 148
30 138
40 95
12 82
28 179
30 83
42 32
3 37
25 120
81 122
65 156
15 83
19 126
4 160
19 24
37 144
41 167
94 42
36 183
14 75
78 53
58 131
36 61
12 129
30 122
44 94
22 92
33 109
88 67
3 167
48 144
41 66
76 164
76 12
96 166
74 123
92 135
95 128
62 199
76 184
80 143
55 139
80 173
43 13
40 68
63 93
87 72
58 180
91 179
47 151
35 123
84 138
19 35
13 181
2 186
19 74
44 125
16 10
65 198
98 43
61 61
76 193
85 152
24 128
53 117
63 13
75 145
28 122
12 89
69 29
98 120
57 97
13 80
32 23
5 164
63 106
92 133
67 182
22 146
90 22
4 124
63 189
21 20
56 139
93 73
26 101
75 167
87 33
10 175
66 99
49 65
88 138
96 59
95 113
67 163
35 162
73 112
43 81
77 20
15 63
91 40
4 37
78 141
97 199
66 188
92 197
54 68
64 112
39 29
24 76
56 169
33 110
54 35
54 148
71 20
89 149
18 116
28 77
71 26
43 199
69 151
100 117
4 33
98 139
23 17
3 166
74 106
6 94
12 57
70 154
35 105
88 33
31 126
100 97
51 191
43 42
79 168
96 117
8 175
83 22
35 159
4 34
66 130
17 54
54 143
87 173
73 76
45 85
21 90
72 189
30 56
41 104
25 86
52 141
18 111
91 41
41 157
76 44
48 116
67 65
20 122
89 69
100 65
67 50
89 164
39 20
28 78
83 24
55 64
60 48
31 11
39 48
6 69
55 105
50 49
21 118
54 116
42 19
67 48
96 35
56 121
32 128
31 92
67 68
79 37
22 171
13 128
100 183
56 121
95 104
45 58
33 130
81 108
60 87
45 83
14 123
51 183
41 82
63 15
7 95
56 73
56 19
4 142
82 75
58 196
45 121
32 192
18 83
68 72
94 71
15 30
66 49
39 52
25 107
23 154
66 29
81 15
35 164
45 128
43 61
56 60
53 140
91 40
8 191
99 191
97 124
97 169
30 166
31 63
54 148
40 55
3 40
15 14
36 174
89 200
83 115
12 28
21 118
90 178
54 63
20 110
13 123
95 166
93 184
17 149
52 102
84 197
96 130
10 149
29 117
29 49
69 41
7 73
78 118
76 29
25 173
9 192
36 183
88 84
85 159
1 168
55 172
1 142
70 186
82 184
76 13
14 24
37 44
55 143
7 42
7 43
40 38
15 81
99 121
20 118
17 10
50 137
74 91
6 87
7 21
78 127
65 194
86 17
26 77
67 62
90 188
72 80
5 50
13 40
29 62
45 84
68 154
41 116
85 183
91 25
60 63
89 159
56 171
90 69
93 153
29 77
11 73
51 25
78 192
39 166
34 181
77 118
91 81
30 190
6 158
4 16
45 124
60 34
66 139
21 122
55 185
37 21
71 179
67 44
40 123
38 88
59 68
87 175
58 153
14 89
12 119
29 165
44 164
43 134
57 36
40 157
14 29
36 78
66 50
74 197
2 158
85 172
66 87
2 158
22 14
18 66
36 66
49 192
80 74
47 87
75 79
21 47
11 15
27 180
73 88
36 86
5 182
26 147
87 64
62 189
29 19
69 74
7 92
4 28
4 129
39 194
83 11
71 180
58 150
70 29
100 75
45 147
60 26
95 15
8 171
69 176
34 53
6 193
73 23
28 17
58 73
28 27
46 24
80 80
6 190
55 57
44 52
28 108
91 70
41 87
15 83
99 90
75 18
67 126
59 132
96 42
47 24
9 31
12 181
52 86
84 102
76 144
17 34
98 51
4 65
38 64
74 143
9 108
52 200
11 134
16 160
30 162
84 195
91 103
48 193
50 76
78 63
64 33
76 170
85 168
65 89
6 109
81 40
93 141
58 63
29 89
3 166
28 174
49 148
81 35
68 180
33 106
83 81
30 184
18 113
15 65
12 107
7 194
32 66
54 170
19 156
81 151
54 63
51 115
20 116
55 179
11 47
12 187
86 105
65 114
88 185
76 192
58 130
64 109
77 70
7 165
85 163
19 138
83 44
30 74
18 123
79 147
23 61
81 74
36 150
49 52
40 25
22 155
43 130
42 33
84 45
7 48
32 71
42 145
80 59
30 172
19 43
24 42
80 33
80 104
30 137
15 74
23 172
69 107
71 174
62 47
91 134
6 189
11 145
38 31
31 191
39 44
87 125
32 93
17 71
37 129
96 129
24 65
16 194
26 161
99 118
75 23
71 154
32 42
8 13
55 173
42 80
9 28
74 158
66 144
3 146
24 77
92 98
2 35
79 119
19 26
10 92
64 167
75 76
9 177
59 193
56 123
79 200
23 126
33 69
21 46
12 80
10 133
95 88
75 114
69 129
56 97
32 168
11 38
3 24
77 158
66 49
9 58
12 92
17 100
2 111
16 84
46 56
19 64
10 93
72 132
59 134
80 98
50 52
87 123
38 87
75 11
74 98
60 141
87 151
23 19
9 183
44 199
60 30
85 82
72 142
34 28
26 80
54 129
60 61
16 165
16 17
13 16
47 184
34 186
84 196
76 26
40 91
9 23
25 46
20 75
67 106
73 38
47 133
50 28
15 25
56 62
62 91
7 84
100 80
30 103
10 61
29 180
22 84
10 184
6 30
64 194
36 87
54 174
55 81
66 200
16 39
50 178
51 143
5 132
45 165
37 69
