1000
34835
40 172
28 135
54 146
95 78
98 135
20 33
68 22
20 19
19 35
38 102
33 178
27 115
99 67
75 157
27 131
29 19
90 161
67 137
6 108
85 16
68 125
4 18
33 184
78 43
64 61
47 93
49 135
52 44
65 155
24 88
58 176
91 32
5 69
37 82
18 113
71 30
37 113
11 169
54 57
46 160
86 170
49 191
43 155
21 127
21 27
88 26
78 37
1 30
81 30
83 37
70 47
56 172
91 23
47 125
86 168
88 113
24 113
11 161
20 178
78 114
1 22
6 14
47 111
80 172
45 157
57 98
90 42
19 22
30 91
10 179
37 26
2 185
48 135
67 186
30 152
63 100
43 199
46 51
33 167
41 128
13 76
74 110
48 93
33 106
2 77
11 184
8 21
81 13
15 148
83 45
38 175
21 34
9 116
62 43
94 12
70 81
7 148
46 130
48 84
32 194
65 107
37 91
82 32
79 161
12 77
7 39
2 159
85 186
56 88
16 94
43 182
39 109
94 99
21 27
68 155
74 135
30 188
86 121
27 21
37 23
46 131
76 137
31 51
88 170
5 26
97 97
47 64
16 175
79 110
99 14
96 144
55 62
25 190
42 75
58 12
26 198
16 160
96 106
59 145
40 76
66 125
100 42
9 47
97 41
24 71
64 118
2 120
25 79
39 38
16 193
99 137
48 60
29 78
83 163
94 51
40 157
64 89
9 197
84 158
40 150
20 159
76 21
22 194
44 75
94 182
32 11
13 77
49 174
2 129
84 121
80 40
49 143
18 23
33 103
80 43
17 154
86 141
94 125
74 82
48 176
88 171
80 98
35 96
91 99
7 128
45 196
41 86
99 162
18 44
51 111
84 26
74 128
19 12
55 118
77 48
55 169
76 180
10 68
64 130
41 86
2 67
76 134
32 151
65 148
59 38
10 11
84 68
5 190
72 115
72 107
11 60
71 140
16 71
98 54
64 86
15 70
5 80
49 178
77 69
73 91
72 39
23 17
13 188
32 138
84 115
10 24
77 151
53 88
50 69
48 174
22 109
34 71
53 55
98 165
8 97
69 103
12 184
36 182
79 127
7 156
31 131
63 51
1 130
58 171
58 111
66 13
14 152
50 186
8 128
53 81
96 118
18 188
46 149
81 60
36 79
6 25
44 144
16 97
33 117
51 133
41 58
77 117
32 81
71 81
40 67
76 87
85 81
83 22
89 64
2 55
25 108
64 155
35 43
8 104
93 46
9 109
79 101
8 64
16 40
55 168
65 110
30 93
5 41
14 147
48 143
75 148
59 46
85 170
90 38
78 156
9 182
70 52
20 120
11 70
46 13
15 188
59 111
49 134
10 111
20 119
14 86
86 114
89 181
100 81
80 190
14 94
9 42
86 154
39 190
61 129
41 30
79 49
18 152
43 109
72 199
68 183
61 50
15 183
94 142
3 155
29 119
83 73
96 33
24 74
31 49
87 17
18 148
71 171
8 30
2 126
13 33
45 81
87 56
76 130
70 91
28 126
6 113
68 49
86 167
62 119
77 85
80 76
57 106
47 75
51 15
39 21
96 132
52 55
68 17
57 144
40 118
9 155
71 126
80 29
21 160
36 85
38 142
36 185
24 106
41 106
2 112
27 63
41 185
70 125
59 106
23 131
51 35
81 184
44 183
81 191
46 36
90 55
26 41
71 85
8 121
80 69
70 15
76 57
12 98
50 41
93 25
15 29
6 38
62 78
35 194
81 57
72 19
67 187
2 15
78 187
6 126
99 41
17 41
9 21
19 182
73 177
41 146
15 83
76 57
74 72
87 33
51 23
86 168
8 169
50 185
49 98
25 18
32 194
8 93
69 27
5 169
41 50
66 27
2 35
45 166
53 98
87 169
95 16
57 57
87 155
79 144
41 119
40 65
96 117
47 173
32 84
34 54
38 66
33 127
79 183
46 59
86 179
88 86
56 142
92 117
60 20
3 67
15 78
57 95
55 31
49 66
57 141
68 148
8 127
21 143
91 18
18 154
50 85
98 113
75 176
80 154
52 98
45 12
4 178
38 167
81 147
5 195
20 135
49 85
25 138
83 158
6 66
54 56
68 59
80 87
73 82
88 96
45 57
21 181
67 136
31 171
88 11
83 122
8 156
67 101
63 38
14 130
1 158
82 170
69 38
24 97
1 144
48 27
21 11
47 129
67 143
60 153
62 15
27 122
90 81
34 124
61 17
65 98
99 151
28 95
74 133
23 155
11 28
95 157
93 151
30 87
32 121
28 136
72 15
83 27
38 98
43 175
2 63
65 54
15 129
8 177
71 184
22 39
83 122
96 65
93 142
77 82
45 36
65 91
75 123
24 192
41 118
33 103
61 81
86 157
53 179
13 30
26 185
76 167
86 96
28 190
58 80
87 23
18 30
99 171
90 135
9 99
57 80
36 78
91 104
24 45
13 46
15 20
81 171
77 159
89 116
47 101
63 75
70 75
89 85
76 149
88 168
37 52
64 98
42 15
66 122
17 200
51 77
69 109
89 14
93 148
6 43
11 159
51 64
38 81
3 79
92 57
32 137
34 123
44 165
30 145
64 191
72 114
40 123
37 129
34 26
68 156
97 144
89 155
16 145
30 38
26 143
81 37
34 57
34 84
74 81
27 141
12 160
47 56
93 123
100 83
85 129
46 131
91 165
22 192
81 11
9 196
34 60
11 60
80 127
98 39
42 85
29 146
59 67
31 192
87 176
7 174
46 19
46 138
77 111
77 70
30 41
83 109
33 123
45 190
54 124
22 115
73 179
54 172
25 147
70 69
44 187
1 78
26 10
68 68
12 149
52 149
32 152
15 176
64 80
99 145
31 106
87 103
83 158
54 60
70 170
12 37
13 147
79 58
11 185
47 81
93 117
67 151
21 128
45 28
30 97
65 159
80 38
91 71
35 56
54 104
38 115
84 165
12 181
39 178
67 44
31 171
56 70
7 191
65 184
1 173
8 16
43 197
28 158
33 142
33 145
64 133
27 173
84 143
74 85
58 197
22 89
23 97
30 45
65 139
97 144
28 104
95 52
30 85
35 68
73 121
11 15
4 28
31 172
24 114
45 160
51 63
97 78
35 149
20 100
18 60
34 191
100 47
23 159
12 91
30 106
43 186
64 73
9 26
3 56
66 16
92 189
69 122
14 173
5 177
50 150
12 135
49 45
59 127
15 85
23 133
60 93
39 93
70 22
43 167
1 164
20 32
60 103
73 20
42 107
35 31
27 72
84 127
43 84
24 118
16 188
7 198
99 173
55 16
55 142
99 111
44 80
43 135
41 124
46 188
36 82
85 172
71 177
85 49
62 137
36 48
51 72
39 157
68 188
10 91
54 120
3 187
55 152
79 163
92 112
88 102
99 72
86 70
63 49
42 192
16 33
73 54
74 102
52 24
17 164
10 80
11 114
4 144
20 46
15 134
61 110
43 88
48 103
22 13
66 41
26 50
49 103
98 134
32 144
28 183
19 120
100 10
68 127
72 91
26 171
83 141
68 92
6 92
97 72
14 133
49 175
55 57
98 199
75 103
24 54
93 151
22 25
59 182
10 86
76 86
14 128
61 95
93 147
72 82
43 167
82 170
98 184
99 109
14 187
25 24
77 65
69 172
21 29
79 54
84 143
79 14
18 36
31 14
11 52
60 92
77 61
13 84
27 194
30 141
74 114
45 73
12 44
37 14
76 82
89 114
78 155
100 15
17 32
35 159
45 52
73 177
88 43
94 60
70 67
67 161
39 124
65 124
35 192
60 20
60 15
65 155
81 149
5 61
70 153
87 176
62 69
39 11
1 160
66 32
80 157
64 45
24 38
76 90
11 34
8 127
52 165
79 151
87 148
62 84
66 122
82 198
81 117
94 117
99 152
33 126
3 143
98 128
96 39
84 188
61 185
44 185
51 154
39 19
100 42
19 199
53 85
64 188
33 108
34 59
87 67
93 47
68 42
3 28
94 53
48 52
52 121
25 151
50 133
71 72
71 147
52 153
94 102
84 94
28 92
13 185
36 143
31 150
42 65
93 175
79 48
37 47
3 59
48 62
15 179
85 167
33 92
36 193
85 27
28 149
79 84
17 137
67 38
22 118
2 171
40 47
95 173
67 104
81 178
17 65
36 53
82 123
80 116
84 30
14 40
27 81
23 133
72 145
22 182
10 93
82 182
42 65
72 100
70 187
24 135
58 41
79 165
55 161
33 115
8 162
74 44
34 186
5 165
40 46
69 196
85 162
28 162
33 189
28 113
27 185
42 116
49 49
6 46
23 134
52 148
48 153
21 102
94 162
67 73
41 136
92 192
41 27
25 31
1 84
29 61
45 96
49 88
9 172
6 115
60 125
44 29
28 39
86 113
74 193
84 156
63 120
25 88
39 71
45 14
39 181
32 65
97 24
80 199
85 37
79 191
58 12
6 185
77 19
25 148
86 166
18 80
7 93
60 98
31 122
55 124
99 107
91 34
92 86
30 143
10 26
46 165
