1000
35303
91 183
43 24
99 53
5 145
48 65
64 56
93 192
90 153
52 93
15 165
55 133
74 126
36 152
61 132
6 38
64 81
74 72
33 42
86 181
85 161
54 112
15 17
61 80
44 143
70 98
25 58
62 154
6 29
94 29
7 85
71 160
28 57
3 137
33 99
93 135
93 52
55 59
85 151
94 177
26 14
59 39
94 171
66 56
60 189
37 16
32 26
28 54
33 77
36 170
61 87
96 173
78 171
67 86
38 56
43 105
45 87
20 95
48 123
1 43
64 72
52 128
45 56
7 96
36 187
51 154
6 36
29 147
41 193
65 10
9 49
5 71
59 178
14 93
50 158
97 194
80 136
24 61
87 187
72 197
21 13
88 67
9 156
35 44
77 50
92 188
64 115
90 109
57 120
58 192
66 40
23 66
99 18
33 67
54 14
8 72
11 140
58 36
91 39
72 95
3 80
93 14
59 55
96 151
72 17
5 59
12 29
3 186
44 12
88 70
57 26
43 179
48 23
54 183
63 186
100 146
88 129
24 60
57 160
42 55
73 128
59 75
99 19
52 184
12 10
74 166
52 51
49 195
66 157
37 60
81 28
19 117
68 166
88 94
38 30
94 70
100 102
77 75
54 187
70 166
16 191
30 106
99 87
72 67
41 21
18 66
90 169
92 105
79 33
34 162
67 19
62 129
76 136
9 118
51 184
61 64
66 141
46 178
2 196
41 133
30 87
13 161
5 182
20 58
54 139
94 34
66 59
91 136
48 143
22 135
4 32
19 113
51 101
93 116
70 99
12 188
83 178
2 178
85 45
99 39
49 146
83 190
30 163
9 42
23 83
64 71
81 139
29 82
68 66
57 160
57 121
86 96
54 174
56 112
39 190
28 56
34 123
27 18
55 19
85 155
25 26
7 52
76 142
36 200
41 64
27 158
29 135
58 125
77 116
67 91
32 33
5 115
7 71
67 33
5 67
36 87
43 30
34 93
99 128
35 72
93 194
72 47
12 29
55 141
43 182
49 137
25 83
69 16
81 15
80 174
98 152
43 41
10 143
11 26
31 104
24 54
4 123
74 97
60 96
88 59
43 55
41 179
99 51
28 147
85 182
83 197
25 37
20 154
64 27
89 108
90 127
77 41
25 61
62 50
2 73
100 105
15 82
77 47
30 154
40 100
44 22
52 169
89 159
89 89
42 41
3 130
63 23
84 154
80 56
81 122
22 13
35 50
43 98
69 104
46 139
77 12
73 185
24 183
81 50
10 119
63 36
96 170
56 140
9 162
19 186
80 138
5 199
85 154
82 38
42 135
23 163
34 110
47 94
10 184
68 57
16 158
32 181
37 25
4 170
15 42
64 25
32 150
23 199
80 135
18 138
93 23
73 164
37 108
83 195
96 154
27 152
2 102
43 84
73 107
93 152
9 51
99 161
61 142
85 37
40 41
59 46
1 22
74 121
83 69
7 175
59 28
86 131
23 34
100 116
67 61
59 107
48 199
62 115
16 62
22 112
73 92
64 198
54 132
82 152
81 147
28 149
59 168
11 151
41 192
35 91
75 173
84 141
71 199
72 31
42 102
51 180
43 139
95 10
33 38
88 161
33 86
89 109
55 22
1 171
81 49
45 147
2 135
69 142
93 155
67 113
6 156
53 139
74 200
23 47
14 57
66 87
4 86
39 32
96 35
30 116
44 25
24 120
3 18
20 125
18 196
70 193
13 86
46 68
29 29
33 55
25 159
52 81
41 75
73 181
32 15
96 90
18 10
25 174
67 127
91 173
22 85
65 107
78 137
71 168
25 147
6 17
15 14
25 144
80 166
97 144
5 176
15 162
54 140
100 107
35 13
50 75
48 65
15 12
93 53
60 128
22 196
90 124
90 146
16 73
97 96
56 166
57 171
23 19
36 103
80 112
7 188
6 90
74 156
67 169
42 56
32 131
45 79
39 145
51 115
10 14
51 30
95 83
18 38
29 92
15 126
33 16
85 128
50 62
95 113
16 103
23 153
65 133
89 148
63 194
5 105
94 174
72 170
75 151
13 83
69 70
43 113
62 170
2 125
60 51
77 122
56 86
6 152
90 12
45 169
28 128
73 93
83 188
36 188
24 67
44 10
8 38
67 71
78 48
86 198
21 75
22 67
81 90
98 113
76 100
22 11
68 159
76 150
95 133
90 145
51 64
99 39
53 142
22 37
8 29
16 168
13 31
9 101
76 104
60 170
22 96
77 52
57 90
15 34
11 39
63 90
82 12
32 128
9 14
80 140
95 125
2 47
8 69
41 168
62 30
10 16
44 86
48 80
89 146
26 105
73 102
25 180
68 19
65 38
41 162
14 166
19 169
68 64
33 184
72 71
29 177
90 64
77 126
99 200
11 56
43 11
78 155
33 66
12 184
70 169
92 72
98 20
8 197
56 43
50 70
45 16
19 176
22 162
62 31
57 32
70 105
14 23
4 30
24 129
68 132
66 194
93 175
35 72
81 190
26 139
97 109
98 176
6 39
15 173
53 22
73 118
15 54
39 149
30 137
99 70
61 181
99 173
33 145
17 121
74 12
89 167
49 131
86 148
15 11
71 29
6 35
62 94
12 33
67 177
93 65
52 122
74 195
40 43
28 112
12 128
1 42
28 98
33 74
76 121
45 82
43 110
93 94
82 14
9 68
97 165
37 73
84 185
64 64
57 60
44 111
86 162
91 90
49 93
69 144
54 18
31 18
88 149
94 104
78 165
15 46
52 146
98 40
70 50
38 163
15 188
19 163
46 10
71 159
28 184
70 187
6 152
6 186
66 179
14 137
75 30
39 40
53 93
83 148
10 36
59 196
45 59
39 106
30 89
19 62
90 70
55 92
4 55
7 48
49 10
79 137
30 122
30 116
62 47
83 168
26 43
16 113
40 172
13 67
1 126
57 114
70 78
29 182
78 161
77 116
64 168
55 115
35 107
82 112
34 119
82 112
57 155
19 179
23 35
7 114
3 87
31 119
15 143
80 140
88 123
13 38
48 30
53 154
84 183
43 53
30 96
99 48
82 51
64 63
39 28
71 158
15 24
13 184
77 147
32 25
76 185
6 166
44 99
49 127
77 79
86 150
40 61
22 137
53 151
15 128
23 15
24 188
63 67
96 25
28 179
20 25
28 138
35 193
98 130
91 190
5 167
82 102
70 33
83 26
57 43
64 28
89 156
40 175
40 102
18 100
79 61
30 183
6 186
49 131
3 70
27 31
61 197
42 82
41 63
22 184
79 174
1 78
95 182
82 131
73 160
72 84
19 131
45 18
2 162
97 79
49 83
11 37
37 139
51 65
43 109
89 108
4 58
67 122
30 105
44 19
4 116
44 133
53 138
68 27
50 73
56 39
11 149
39 78
43 179
80 88
9 173
33 190
9 133
21 22
76 160
41 195
23 104
38 56
71 167
46 18
65 154
1 50
46 89
59 195
13 148
86 182
42 32
38 78
5 122
73 139
92 75
3 186
100 32
38 132
99 54
68 104
43 143
73 175
27 114
7 66
39 18
88 84
63 175
43 113
64 108
50 178
78 62
18 96
85 25
42 32
96 69
76 38
85 162
93 50
94 78
25 181
82 14
38 161
11 56
99 38
92 199
23 133
51 175
79 146
97 152
42 138
31 90
36 71
80 58
70 191
32 22
98 68
21 82
58 195
56 29
24 13
99 48
55 164
9 56
84 187
86 115
79 20
94 35
28 158
13 167
55 187
64 190
78 145
70 116
82 151
81 19
88 44
99 15
26 93
7 108
38 199
81 152
31 80
1 135
98 104
40 146
95 182
89 41
24 55
38 112
54 139
66 175
95 196
16 88
73 127
15 177
3 190
9 165
91 148
30 171
26 158
73 181
24 198
12 168
29 43
59 128
44 62
38 146
100 171
27 63
4 46
94 57
53 138
13 73
72 107
43 70
57 71
44 87
59 77
34 159
65 155
58 174
9 187
32 166
14 56
95 150
31 11
49 174
81 80
20 106
96 151
49 49
49 131
77 191
33 119
31 131
15 197
95 94
69 60
12 181
57 52
49 178
70 19
5 81
11 66
24 25
19 194
46 11
81 83
32 124
32 52
86 114
22 180
38 141
43 62
2 19
91 33
56 164
74 22
60 184
54 61
15 19
36 62
8 20
80 24
67 153
74 39
23 57
19 188
20 24
91 167
86 95
93 188
29 70
21 44
52 140
69 101
22 126
22 179
48 27
8 146
65 34
80 14
81 153
89 166
18 167
11 189
10 88
28 164
41 148
33 180
13 104
86 13
99 198
54 168
30 99
70 159
82 35
97 99
98 82
98 82
26 108
50 100
46 79
48 49
67 95
64 29
40 166
12 144
31 108
67 42
55 95
80 42
57 48
13 109
34 101
55 194
41 66
70 117
77 30
88 40
29 140
4 113
35 165
6 141
84 112
96 79
92 36
44 96
46 101
21 152
100 81
51 177
43 26
21 100
34 11
2 56
76 164
62 48
79 174
50 64
59 122
43 38
