1000
34742
51 111
12 126
54 162
56 110
8 19
28 40
39 106
22 149
52 111
63 59
93 41
19 179
7 112
66 95
42 192
58 170
4 151
9 82
43 105
22 52
23 125
17 157
8 129
53 12
56 75
80 181
13 168
53 97
23 129
64 108
24 102
55 50
50 43
30 40
70 34
14 142
80 96
82 178
85 41
67 48
29 140
46 51
88 145
52 89
90 150
48 54
89 131
51 64
30 167
48 32
86 157
80 36
94 111
32 94
61 118
61 12
71 91
1 147
13 194
87 193
77 82
74 120
19 167
68 188
100 164
2 163
69 191
86 117
74 46
54 62
45 151
91 123
66 129
22 120
57 89
47 116
19 133
2 93
13 49
37 55
38 60
4 180
10 11
11 62
2 191
19 64
76 148
13 15
65 62
52 128
56 34
99 79
12 33
93 173
41 183
89 141
68 122
54 32
80 120
44 167
3 47
36 86
70 35
89 179
6 131
45 154
27 97
6 71
2 12
83 75
73 67
57 153
42 105
80 164
44 166
70 182
30 86
10 161
97 182
35 85
24 148
77 67
46 14
24 103
33 17
86 135
35 174
28 58
35 110
73 121
72 153
61 146
25 62
50 182
87 172
54 139
92 81
67 139
45 28
63 19
88 117
74 127
56 18
11 28
96 68
67 145
81 66
52 59
2 103
78 141
65 108
96 121
51 88
65 200
76 183
29 117
76 91
79 98
32 148
62 163
20 64
95 116
86 110
23 39
10 68
98 133
23 167
6 116
77 104
56 26
91 87
22 180
23 23
77 49
82 144
12 88
73 60
1 155
77 109
66 71
9 155
54 42
8 15
1 41
33 200
28 76
97 186
22 76
11 78
1 107
23 146
59 42
34 66
25 100
100 98
62 48
33 158
49 117
58 101
39 131
57 118
48 22
18 59
26 114
16 133
22 120
37 115
68 122
91 100
40 66
74 81
34 177
65 164
68 92
51 134
5 13
38 151
15 117
32 145
78 100
89 127
67 121
53 144
21 75
57 21
73 72
7 14
18 141
93 101
42 158
99 17
100 86
29 50
13 163
21 109
47 55
44 66
7 29
27 13
90 91
43 105
64 180
47 115
10 160
87 132
25 84
57 61
48 152
39 51
42 168
95 57
97 20
93 176
73 24
36 200
53 57
40 155
20 82
31 52
25 38
54 110
17 200
79 29
91 157
74 103
54 132
26 117
5 188
73 144
56 157
63 18
27 197
68 121
4 151
76 176
35 117
5 64
91 141
87 134
21 90
54 83
55 192
53 194
78 115
33 30
21 67
5 74
59 154
31 22
12 34
59 114
21 13
13 121
71 31
86 98
91 93
68 117
28 74
6 192
7 173
8 71
11 31
66 148
20 55
37 30
96 47
44 160
3 35
82 136
15 190
91 176
59 104
21 169
11 62
97 24
29 176
52 66
69 19
76 38
63 190
28 56
71 108
100 34
83 199
94 79
41 27
10 41
14 92
10 119
95 124
26 95
19 47
65 130
42 83
97 45
86 199
70 67
60 135
59 49
65 185
81 142
70 55
21 16
45 16
93 66
87 166
54 42
94 148
66 72
9 88
47 20
53 124
56 99
36 87
72 36
90 154
65 76
7 25
21 170
77 191
86 162
85 174
2 48
51 25
72 146
85 13
19 149
26 195
71 44
98 131
1 102
47 25
34 141
27 179
64 45
58 36
57 94
18 141
7 28
7 53
22 44
59 167
14 126
50 199
68 89
33 67
11 96
4 174
79 161
23 160
68 58
10 91
47 18
99 70
100 59
81 168
95 22
1 64
72 45
56 56
1 161
27 29
96 152
4 30
58 184
41 85
12 107
32 135
83 177
50 150
54 14
72 157
87 79
97 80
16 73
7 178
75 29
57 64
5 120
89 187
43 195
78 29
5 35
74 177
23 65
29 47
45 59
89 92
79 127
68 53
86 118
68 169
57 132
28 24
9 86
88 123
76 106
75 153
45 162
47 38
92 92
32 94
85 165
66 33
58 119
4 80
3 190
23 162
93 191
95 61
56 159
35 15
11 133
69 195
43 55
19 93
51 122
3 64
68 92
33 60
32 21
90 178
8 187
7 131
95 87
27 98
73 191
48 62
76 114
40 179
46 30
41 21
53 136
15 30
88 124
72 156
100 129
42 40
35 177
92 110
27 37
62 93
62 112
31 83
4 167
15 106
21 136
57 53
37 49
58 148
69 161
33 26
17 85
35 135
62 109
84 110
66 182
96 41
32 199
53 72
94 97
67 95
39 147
50 45
4 131
96 48
71 135
29 111
7 135
51 40
94 15
74 179
65 44
69 196
30 40
40 63
46 149
80 82
13 91
64 86
36 12
37 11
6 132
93 58
78 148
99 23
27 36
5 157
80 65
81 83
12 112
41 186
13 123
97 159
49 73
69 80
96 192
70 24
24 104
15 93
84 106
76 49
36 158
87 152
11 152
10 15
7 149
16 49
37 23
36 92
46 61
3 102
65 38
11 64
18 61
39 52
88 69
90 133
50 160
30 133
98 111
55 59
23 111
92 12
99 32
1 45
98 106
47 98
67 10
18 165
92 44
47 163
68 91
18 23
54 49
27 61
36 153
81 183
45 57
40 72
47 104
41 111
58 150
83 189
31 179
23 179
58 190
90 60
27 178
42 33
71 112
54 76
45 27
96 136
77 132
25 79
52 29
23 86
6 76
93 107
35 104
16 90
81 197
17 125
54 11
4 68
74 133
17 95
53 143
18 122
80 22
75 29
28 76
44 150
68 102
28 10
92 166
61 27
65 34
47 99
75 43
51 177
82 135
18 29
47 182
88 70
40 66
21 174
87 186
51 78
42 95
21 48
19 54
65 52
86 45
40 25
63 74
91 63
77 88
72 173
21 60
63 82
47 106
58 55
61 137
16 126
79 171
80 153
42 50
58 40
54 192
10 188
39 151
40 124
12 200
37 120
1 119
54 37
99 193
74 23
44 169
5 47
74 27
11 120
89 33
54 102
42 46
37 122
27 93
89 106
39 162
98 136
71 30
53 189
12 166
6 168
22 87
8 181
3 137
29 92
16 139
7 128
28 190
21 65
3 200
45 58
28 129
61 107
62 170
2 166
63 142
59 198
10 173
62 99
70 142
98 197
29 96
45 80
9 178
37 145
99 192
9 45
4 79
9 179
57 195
40 95
32 69
54 164
75 188
32 79
11 75
58 15
25 21
12 161
26 198
31 89
100 110
23 56
73 143
56 121
54 66
8 134
84 184
37 34
79 181
94 140
99 101
85 59
39 88
78 18
69 51
11 123
92 19
44 14
76 85
74 187
38 11
24 28
42 157
16 122
92 157
64 187
9 42
26 29
13 122
60 114
83 118
90 88
11 132
97 171
18 123
12 124
17 68
16 133
6 95
70 162
34 26
38 13
79 94
83 47
56 174
9 30
58 23
19 126
36 128
59 67
37 143
86 69
73 82
26 164
62 36
70 199
90 121
77 18
38 178
63 173
43 60
13 81
24 52
67 169
89 41
11 181
44 65
73 165
65 60
68 177
34 163
78 130
47 92
94 74
32 109
76 55
95 76
64 56
20 73
97 36
71 141
25 39
96 123
59 145
54 22
71 44
32 83
67 92
5 89
97 65
2 104
2 97
2 105
36 128
80 65
89 47
10 104
22 152
52 10
1 129
78 13
55 15
36 149
5 86
13 131
35 91
77 21
6 90
24 84
31 30
83 60
56 149
50 30
63 41
54 38
44 49
53 193
9 148
76 145
68 67
80 42
85 63
13 76
24 129
37 16
39 19
28 172
9 136
43 182
10 87
92 17
50 92
18 123
95 65
60 197
19 22
5 57
57 105
41 102
90 124
58 195
62 105
66 28
15 93
85 97
20 40
98 146
78 162
4 48
54 68
82 188
7 139
86 82
39 155
72 95
41 93
12 21
50 122
60 200
99 24
55 29
14 14
20 196
81 159
64 36
38 88
87 76
39 16
51 12
46 188
99 60
58 174
81 77
8 154
4 177
51 91
1 60
71 59
24 137
53 43
2 154
46 181
14 40
72 49
62 39
29 10
67 12
92 90
91 131
10 85
69 57
65 36
27 12
99 111
81 199
90 153
82 37
90 19
97 194
77 151
43 102
71 63
34 25
17 57
89 18
83 86
5 114
84 168
25 82
39 48
78 87
8 147
31 59
48 107
46 140
20 68
84 97
51 85
99 66
73 178
48 69
99 28
70 72
89 191
9 172
37 125
15 109
66 122
13 182
68 81
75 172
17 91
65 181
100 106
27 64
38 145
65 31
42 21
25 74
77 175
97 141
50 180
27 126
54 157
14 24
53 89
24 41
9 116
57 120
10 75
32 138
84 97
97 18
78 76
40 29
97 139
91 87
25 170
89 33
78 125
85 48
81 181
23 134
7 45
48 62
49 101
67 121
71 65
72 142
96 126
76 72
69 44
8 16
5 53
50 156
15 37
95 137
30 130
48 15
61 82
36 173
23 82
68 186
11 194
