1000
34304
45 87
33 187
27 76
23 51
56 52
21 39
98 126
44 85
49 80
43 187
65 161
34 11
65 196
14 154
29 189
5 38
41 130
5 156
11 167
55 36
96 110
50 33
93 197
15 132
89 25
64 66
36 121
9 30
85 167
72 14
62 96
1 134
42 26
4 176
26 20
83 38
35 193
20 196
20 37
24 75
66 161
22 197
29 25
21 180
88 182
33 37
79 125
7 67
25 26
81 66
68 182
83 71
91 125
32 154
69 92
19 158
49 200
46 37
46 166
13 108
84 17
49 162
75 111
77 27
60 147
86 171
13 175
30 151
32 146
51 166
79 150
67 88
89 85
4 84
74 122
14 176
87 134
71 45
17 110
21 115
81 70
22 71
57 55
86 49
68 199
63 41
56 191
1 97
69 67
33 186
67 33
82 34
64 135
17 114
77 162
51 89
81 71
10 25
98 174
71 52
24 155
18 164
85 145
43 70
94 130
10 60
87 140
75 154
87 134
41 195
2 167
24 87
62 19
32 131
10 47
88 141
39 160
93 137
13 199
27 78
72 19
15 51
78 34
96 115
40 177
64 20
61 166
19 133
9 173
79 120
68 13
52 178
32 197
43 119
29 13
87 113
36 153
43 103
3 184
59 35
22 90
2 162
30 152
95 42
18 44
80 106
65 82
59 31
13 154
75 151
14 16
56 100
48 93
98 100
3 123
32 95
10 52
55 82
58 88
99 23
48 11
37 72
76 51
60 135
52 66
12 81
89 78
32 58
55 174
39 152
30 57
100 151
12 71
99 37
68 42
40 147
29 47
32 109
17 54
81 93
90 85
79 156
27 75
42 146
21 117
14 142
94 79
7 111
86 179
30 97
39 139
19 135
94 52
56 162
55 92
44 180
19 73
69 101
69 119
82 112
6 59
37 169
92 139
16 24
48 112
23 169
23 59
34 112
64 165
97 145
1 181
33 137
89 50
44 19
3 198
59 146
35 76
59 74
44 105
46 162
45 81
31 177
41 75
24 147
60 195
55 135
64 58
66 91
97 82
13 159
49 61
96 173
5 22
78 42
9 193
34 58
16 77
4 106
24 97
98 195
66 179
14 173
92 74
3 112
96 70
40 21
99 29
54 186
77 161
48 102
21 149
69 15
16 78
52 198
18 75
6 157
19 62
41 147
56 122
72 175
87 118
34 146
72 150
4 152
15 12
24 123
89 144
51 38
37 127
20 65
42 132
89 153
57 116
49 35
40 135
23 91
37 50
66 191
21 86
25 193
10 86
3 55
28 30
18 106
82 164
14 46
16 130
67 144
79 105
74 49
65 137
95 40
69 66
70 73
52 19
48 159
43 119
10 86
53 129
11 146
39 108
35 153
27 126
22 157
78 139
28 186
19 153
30 114
83 174
69 66
97 187
23 39
41 190
66 87
94 184
93 14
12 80
66 108
78 61
100 43
78 84
60 49
26 57
76 84
58 185
87 149
3 102
42 157
70 63
13 128
87 33
11 132
48 115
64 26
70 155
18 31
45 93
90 188
11 35
55 80
70 10
86 31
69 27
77 91
15 81
24 83
78 172
20 33
19 195
11 93
67 150
95 56
6 70
62 82
16 33
13 167
97 141
86 137
99 36
69 57
4 74
53 118
7 20
33 46
6 162
61 119
93 20
74 66
33 63
61 114
6 17
33 64
49 141
16 31
12 183
47 72
22 27
81 75
6 95
48 120
36 145
56 190
16 109
78 62
48 167
49 193
22 168
36 51
67 186
38 91
56 168
89 36
57 94
8 126
67 161
95 73
17 88
30 54
62 51
56 165
84 19
66 85
34 165
39 114
63 34
13 45
85 110
5 86
46 79
33 127
35 149
61 34
29 193
86 172
10 187
63 26
64 89
56 195
33 134
6 79
23 99
35 192
41 52
80 152
49 176
72 53
73 105
34 24
13 73
63 165
28 40
25 181
46 88
50 56
21 102
50 94
46 144
5 47
96 196
29 155
25 24
83 83
37 38
25 102
19 155
68 81
82 44
41 74
78 120
76 139
53 168
37 182
57 75
76 61
1 53
6 189
34 173
18 61
38 142
11 34
48 76
6 193
88 147
77 116
24 101
34 22
64 131
31 147
46 71
39 191
96 48
37 184
43 140
76 119
8 150
54 113
48 93
73 188
40 145
84 44
100 17
80 76
49 22
48 79
87 146
74 16
23 130
2 131
55 34
100 109
51 15
42 148
17 63
44 133
75 122
18 164
73 152
96 85
39 106
48 61
78 191
49 97
3 69
36 172
46 91
56 12
5 109
3 183
52 95
28 58
21 154
81 38
78 71
54 45
14 54
36 100
67 20
83 103
17 198
90 102
21 161
73 99
78 75
50 154
1 108
15 180
74 108
59 55
100 50
71 187
27 76
2 18
95 91
51 97
46 26
100 81
80 161
53 171
7 53
86 125
71 112
92 129
65 46
93 69
64 108
65 123
59 80
71 145
24 124
61 115
21 154
22 172
8 88
44 74
82 191
49 35
32 152
49 142
55 155
35 153
1 162
84 82
75 19
91 55
89 112
65 39
32 155
73 143
60 56
92 50
99 40
17 24
78 26
55 113
15 122
41 137
15 66
55 127
30 183
26 25
23 199
48 50
38 140
39 198
90 73
41 84
74 46
47 83
88 193
28 49
42 159
53 123
22 12
98 117
66 193
98 146
18 67
52 51
46 11
91 58
57 42
28 35
86 81
80 90
37 155
65 95
49 114
11 159
8 51
56 139
53 39
23 53
51 62
72 39
88 95
63 111
89 67
12 96
85 52
76 117
13 142
77 49
100 50
61 130
40 168
97 154
31 13
2 139
51 114
91 21
66 52
42 161
15 32
6 139
24 35
19 180
82 75
77 173
23 60
88 142
97 52
29 115
96 14
6 135
31 13
85 129
94 114
15 45
55 62
45 143
62 19
48 67
58 110
77 157
51 15
46 173
71 175
88 64
76 31
12 125
50 146
69 71
11 17
36 146
90 57
48 84
85 111
59 129
23 180
32 135
54 81
15 19
73 94
34 122
64 11
40 78
58 160
14 125
89 91
47 142
69 113
20 143
98 170
35 53
51 169
100 52
5 16
52 42
10 156
29 84
35 136
32 92
60 186
1 132
10 24
12 133
16 19
56 187
40 93
47 130
79 29
50 134
19 11
73 108
70 48
18 46
16 93
38 117
63 169
49 34
47 177
14 14
67 17
76 140
71 97
75 116
90 157
76 72
36 110
27 87
82 175
85 69
50 106
45 193
43 60
75 130
100 191
62 64
98 68
57 200
71 135
17 16
33 184
65 89
81 33
97 85
80 71
31 109
5 187
7 165
99 200
42 195
44 138
59 174
98 191
11 31
22 60
1 190
62 114
77 147
59 60
97 120
34 28
5 131
78 197
25 113
22 82
21 43
39 117
83 99
23 70
53 103
4 77
88 118
11 86
69 74
38 26
100 115
3 130
69 105
47 35
22 60
52 183
48 103
37 97
28 64
98 117
7 91
56 36
94 129
85 178
33 128
53 139
55 93
39 33
23 184
17 66
74 13
56 61
3 182
58 120
57 107
2 80
14 184
74 147
79 68
90 178
87 190
5 104
37 116
19 151
41 10
11 147
27 52
82 94
73 157
71 175
13 153
95 73
72 30
59 164
69 156
78 160
69 155
91 67
88 49
32 156
92 101
60 36
82 176
44 73
42 191
29 50
50 162
36 92
81 17
7 180
49 134
30 68
84 99
10 56
88 19
83 28
57 78
36 124
57 193
81 80
63 11
17 191
13 62
37 54
16 190
50 80
76 23
54 114
67 119
13 100
20 127
66 135
33 120
80 108
16 139
44 142
58 194
58 55
41 126
7 37
6 166
33 32
70 122
26 174
84 137
24 174
64 90
45 53
44 21
77 87
86 158
62 67
4 33
23 155
23 184
41 80
46 124
53 23
29 137
38 195
55 135
7 66
83 45
3 32
18 142
27 176
28 156
28 155
40 82
6 56
71 48
90 11
9 117
20 43
15 38
94 173
22 178
8 23
41 141
2 65
90 151
64 55
4 62
72 181
61 136
100 68
52 97
77 158
92 79
94 84
66 46
11 181
21 94
29 170
13 147
15 74
68 41
63 96
95 41
53 17
39 177
36 38
27 34
98 178
65 67
35 20
80 44
72 168
21 81
93 133
21 133
63 174
11 84
2 130
15 186
29 59
27 183
29 126
60 85
65 115
51 49
28 67
25 44
79 184
50 36
35 119
71 29
24 155
87 11
13 180
78 152
60 41
89 45
81 195
34 175
42 139
11 108
30 172
21 69
56 188
93 176
80 94
11 62
51 186
36 171
83 161
59 177
81 135
12 63
94 43
24 33
9 40
60 20
83 168
49 137
63 85
84 191
52 27
89 68
59 154
12 18
46 25
8 140
4 58
50 21
39 167
90 124
27 72
83 196
53 194
29 47
50 116
61 84
67 154
35 76
21 46
30 105
29 24
62 198
98 91
44 187
38 116
25 84
