1000
36451
6 97
36 139
85 67
7 167
71 187
49 199
4 38
67 193
51 78
25 182
29 103
11 136
44 182
56 25
21 141
33 86
1 58
98 107
51 118
2 152
20 141
32 43
90 90
38 135
61 25
28 153
73 94
16 62
19 87
68 15
31 162
3 130
51 141
82 48
10 117
25 12
75 30
48 143
32 97
38 79
16 182
30 10
47 22
6 117
66 100
49 176
48 150
20 140
60 155
67 60
94 11
21 171
56 124
71 151
99 130
73 11
14 33
86 48
86 158
84 147
25 174
6 127
6 16
89 20
68 66
48 170
53 31
96 178
65 198
71 144
56 35
32 18
25 91
49 67
94 56
63 90
76 159
27 161
66 69
7 104
39 148
80 37
5 28
45 144
97 43
86 170
6 188
1 186
78 164
17 46
65 135
88 92
31 107
81 114
96 170
7 170
100 157
99 160
80 171
37 27
81 67
20 106
79 108
1 189
32 135
80 101
16 102
41 36
80 155
82 118
43 35
39 97
8 115
56 115
8 73
91 113
95 191
15 83
39 199
75 183
88 95
8 179
91 36
55 132
40 70
40 73
28 36
36 168
73 110
15 26
7 53
2 97
12 176
67 71
41 12
94 53
88 128
25 171
91 35
18 155
57 96
89 32
37 114
21 149
96 180
78 11
15 47
72 138
14 142
7 47
4 15
25 164
61 25
38 156
72 48
85 121
4 130
97 73
31 126
94 103
80 167
67 195
11 93
85 128
47 47
23 71
37 79
4 79
49 173
47 103
60 167
80 195
43 185
54 134
51 33
59 188
39 39
33 31
94 179
76 163
39 120
56 187
73 137
77 113
79 78
3 85
45 160
6 119
71 148
44 94
50 183
37 83
91 184
25 98
50 141
61 195
51 56
29 40
65 35
48 96
22 175
59 144
88 36
42 165
37 70
90 199
8 98
14 66
51 63
80 157
62 66
57 118
11 128
57 41
86 31
91 16
90 121
61 96
2 32
54 84
49 109
90 17
85 30
77 198
91 92
81 54
24 174
50 172
62 106
80 143
92 106
70 162
26 174
33 130
53 115
88 145
34 70
17 32
50 64
85 13
21 157
36 139
96 57
66 76
96 83
89 164
87 109
24 92
34 26
4 15
34 49
80 178
5 120
22 43
53 86
28 135
29 23
10 138
53 75
95 190
15 73
66 17
53 59
63 155
88 141
32 47
53 121
43 134
75 142
88 12
67 152
19 192
36 198
98 15
83 196
98 69
65 179
21 146
81 129
22 120
98 164
59 41
3 139
78 170
77 79
95 12
79 17
79 192
14 101
42 62
80 37
82 197
98 99
42 154
69 23
28 169
51 27
74 58
42 49
59 154
33 52
38 143
48 10
46 104
24 132
82 106
80 172
62 149
11 162
43 118
17 135
32 144
96 37
5 129
48 160
40 31
25 147
46 111
9 116
87 36
14 85
67 50
100 57
73 134
17 174
23 92
92 198
45 196
21 34
13 198
94 115
39 188
18 156
62 120
55 23
31 143
30 125
87 103
12 81
85 107
83 176
23 12
93 93
44 81
66 11
23 191
98 152
39 190
91 133
27 94
49 49
99 186
97 24
68 46
19 52
65 160
5 153
1 80
76 52
79 44
27 186
51 124
84 160
75 188
7 142
14 200
27 173
65 146
10 189
89 111
82 85
35 11
51 131
91 16
91 164
54 149
2 51
70 148
27 55
31 131
100 60
75 90
27 133
100 112
88 190
68 115
27 24
82 159
41 187
92 130
71 37
6 72
17 128
74 49
3 68
20 117
1 97
34 20
6 110
67 85
50 37
56 27
18 125
67 26
92 71
41 120
34 56
55 186
6 19
75 33
25 52
85 79
74 28
93 108
85 187
80 191
49 99
13 127
7 77
81 63
2 78
6 65
42 116
63 60
67 123
8 199
89 38
76 38
3 105
93 137
85 18
21 52
20 145
89 106
41 57
100 85
2 18
68 97
67 152
50 166
67 28
60 143
96 197
44 70
77 109
69 172
88 134
30 92
97 78
76 63
62 108
91 27
37 187
35 183
18 49
27 34
27 187
7 130
92 137
17 74
30 76
77 184
88 14
35 94
38 180
86 49
51 37
14 190
31 57
22 96
69 198
90 196
59 78
88 90
82 89
96 22
83 117
10 119
69 95
68 67
27 187
83 176
70 110
75 82
67 115
80 73
57 110
19 189
82 32
64 191
58 93
25 14
38 10
81 115
72 160
20 94
72 152
40 45
49 174
76 182
52 83
89 143
78 142
44 168
77 118
37 190
9 120
87 41
70 175
6 17
88 136
78 190
82 156
67 57
65 144
15 23
9 96
91 135
45 140
26 92
44 17
42 168
39 94
66 130
79 118
38 182
47 142
1 92
55 82
47 151
76 58
86 132
40 170
98 72
55 61
84 44
82 163
97 42
64 100
46 11
37 189
18 60
22 71
84 28
28 135
48 37
39 171
24 114
25 150
36 107
14 166
57 34
70 44
35 81
28 101
74 118
87 29
67 171
35 148
53 69
42 106
50 95
82 39
53 15
89 37
57 75
66 146
1 174
83 69
89 11
89 30
45 196
50 138
93 126
79 69
49 78
70 141
36 155
71 121
82 119
2 46
98 114
88 116
19 140
97 24
56 71
23 167
74 11
77 151
50 48
41 66
53 165
69 52
8 77
18 82
95 12
50 81
3 150
85 149
42 151
38 126
18 93
6 158
75 156
8 22
99 147
38 171
88 195
82 145
61 129
87 195
99 97
43 80
91 50
51 159
20 97
12 19
43 144
8 43
25 170
80 28
31 58
56 74
68 188
62 15
83 102
49 191
60 83
88 173
88 179
30 36
81 180
84 167
39 155
66 125
51 13
38 53
89 149
9 40
22 166
66 189
22 141
30 77
99 106
99 173
6 146
45 133
94 80
39 43
95 151
69 161
85 186
98 171
45 121
86 129
64 112
49 28
60 116
1 118
76 174
76 28
86 43
22 102
100 24
88 62
62 43
22 77
47 46
12 129
89 141
28 96
43 147
38 181
72 137
73 103
33 136
16 178
82 72
87 169
53 190
58 103
34 18
24 189
4 122
86 129
64 36
96 75
34 60
10 165
84 189
26 79
26 79
1 197
21 178
62 193
13 93
25 70
66 112
23 94
47 136
94 123
13 61
63 30
12 190
38 113
16 134
44 175
16 99
8 24
94 175
19 21
66 139
40 95
87 196
87 111
45 76
55 36
76 114
95 184
62 143
50 119
28 181
91 173
47 122
5 43
28 66
46 106
95 99
83 95
52 87
45 61
24 27
2 22
97 143
60 31
80 196
59 140
44 191
81 76
86 52
62 119
82 94
70 173
62 128
18 134
96 78
54 24
20 185
7 115
83 140
30 27
4 150
96 156
86 21
99 48
51 161
48 169
32 30
89 55
57 50
85 129
15 71
32 151
51 18
8 119
66 192
3 162
35 112
14 129
81 45
13 11
93 87
55 65
84 101
59 117
53 43
75 167
56 75
12 167
67 92
87 25
28 105
18 58
95 55
12 27
85 35
31 139
78 174
91 114
58 15
91 19
27 148
51 177
38 76
71 21
24 173
52 104
19 50
1 152
69 171
12 27
69 132
61 57
10 81
10 108
15 193
9 125
88 51
57 10
71 124
75 47
32 191
68 180
44 21
93 11
84 187
56 23
31 176
8 85
66 123
11 103
57 142
12 108
70 160
66 31
18 174
94 160
24 150
90 116
43 111
8 16
77 43
71 75
68 174
72 37
67 62
69 141
57 188
97 200
33 89
17 12
42 147
45 97
98 43
53 50
33 182
84 197
93 114
42 166
71 74
89 66
55 61
39 177
69 155
87 17
26 170
91 60
10 122
96 32
91 37
57 121
53 162
55 131
78 119
54 128
84 108
70 20
16 50
92 100
75 62
21 32
67 165
79 48
74 177
99 129
17 98
9 144
62 117
16 191
98 53
43 28
85 71
83 81
4 94
20 136
100 69
51 52
74 54
85 120
5 176
86 92
34 83
63 102
50 184
18 43
57 187
23 155
27 101
35 103
14 141
80 24
68 139
95 144
15 135
26 81
13 150
95 133
85 20
20 24
91 90
39 28
38 40
10 119
5 29
93 42
47 197
2 93
32 100
1 105
20 132
62 53
19 54
59 28
60 105
14 104
14 59
5 167
41 48
28 37
85 43
10 47
37 65
31 160
35 187
69 34
97 101
21 16
5 126
15 165
32 118
71 198
22 157
74 134
51 99
18 75
52 90
85 104
62 87
46 134
53 69
79 20
16 161
65 39
23 37
94 104
25 80
51 144
17 76
70 113
92 196
14 160
29 46
30 112
15 122
6 164
66 83
78 182
4 97
41 168
82 180
18 91
39 147
53 33
79 29
91 137
27 83
38 148
5 140
75 87
71 86
67 13
13 187
77 188
96 93
73 40
87 23
79 73
20 21
21 155
55 165
53 108
28 50
54 165
43 35
73 25
96 73
35 67
68 155
4 95
3 192
