1000
35758
30 143
69 14
73 130
35 48
62 197
72 42
12 150
62 144
30 178
45 151
45 41
64 32
23 177
88 101
44 78
53 162
24 181
75 18
18 106
47 45
91 195
57 182
84 68
28 106
6 10
70 87
47 173
88 58
70 187
11 72
11 84
39 50
79 170
75 99
6 197
62 125
62 108
51 176
23 187
99 62
13 39
14 168
12 112
81 16
84 112
79 29
76 139
71 169
17 26
73 162
25 26
17 24
21 137
25 163
50 18
21 19
99 166
4 28
50 74
86 144
26 96
7 193
41 176
28 142
73 133
62 178
28 117
53 53
21 64
4 195
3 50
38 109
36 164
4 141
64 52
97 46
51 45
21 56
87 187
98 162
36 114
15 21
46 53
51 106
3 130
93 141
53 10
23 176
85 63
36 15
53 88
11 41
90 162
42 150
56 179
63 138
3 174
5 147
43 22
65 46
53 196
87 183
20 65
82 116
97 73
49 140
88 147
5 142
43 193
79 37
68 55
72 186
95 122
80 160
72 98
4 51
85 152
5 63
53 71
54 83
9 170
77 154
3 88
85 158
22 161
77 97
23 83
47 108
88 191
68 134
69 58
12 39
9 139
11 79
14 43
91 104
77 169
40 193
63 188
65 98
95 194
64 117
37 136
82 23
12 123
38 10
50 173
3 200
16 104
60 69
28 10
32 143
99 30
38 173
47 46
11 179
84 118
60 135
57 95
69 169
63 38
91 23
49 50
86 34
46 125
26 132
29 126
48 135
74 85
91 154
7 145
15 171
59 62
92 198
11 177
20 151
73 147
6 176
56 177
43 25
80 65
59 114
76 185
99 96
57 157
64 170
43 65
40 69
94 50
53 81
45 124
16 26
6 150
10 157
96 168
8 106
11 199
25 61
70 139
46 12
49 132
43 183
51 129
93 103
16 46
80 19
88 38
50 74
9 153
22 24
7 105
92 174
41 12
71 12
32 27
77 180
75 176
97 72
93 76
65 163
9 127
78 60
100 84
2 107
83 116
96 193
62 106
4 85
55 70
76 183
89 145
1 185
9 126
83 134
35 20
100 92
24 148
53 56
62 110
2 145
14 64
54 86
86 117
29 162
20 167
28 111
14 46
41 50
77 49
54 93
7 158
38 161
31 122
96 181
34 52
28 57
21 165
21 97
23 40
98 38
66 145
81 99
86 85
98 20
10 166
91 138
34 91
76 106
84 78
82 173
64 64
94 181
70 35
29 119
95 82
8 121
90 56
47 96
91 66
23 35
79 29
46 100
86 139
11 84
33 63
8 69
62 91
67 152
1 24
49 45
5 97
43 43
37 131
57 105
49 50
49 132
79 128
14 79
2 164
3 183
36 14
51 38
25 130
79 42
15 191
79 82
40 119
42 123
8 92
70 138
82 185
38 150
86 74
7 164
33 13
8 128
24 150
76 174
28 119
69 88
83 119
55 176
19 63
65 197
48 173
41 164
5 14
85 179
73 160
62 81
52 138
41 29
72 80
42 166
63 134
14 64
18 43
28 200
31 51
12 115
58 157
38 177
70 57
38 115
2 83
53 23
91 17
12 182
20 165
78 60
54 23
97 103
53 148
62 20
29 98
37 102
83 120
23 74
9 198
73 147
56 78
32 86
46 190
80 183
88 56
48 140
100 109
58 13
95 37
92 127
11 40
10 98
30 139
79 22
53 143
87 176
72 174
72 113
100 186
89 161
57 66
84 185
18 193
85 51
89 182
9 61
48 158
82 116
63 185
3 70
44 140
49 146
98 145
52 53
23 68
19 176
43 96
12 128
98 189
89 186
42 110
7 59
14 133
95 156
18 130
35 62
12 129
64 78
50 59
29 164
86 151
23 199
21 58
50 101
57 16
18 54
66 101
45 116
51 40
92 170
10 119
71 127
60 108
92 70
6 187
58 198
48 149
73 180
60 151
90 155
22 172
53 80
89 194
84 180
41 45
80 163
45 108
99 129
5 82
89 176
86 180
3 144
68 119
92 116
1 139
52 137
90 32
45 45
70 27
38 39
15 48
81 157
35 153
18 84
28 74
3 68
76 81
89 149
81 64
3 21
41 20
36 189
32 78
35 158
91 196
88 159
65 130
47 97
13 43
88 110
86 111
78 111
41 34
48 92
99 196
55 87
70 75
30 75
71 136
11 139
50 43
22 106
93 176
56 185
49 79
61 192
25 74
29 105
73 112
7 44
80 42
71 164
9 16
22 81
96 196
53 46
33 29
39 26
64 115
78 27
75 48
38 54
55 92
17 24
31 172
73 10
21 127
71 19
97 189
67 167
64 119
12 79
86 150
64 95
99 103
18 105
100 99
8 186
37 46
96 143
28 32
51 163
19 11
18 54
82 154
67 127
27 15
79 11
65 72
43 145
69 170
23 151
41 12
20 116
21 186
63 93
90 43
60 179
53 49
42 123
68 92
89 95
47 66
83 84
88 85
48 144
29 197
83 49
38 186
31 120
98 92
76 184
72 81
100 20
40 84
76 153
59 151
8 151
46 83
86 11
61 146
47 82
50 119
79 109
95 42
86 183
4 85
76 118
57 85
91 188
4 139
81 195
53 143
88 84
35 30
4 10
14 132
99 128
99 75
34 56
97 78
79 105
41 29
78 165
88 147
79 192
26 140
87 187
46 45
82 162
76 85
19 131
3 73
12 15
13 28
8 67
52 184
41 107
49 11
67 110
99 56
12 109
4 120
6 90
78 83
76 150
33 148
31 98
23 83
20 29
17 81
96 133
12 74
10 95
87 129
60 91
83 115
77 170
95 19
71 127
92 98
44 102
49 27
87 107
91 80
24 79
39 86
70 136
26 196
31 190
75 56
76 164
45 69
16 193
68 156
53 55
35 17
58 160
13 30
59 45
39 148
58 177
72 136
28 165
55 162
40 106
45 194
69 33
99 74
95 91
31 156
94 67
65 181
1 29
51 131
91 48
76 121
16 150
29 150
83 16
34 139
69 177
45 131
74 191
54 158
56 45
81 71
23 156
12 103
34 133
13 115
2 39
55 196
98 189
48 165
56 72
94 151
37 91
53 11
8 162
35 195
19 26
22 153
84 152
39 145
75 153
80 16
62 54
18 186
26 52
88 93
15 37
21 45
73 25
56 165
91 70
3 87
75 131
7 143
49 131
51 92
24 14
65 10
5 109
46 190
75 65
73 187
16 196
86 38
15 69
28 41
22 73
3 79
17 80
43 79
52 164
16 69
96 157
39 23
36 85
74 93
73 199
32 20
90 141
7 29
40 140
68 150
67 56
7 144
70 92
28 42
89 54
26 77
16 66
46 130
70 117
25 99
18 184
81 77
29 27
84 48
75 94
52 72
14 70
2 61
59 165
47 93
53 125
70 158
9 90
48 106
51 50
4 93
63 180
9 146
25 60
64 60
38 136
39 52
29 69
55 95
74 159
100 99
39 99
51 127
48 172
54 136
22 156
8 43
16 196
1 131
1 26
77 138
58 93
81 187
86 199
27 83
71 194
91 125
66 169
12 125
14 168
84 114
65 153
4 180
14 65
63 143
96 113
12 167
26 128
2 144
95 195
76 75
71 133
44 152
83 153
8 169
100 127
10 97
89 62
13 113
8 73
84 155
47 56
51 132
27 129
74 87
2 99
91 141
99 139
86 164
94 90
86 141
31 48
42 111
1 129
68 26
15 48
7 73
19 141
49 110
98 157
58 56
97 80
30 17
22 133
52 141
56 54
8 108
27 184
83 165
10 104
80 36
99 54
33 136
37 159
77 89
73 140
53 157
78 45
81 18
14 130
65 30
2 78
88 126
85 55
28 178
22 62
71 108
100 123
29 22
63 20
99 64
52 51
97 162
37 86
25 70
33 51
26 197
37 64
68 185
5 107
41 120
69 13
21 43
2 63
79 183
75 40
23 148
51 104
84 115
96 125
34 13
26 34
86 147
64 171
7 24
23 171
68 68
23 100
78 20
52 16
25 170
90 26
83 200
84 90
38 149
62 25
55 116
36 18
35 194
69 59
17 41
7 186
30 91
53 154
87 65
5 142
67 146
93 127
91 37
28 67
87 178
43 44
41 197
41 34
55 71
49 129
97 149
47 20
51 55
55 31
77 76
35 104
45 145
10 108
23 122
9 198
7 119
69 32
65 98
100 141
5 112
99 96
29 130
7 13
72 199
35 73
68 114
60 153
77 42
79 196
78 159
76 24
65 189
80 119
76 97
26 113
69 123
26 128
67 28
80 57
91 117
65 51
39 98
43 103
82 136
74 159
66 75
2 136
26 16
26 147
44 13
66 111
26 74
46 80
79 119
99 161
94 36
83 149
14 151
99 108
63 145
23 146
68 53
68 38
64 112
24 25
46 146
10 153
94 199
90 158
100 172
52 120
14 112
75 49
5 162
82 84
71 155
80 145
31 93
71 122
34 60
29 148
38 147
5 183
90 41
97 47
22 194
53 99
76 118
94 48
81 186
79 168
23 173
91 55
36 146
18 28
54 18
68 83
