800
28252
50 120
70 96
6 129
81 42
98 200
45 166
63 143
31 81
74 153
80 13
39 151
60 197
63 113
71 61
4 175
47 41
83 46
70 156
51 145
26 72
95 93
93 124
89 94
3 57
47 197
49 126
84 29
1 110
23 99
49 99
4 91
78 69
85 186
54 129
12 189
33 48
4 55
67 92
85 57
98 16
87 163
93 59
71 89
79 106
5 118
70 90
34 133
37 179
2 163
36 116
62 48
5 93
66 196
96 108
83 78
75 174
78 38
56 149
13 41
52 166
37 162
10 198
51 29
22 92
8 59
4 136
11 123
68 178
59 196
56 143
84 136
83 63
13 190
83 38
36 74
15 115
26 129
59 105
57 194
27 104
59 95
37 17
68 86
99 176
56 171
82 32
76 101
55 81
3 89
89 99
45 198
71 42
47 87
12 145
21 73
19 196
8 28
84 184
88 187
11 188
9 68
1 29
10 195
16 14
68 54
17 167
23 16
85 90
84 65
17 65
78 68
48 183
39 123
65 181
73 173
36 113
11 166
54 178
92 119
56 158
70 21
39 82
93 157
58 108
79 38
26 82
65 95
36 18
65 134
37 191
68 111
52 71
90 90
38 128
23 23
9 163
39 13
52 13
7 117
74 11
24 10
99 143
38 22
10 173
36 42
78 108
96 147
14 59
67 85
39 50
50 145
99 110
30 114
13 109
97 61
74 189
60 106
21 140
20 162
24 75
16 143
40 70
98 68
31 84
59 36
87 89
85 183
90 65
77 32
67 134
59 175
1 149
33 181
61 53
38 23
4 55
72 21
17 78
12 98
45 102
40 180
95 156
16 22
5 144
85 81
25 133
96 157
72 58
38 13
50 85
89 175
96 28
31 131
83 120
50 154
52 50
42 131
27 160
88 187
50 22
8 45
22 139
87 84
18 147
28 170
5 155
91 73
37 140
45 158
44 137
21 154
32 68
32 170
45 14
87 16
6 88
71 17
27 141
27 73
54 155
21 196
62 154
64 142
20 65
27 173
67 125
49 110
18 49
8 94
88 76
88 159
23 136
77 85
44 46
88 182
21 57
54 156
62 119
98 21
91 83
99 99
12 73
38 136
69 141
78 123
31 28
2 110
87 88
58 78
51 103
48 55
47 78
50 74
43 32
56 102
38 32
1 67
42 32
30 47
92 10
67 144
71 100
87 65
88 163
12 72
38 159
43 136
93 83
21 51
88 114
52 187
6 49
23 30
52 26
13 17
60 193
98 49
97 163
70 115
52 14
79 195
83 155
87 157
10 159
91 186
76 163
68 106
14 140
89 75
53 97
17 71
83 116
100 136
89 11
18 126
92 187
13 36
21 29
19 146
78 189
55 37
90 148
58 122
89 198
71 193
92 182
67 52
72 114
92 115
96 197
29 16
9 60
82 36
59 74
12 41
66 49
52 173
29 54
75 54
4 193
50 169
22 132
24 152
59 108
1 88
43 43
70 145
10 200
69 189
80 153
11 110
67 133
82 10
77 14
90 92
44 37
9 72
99 135
68 189
9 193
47 142
21 20
31 185
88 60
7 152
90 125
34 169
55 13
29 52
72 73
42 147
54 11
75 104
49 130
89 31
85 168
60 181
8 163
33 22
12 97
100 100
59 77
1 172
18 116
35 15
36 60
66 123
35 103
87 99
42 15
12 99
10 21
77 106
63 174
46 96
80 178
91 127
6 58
27 178
14 178
73 20
8 36
64 58
17 91
22 95
45 176
26 143
78 127
57 38
59 153
66 127
76 117
16 11
70 184
41 164
100 154
80 164
31 90
48 52
68 73
35 172
84 140
50 22
69 105
85 117
91 144
96 161
100 130
95 200
32 59
74 164
84 14
82 96
45 139
27 55
99 20
72 30
81 27
4 89
2 61
89 162
13 124
93 189
4 174
16 102
24 90
67 62
58 62
77 26
32 32
68 11
96 160
83 125
1 136
21 133
94 107
48 54
59 140
14 167
81 162
57 81
83 25
47 103
41 164
21 22
74 33
98 70
36 190
17 58
71 72
54 38
70 171
18 164
94 124
25 150
82 198
97 187
95 140
33 95
9 59
60 169
59 86
82 184
55 84
12 55
18 22
28 140
68 175
34 24
40 56
22 53
81 172
68 102
86 38
99 91
45 110
69 157
91 35
40 159
81 115
68 79
71 49
94 58
90 132
47 101
36 175
1 105
56 136
95 30
1 93
71 152
57 86
41 116
64 147
43 49
24 180
21 124
80 189
22 83
60 33
32 95
80 13
45 165
30 29
77 123
29 123
88 52
28 94
80 120
29 109
46 48
32 50
88 50
10 103
89 85
20 29
22 143
95 163
62 104
29 197
53 89
18 141
80 177
35 127
41 169
29 49
3 148
4 81
26 28
41 97
22 31
39 32
22 82
81 179
37 25
90 116
18 13
33 49
28 67
94 30
81 173
25 30
11 67
72 168
51 146
46 173
24 115
56 180
51 90
95 169
41 188
94 188
11 19
11 72
32 54
77 195
49 40
90 40
43 83
31 118
80 43
80 70
58 19
32 143
57 143
7 61
44 22
47 32
63 187
49 138
60 180
53 182
92 149
2 175
13 32
46 173
27 10
39 191
15 76
44 64
60 93
97 66
91 92
83 40
18 85
96 191
10 96
5 174
100 197
90 166
19 186
4 93
23 10
40 88
37 35
88 148
75 87
18 149
83 86
23 186
1 77
79 17
50 62
71 171
65 160
90 65
29 82
50 102
91 160
60 131
32 116
17 159
61 80
98 136
21 147
45 196
75 141
25 198
70 70
52 95
82 11
53 76
40 193
50 12
48 99
100 149
34 46
88 65
42 66
23 158
50 133
18 18
37 96
26 94
14 59
56 131
56 12
59 17
77 34
57 28
57 189
15 119
59 188
54 192
60 179
43 199
72 121
47 135
1 186
95 15
24 170
2 66
66 159
86 31
71 50
100 101
5 82
60 113
9 85
58 53
6 165
65 185
55 175
74 74
25 26
65 26
63 180
59 195
17 194
82 164
75 131
62 11
37 71
4 195
70 53
69 120
73 58
72 123
11 22
2 191
22 199
82 91
52 126
55 78
63 104
100 42
58 13
2 105
13 188
62 156
52 184
26 171
90 47
25 11
75 94
64 128
16 112
39 95
80 100
6 24
15 49
25 95
35 109
50 84
23 180
94 134
34 106
22 198
82 15
92 197
49 185
22 168
85 27
4 42
37 92
25 29
8 11
67 13
79 33
53 165
17 92
25 139
45 168
92 182
3 171
58 160
42 42
7 20
41 121
86 156
15 155
53 109
74 11
57 80
70 37
95 104
2 17
27 69
46 136
53 140
6 27
68 26
87 66
92 115
3 85
2 189
28 37
57 193
58 51
93 130
20 137
60 18
51 58
19 160
57 70
29 176
77 186
45 145
46 116
6 158
8 154
79 158
9 98
65 64
45 58
94 39
40 56
79 28
82 42
44 23
78 56
47 51
6 178
43 136
89 146
75 178
14 187
52 104
21 154
63 12
30 117
13 137
79 97
16 164
40 19
50 14
60 19
5 87
28 61
77 12
70 92
14 169
35 177
6 134
43 194
23 13
99 135
53 93
10 166
37 54
