800
28958
57 67
26 94
48 71
29 162
89 13
1 71
26 119
66 133
75 148
25 162
79 101
90 23
88 129
3 80
49 135
5 198
24 168
13 178
88 94
10 136
48 21
5 38
73 79
29 184
82 26
26 31
33 40
64 70
18 18
5 120
29 111
13 59
45 17
44 51
58 78
13 200
42 43
90 139
100 31
53 65
31 13
12 152
89 127
99 178
43 37
56 179
67 187
57 188
69 48
32 13
75 128
44 67
28 34
80 193
60 182
64 174
57 16
61 167
49 110
9 57
71 20
38 127
85 67
42 140
35 67
73 95
25 96
7 92
56 130
77 186
74 129
100 165
18 92
65 177
66 123
84 181
20 76
9 21
89 59
94 155
73 160
21 56
87 84
11 146
20 174
77 20
72 199
44 175
46 17
59 176
78 169
44 73
100 87
1 104
12 15
61 146
66 182
28 93
55 167
46 102
45 58
17 88
93 30
66 172
86 161
33 44
81 23
83 167
52 60
70 159
26 161
55 93
30 46
97 41
12 25
41 135
39 21
100 86
87 39
24 190
73 159
95 191
61 37
15 87
87 100
60 198
5 71
78 38
53 134
11 57
88 84
77 155
79 38
47 176
87 133
77 187
2 34
20 90
49 69
14 120
80 110
16 116
59 99
90 133
51 13
73 176
74 76
3 198
76 127
39 13
75 151
67 35
31 70
50 136
50 83
63 68
62 54
3 118
5 193
54 108
91 143
14 197
29 71
92 143
56 130
76 120
18 42
98 101
85 76
73 53
89 16
88 141
65 140
78 103
22 18
25 130
25 173
25 172
25 72
5 188
35 25
28 164
7 53
90 29
83 79
60 58
30 169
5 186
71 45
74 17
36 102
24 114
90 33
45 70
3 171
94 91
2 99
8 164
51 78
36 35
73 32
85 96
11 108
53 195
14 152
32 115
96 75
42 61
22 102
81 43
59 26
15 118
97 120
28 124
87 162
24 23
89 170
90 119
62 177
39 103
74 117
41 91
70 33
42 174
36 157
82 65
35 59
80 179
98 89
86 110
43 172
68 55
13 16
40 155
25 194
65 99
39 15
33 29
40 156
87 90
17 74
40 175
55 58
14 111
4 184
31 100
9 43
4 189
62 130
27 72
64 188
74 37
57 154
81 28
16 184
56 189
76 76
54 78
53 61
55 47
28 185
59 75
69 147
93 126
77 16
62 103
78 31
74 128
40 40
57 125
42 24
4 103
27 53
12 125
47 194
63 22
76 188
91 77
39 140
87 142
43 126
7 106
3 155
84 150
79 199
91 34
34 25
97 71
20 154
44 130
17 104
65 58
53 36
78 138
66 34
9 117
2 13
7 151
16 24
49 142
3 94
85 137
94 84
93 62
92 68
84 125
13 15
10 49
42 42
86 159
27 122
88 20
5 190
58 38
23 175
90 176
41 60
33 194
72 143
5 25
84 145
14 100
75 61
63 127
12 45
15 50
100 72
14 44
54 158
71 147
64 97
16 95
40 81
97 64
93 94
96 16
69 65
11 162
90 74
8 68
6 141
94 14
30 135
45 79
81 124
76 67
88 65
65 49
78 111
89 62
33 115
71 107
45 111
66 55
43 145
92 125
48 128
7 127
64 166
34 173
21 38
24 80
45 147
25 26
39 102
1 73
68 31
98 172
49 181
30 53
22 113
69 152
35 53
2 77
81 199
9 149
17 32
22 54
59 115
64 11
79 39
53 26
60 66
13 30
24 62
12 72
7 198
97 139
54 48
25 93
97 167
74 13
25 86
72 40
9 155
48 86
50 80
81 75
30 43
70 42
11 124
7 149
19 193
31 191
70 119
39 133
63 30
61 91
48 137
42 185
91 183
76 195
27 117
44 43
54 168
67 152
97 23
83 100
52 176
62 15
50 179
69 71
31 198
99 46
67 182
38 57
96 163
91 53
85 15
76 104
52 70
20 139
87 118
96 166
57 157
63 128
60 40
30 47
21 59
47 112
4 65
14 156
57 166
11 54
73 47
45 142
7 189
10 42
29 140
58 63
21 110
73 99
85 24
86 99
55 67
29 58
86 13
76 161
21 101
40 28
52 87
76 175
65 84
79 76
63 180
36 176
89 85
89 47
31 195
81 154
90 10
45 175
35 97
26 122
92 140
98 145
23 144
62 16
72 45
4 140
30 84
12 200
88 119
1 111
55 28
15 63
17 76
73 191
57 60
4 114
87 47
26 46
13 47
51 192
89 191
9 162
98 19
63 110
89 49
31 130
67 130
83 179
60 15
55 18
65 170
67 163
74 165
19 130
62 77
16 196
48 17
69 30
46 19
4 117
69 77
15 168
62 196
57 77
41 144
77 138
98 146
64 151
18 150
22 104
62 185
100 90
81 197
38 174
72 127
54 77
18 88
89 81
26 164
44 106
50 57
15 196
69 71
52 192
13 139
65 75
96 151
53 20
94 61
78 200
59 94
70 181
45 104
20 142
78 89
69 131
71 139
100 100
16 133
5 36
19 34
56 54
31 52
28 27
12 190
14 91
57 54
91 152
19 58
37 123
75 163
48 145
22 27
35 93
78 67
68 84
81 82
13 81
16 145
85 50
69 121
78 28
30 177
59 91
22 142
15 11
56 20
81 179
44 54
23 76
73 97
98 90
65 149
56 113
23 94
44 52
71 15
93 107
14 167
52 30
30 87
49 138
54 98
34 170
10 31
66 10
5 49
51 58
59 83
34 145
99 110
50 133
97 109
35 15
50 13
86 177
6 158
84 75
44 191
43 80
82 51
66 149
71 161
65 155
8 125
17 88
65 87
88 200
85 131
44 124
15 22
31 57
26 134
43 192
60 57
4 165
80 163
91 45
97 60
77 147
6 106
21 79
21 77
3 194
50 118
5 66
31 196
6 68
10 194
2 70
43 75
92 158
12 158
50 66
73 198
42 142
17 33
95 168
94 105
81 64
79 48
84 56
86 27
74 19
90 162
63 150
65 137
57 135
9 134
34 166
16 117
87 95
63 34
46 45
1 178
26 114
70 120
31 92
11 134
22 84
83 94
78 47
78 131
50 95
15 25
65 194
38 139
63 46
34 164
23 59
55 196
2 132
44 38
36 173
84 101
47 79
1 173
70 102
46 172
39 80
95 103
5 145
38 64
36 70
70 143
39 181
74 69
69 47
100 82
62 109
89 74
13 193
64 37
8 160
97 135
38 161
91 62
79 40
93 150
72 14
61 98
55 60
41 109
86 120
44 45
13 169
91 92
28 47
52 94
71 76
55 92
33 191
91 23
61 114
84 61
64 85
20 96
95 84
76 105
9 199
55 140
99 171
83 112
85 161
60 161
70 110
98 37
24 197
58 135
63 77
16 89
54 80
74 106
32 97
43 16
50 18
37 164
24 174
35 63
24 29
92 97
65 181
97 143
60 150
60 176
97 14
70 158
93 41
29 86
100 68
72 93
41 95
3 50
70 180
18 23
54 132
55 48
30 171
77 107
92 183
68 40
39 166
56 151
98 131
53 122
76 142
31 150
48 47
34 21
10 108
37 43
7 173
94 13
19 28
53 186
14 194
56 45
61 58
89 109
50 10
33 115
90 163
93 177
93 175
85 26
17 112
