800
27677
27 171
63 90
28 183
88 95
43 199
43 63
2 181
30 123
5 163
23 116
97 182
100 162
86 114
60 161
60 111
43 147
46 116
16 37
97 114
44 87
58 123
38 57
51 44
77 177
62 78
96 95
22 170
82 74
35 105
9 119
71 93
40 54
37 25
79 128
71 42
1 60
69 129
42 101
68 136
81 91
24 97
9 61
93 97
20 61
57 199
14 178
48 22
27 185
50 196
66 46
67 102
25 154
58 99
4 140
95 45
75 82
45 114
37 90
97 37
81 29
40 57
91 169
40 53
69 71
15 66
21 79
25 167
5 191
19 113
82 181
63 17
7 122
21 180
47 136
18 48
36 64
50 119
19 119
19 136
70 86
44 81
8 17
68 34
15 151
68 89
29 178
17 155
58 12
38 86
50 73
9 94
62 135
80 62
14 199
99 75
71 52
3 62
74 83
56 168
24 185
83 39
9 169
93 118
83 63
29 70
30 111
93 19
20 134
37 29
45 17
41 127
86 193
99 74
21 182
92 56
9 39
18 96
91 174
14 170
7 164
50 66
31 142
28 23
61 153
46 144
72 15
90 144
26 164
26 92
58 42
16 176
8 102
48 17
79 159
32 53
40 24
67 88
22 29
98 44
98 135
1 119
25 110
99 196
60 52
34 70
56 153
48 47
83 167
84 169
12 153
87 156
39 107
59 105
19 166
72 33
12 142
9 24
98 68
75 127
55 17
53 131
83 158
27 89
21 188
24 89
5 31
20 136
100 96
33 99
88 120
83 81
22 199
2 189
89 167
26 22
63 194
39 31
52 147
97 130
43 79
72 46
63 36
95 26
93 154
61 187
98 18
82 100
82 175
37 158
55 151
21 174
86 184
81 67
30 168
83 11
54 188
92 183
28 12
81 126
25 112
18 161
60 17
3 129
58 191
54 43
11 18
50 56
81 146
22 122
79 154
22 80
98 36
33 179
1 128
38 135
48 95
51 47
18 47
16 194
19 116
37 147
45 38
11 34
54 141
44 149
50 169
79 160
58 32
82 112
7 140
68 127
95 39
46 79
19 107
79 13
9 165
27 126
82 127
74 185
78 118
75 131
2 116
19 123
58 109
98 133
20 127
66 192
60 84
25 173
40 74
80 185
38 198
31 61
52 177
90 127
19 71
46 145
92 145
66 73
9 193
68 190
41 158
36 196
8 28
42 147
1 70
84 160
53 120
88 97
16 111
74 163
74 65
79 84
73 144
14 58
59 81
42 90
35 93
11 132
28 52
8 198
14 145
67 171
25 131
39 95
99 143
24 187
14 49
22 73
65 117
31 134
91 182
95 187
14 29
33 190
11 127
17 37
38 139
53 147
15 168
45 134
71 179
26 94
54 127
18 143
46 28
7 154
14 159
69 113
90 126
43 88
81 110
3 185
68 197
37 96
63 155
6 77
42 190
88 55
14 28
21 33
6 151
1 107
12 140
33 43
63 115
23 41
46 53
89 15
16 121
20 151
54 195
37 178
3 120
59 193
7 178
33 167
21 123
33 174
83 20
28 16
87 96
54 20
98 56
76 63
39 146
13 172
95 56
41 173
79 175
82 130
31 74
13 74
91 29
71 193
34 197
42 55
70 67
28 86
35 144
21 118
57 170
75 156
87 126
37 185
36 80
29 25
78 164
86 91
5 189
61 174
73 195
46 66
46 173
66 159
40 68
53 65
15 24
3 17
97 124
87 109
90 62
70 158
40 70
28 123
60 117
61 37
42 64
80 164
85 57
2 97
74 80
84 129
33 101
56 168
27 57
81 43
71 29
23 85
52 129
61 158
10 185
8 10
64 56
93 190
83 86
63 163
22 114
51 59
7 168
47 136
86 68
14 162
98 91
42 164
16 42
12 138
72 177
94 71
24 197
26 49
70 147
22 85
65 124
53 185
96 67
53 88
53 51
26 105
2 50
83 174
66 80
86 50
62 156
78 39
57 61
65 188
20 130
47 37
98 169
28 84
52 115
96 191
51 74
37 97
59 35
5 98
14 152
9 134
84 138
100 47
84 150
26 32
66 82
13 198
68 125
16 83
45 157
48 21
3 172
32 58
74 104
57 118
40 103
76 174
48 169
34 147
45 36
5 188
16 134
22 149
76 100
64 162
29 30
3 198
7 196
59 63
74 43
94 95
60 164
74 48
52 153
45 90
82 29
72 125
86 99
85 86
77 96
18 178
2 25
74 59
89 181
66 127
54 31
77 158
35 140
10 124
78 102
85 163
18 171
30 193
22 186
2 148
58 173
61 161
9 79
52 42
75 177
44 195
28 180
12 30
69 103
7 51
63 124
88 89
91 85
1 76
41 47
12 41
18 70
27 20
31 109
100 106
41 50
32 33
34 166
60 35
36 192
21 65
79 65
8 134
81 160
99 54
64 78
43 22
8 74
73 85
27 42
2 191
87 74
4 81
50 28
95 66
99 12
9 129
88 47
57 87
86 159
17 36
75 102
22 77
85 14
21 104
64 22
44 143
78 142
30 109
55 106
33 53
62 196
24 50
9 85
85 65
5 108
100 67
51 124
99 72
33 86
57 33
82 124
61 164
19 176
21 178
6 44
100 109
13 131
67 105
57 17
57 146
55 141
42 130
41 175
18 19
85 166
7 40
67 55
5 146
96 91
36 159
59 185
84 73
98 134
57 164
98 51
74 101
2 145
60 90
5 129
7 160
9 18
55 16
54 83
86 104
43 11
89 34
6 108
18 70
82 176
65 84
68 93
94 67
33 78
94 74
95 143
21 19
15 81
57 13
25 44
29 66
86 37
6 94
61 143
42 88
53 192
58 131
17 74
96 169
24 89
86 43
16 112
93 149
9 92
88 195
56 139
6 106
6 75
85 188
49 21
12 183
2 187
16 184
12 16
37 120
67 156
82 178
11 126
45 161
70 20
79 188
48 15
88 32
80 178
9 35
56 124
74 87
46 14
56 120
66 137
59 68
85 114
20 77
29 134
6 21
77 159
95 33
5 10
66 164
41 170
60 100
79 58
84 22
37 94
24 124
28 125
90 90
2 145
33 103
27 43
87 121
63 100
3 172
6 107
96 46
17 183
83 92
36 15
11 147
8 99
98 74
92 173
92 160
10 129
36 18
46 162
71 27
12 109
77 161
17 103
8 169
90 82
58 146
76 39
62 63
99 89
63 197
79 29
1 103
88 41
40 147
18 176
51 13
82 51
96 44
95 156
43 92
34 185
14 179
48 159
5 11
25 197
90 31
28 193
18 24
12 153
42 19
59 181
80 131
83 137
79 87
34 73
59 145
66 116
58 30
72 160
12 31
33 92
91 186
62 183
90 154
24 185
41 107
84 61
88 146
64 181
7 96
13 104
53 111
85 92
44 73
66 18
98 41
87 39
75 121
63 77
43 16
88 174
28 99
8 159
90 74
71 103
92 166
68 112
63 147
26 153
48 110
83 165
79 173
46 30
82 54
28 88
3 70
11 93
12 78
74 100
71 54
1 88
26 53
77 56
76 22
87 106
1 97
92 134
28 124
75 118
22 36
27 175
72 198
43 50
17 126
62 56
63 55
32 85
80 168
73 176
25 22
84 88
12 93
76 83
50 91
47 165
