800
29000
49 85
77 181
42 87
95 88
89 76
81 64
31 75
47 24
24 134
6 128
85 130
62 185
63 52
62 135
76 131
13 114
32 93
25 177
43 94
11 153
7 182
38 31
61 67
8 118
97 93
12 156
83 73
61 39
35 172
29 81
49 111
64 114
13 136
95 10
74 188
84 144
52 42
76 22
25 136
34 166
80 126
31 80
54 18
88 68
91 111
83 89
87 132
61 186
55 61
75 129
88 85
93 56
12 171
13 146
1 113
90 168
50 35
51 53
20 19
84 178
47 78
31 91
83 134
54 69
79 77
1 92
99 114
26 185
55 18
20 66
71 157
90 29
46 147
79 137
48 45
45 66
40 125
13 143
96 168
58 100
10 45
11 44
14 196
30 58
36 69
12 47
63 191
57 82
73 20
47 75
97 48
9 28
67 119
86 199
2 111
89 71
93 22
64 46
63 147
98 120
34 191
77 147
57 18
91 111
92 195
6 199
85 56
21 21
79 198
51 176
12 113
36 55
28 84
69 197
65 80
65 175
55 30
72 133
87 31
1 198
53 199
61 119
27 31
12 88
68 85
90 38
32 157
13 72
62 68
95 122
98 26
50 22
81 31
63 37
18 116
49 80
16 150
6 85
97 146
68 173
18 30
64 169
3 153
49 197
97 111
86 17
15 23
92 88
75 129
36 85
14 110
50 136
10 161
92 125
53 47
3 165
47 32
2 36
76 101
72 72
66 169
52 113
47 15
44 52
26 12
38 128
79 165
93 114
86 87
95 131
94 67
23 90
11 124
62 21
69 28
18 16
23 129
71 166
64 16
55 144
68 105
8 168
96 186
11 71
1 129
24 26
73 94
4 149
99 76
83 194
58 179
37 200
93 55
65 33
21 91
13 50
26 129
23 181
28 136
71 190
4 67
22 104
48 195
47 139
91 170
99 164
48 34
26 80
39 67
90 92
55 27
74 112
36 93
38 98
27 169
28 140
48 106
4 121
87 39
57 66
8 48
60 65
83 56
52 93
96 162
92 71
77 151
49 132
97 190
48 27
5 109
76 180
100 169
1 84
5 77
95 131
22 160
99 138
37 168
17 187
16 58
87 13
11 131
89 88
97 81
29 60
3 90
78 84
88 27
30 168
69 186
53 191
63 148
15 116
30 193
99 27
79 117
99 29
23 62
13 182
63 139
17 134
29 166
95 193
40 182
73 52
20 70
6 123
82 13
4 66
46 83
37 51
16 194
24 92
5 111
40 113
97 166
62 49
100 117
83 95
56 141
83 44
69 176
85 48
8 126
96 81
61 200
98 196
3 140
59 139
47 152
71 169
29 67
9 113
38 144
94 197
76 114
93 101
16 170
24 115
69 19
50 87
76 45
85 36
60 136
46 34
54 64
63 24
50 105
64 31
85 40
48 166
83 112
67 72
33 30
33 145
4 27
54 37
64 103
26 36
24 12
87 20
70 19
59 111
79 60
89 142
62 198
11 66
1 172
35 118
74 31
40 179
33 179
73 19
16 28
3 20
27 113
73 77
32 96
13 125
95 54
77 139
49 147
29 79
26 78
84 68
51 103
64 116
27 39
11 188
12 134
64 79
50 193
86 163
31 73
65 105
5 106
57 137
16 72
88 67
49 28
29 94
37 182
56 63
28 173
25 31
74 191
79 39
76 54
14 110
14 74
14 177
87 12
77 170
62 45
19 193
21 29
35 140
32 122
66 166
81 193
41 131
57 181
68 33
24 116
33 31
83 61
42 199
56 47
18 132
20 145
25 48
3 43
24 88
54 36
83 183
98 131
32 23
23 76
84 200
88 107
12 186
42 177
34 165
10 93
95 67
57 11
65 180
60 10
35 19
1 187
1 79
48 112
90 68
42 57
63 159
37 165
79 23
30 126
48 133
7 152
74 119
46 35
51 18
40 51
66 63
33 163
55 170
78 120
66 195
84 130
28 83
43 60
8 119
17 168
82 150
10 62
82 80
37 97
6 112
95 168
66 153
22 96
86 181
53 146
8 166
38 190
65 26
57 67
76 46
76 196
99 74
67 15
42 131
88 116
31 197
93 111
16 137
30 199
74 153
31 62
49 150
19 43
45 88
14 146
31 91
18 47
34 170
62 84
87 16
8 55
39 47
65 94
50 169
47 61
98 64
56 65
15 152
7 79
28 168
91 10
35 49
8 183
65 65
98 182
3 189
54 30
91 160
44 146
77 127
61 71
73 166
96 78
73 128
65 179
100 167
89 177
17 155
41 175
78 195
54 166
61 57
37 59
6 69
47 115
39 67
88 130
5 24
76 105
91 101
96 34
10 170
70 85
1 33
98 37
76 94
67 188
67 95
88 108
71 131
37 29
61 94
34 104
18 184
76 119
54 199
81 193
23 120
18 62
45 173
66 119
93 120
99 42
97 112
31 154
14 163
37 156
48 117
17 42
18 69
26 137
83 126
46 109
77 42
56 161
56 97
34 44
58 23
20 91
68 46
16 169
100 32
22 83
69 170
15 44
15 15
43 21
8 73
23 183
66 142
83 183
11 179
52 15
46 195
75 54
77 160
52 121
68 153
54 170
92 42
86 78
77 123
89 38
49 117
32 30
15 119
75 189
54 168
74 21
97 133
80 130
84 140
14 83
1 109
14 109
1 49
7 28
59 191
64 190
50 102
52 166
88 73
96 100
11 27
51 78
14 163
86 173
61 71
41 167
39 60
61 53
66 159
79 62
50 82
9 112
18 103
28 126
83 48
80 172
66 145
23 89
25 190
77 61
83 131
4 190
16 72
90 183
95 63
65 88
1 42
62 35
20 41
52 173
64 32
21 168
62 46
49 159
34 167
47 23
90 53
80 118
52 134
25 173
39 87
82 114
68 107
9 22
79 78
92 24
79 115
33 180
63 99
42 155
29 89
93 62
88 181
76 49
59 11
2 154
81 189
31 65
39 30
95 80
33 147
87 17
15 149
20 142
42 15
38 104
79 171
98 97
19 183
75 16
5 163
92 38
76 170
83 127
76 20
32 70
92 82
87 58
37 143
14 37
22 139
74 17
91 164
35 159
74 130
28 102
94 16
14 157
72 76
95 164
37 100
61 114
55 32
74 56
68 153
24 133
55 109
1 178
55 200
44 157
74 183
62 176
2 168
89 69
88 93
93 46
17 72
15 37
28 127
12 50
50 150
54 195
49 126
99 90
47 11
43 82
89 159
41 134
32 36
74 16
69 62
78 11
67 12
33 62
3 53
86 100
42 146
29 67
26 155
34 183
24 51
12 164
33 197
40 149
21 196
52 170
100 17
99 12
35 47
78 173
34 171
69 59
12 102
95 176
37 20
15 74
72 44
5 125
93 151
71 78
65 173
96 41
98 144
48 67
78 81
9 141
73 65
78 77
52 98
21 164
9 103
88 161
54 197
40 112
33 86
27 30
4 154
82 72
54 53
30 163
4 134
46 137
15 149
54 18
93 97
76 118
43 76
39 157
98 31
13 145
31 69
71 95
14 61
84 149
69 139
48 16
85 70
98 102
86 145
38 186
44 151
17 114
39 146
31 188
95 67
92 100
100 112
46 84
70 74
18 101
26 160
61 106
89 121
87 77
51 40
67 199
31 22
