800
27675
35 65
67 107
83 31
85 190
62 176
88 57
71 150
7 88
89 140
41 44
38 107
14 142
27 69
3 64
63 48
99 141
12 67
64 174
7 43
96 28
28 48
67 80
23 106
22 193
39 17
43 64
79 95
86 112
23 75
90 83
89 11
8 55
65 125
52 193
49 158
53 121
20 63
89 54
76 76
76 148
30 180
60 136
41 155
34 108
8 157
20 17
59 113
47 59
51 90
82 161
71 136
98 146
66 37
6 115
5 170
8 129
5 164
77 199
73 42
60 141
27 55
46 124
81 151
32 190
91 131
60 116
70 129
52 101
78 176
49 176
32 184
25 143
26 66
7 97
48 187
56 150
22 187
10 105
11 25
57 38
62 100
57 28
79 183
42 150
48 126
25 26
94 18
97 40
18 110
54 34
85 173
75 26
62 88
25 41
23 67
64 146
65 172
79 179
62 103
79 185
85 168
51 71
61 33
58 127
14 189
60 65
83 119
75 160
32 194
23 89
44 188
40 41
94 174
65 64
59 179
31 137
13 80
65 119
68 74
69 169
22 51
8 44
32 90
87 123
21 191
92 198
43 50
11 51
83 182
43 89
20 171
49 11
9 148
66 136
6 134
95 143
1 45
2 135
42 133
59 160
62 139
81 118
81 152
62 151
54 191
13 54
92 118
89 101
14 36
37 198
11 82
41 143
59 29
5 66
44 49
19 63
74 70
3 176
13 126
51 103
41 102
88 61
97 168
84 156
63 193
94 121
27 72
100 126
55 167
56 88
7 174
18 88
57 67
96 67
64 46
53 62
24 113
59 119
54 121
15 74
7 147
22 196
65 19
62 147
26 86
41 107
36 189
92 199
85 157
89 130
38 88
99 186
24 91
29 63
5 113
27 108
50 116
34 74
23 127
34 53
20 106
46 132
78 65
98 30
59 114
23 57
12 155
39 143
15 119
54 87
79 39
52 126
64 76
13 94
18 116
22 48
52 76
62 51
10 199
78 35
53 22
74 100
67 139
6 98
7 14
65 61
52 125
72 98
41 36
82 187
72 66
26 139
60 81
79 150
38 52
94 106
18 186
36 79
93 155
2 72
31 27
2 38
56 54
87 23
6 74
61 77
8 152
94 85
97 99
17 183
74 172
84 150
84 77
6 132
37 63
80 22
99 131
8 118
86 187
29 123
75 42
45 115
4 90
86 121
16 196
60 154
32 59
98 32
19 66
27 37
26 119
61 189
71 102
57 154
43 193
77 92
70 188
66 163
56 139
1 91
85 35
23 31
93 169
53 153
83 88
29 65
31 151
31 85
95 109
34 168
84 160
14 155
82 99
88 65
97 107
19 124
5 90
20 15
87 142
63 53
41 141
35 41
7 44
83 26
49 183
40 27
9 68
95 19
93 95
76 77
26 96
100 93
54 64
68 134
59 28
96 125
71 16
63 124
72 92
40 163
61 188
63 19
50 26
53 24
36 187
3 20
95 14
90 46
31 157
84 198
39 28
97 27
34 80
91 167
63 183
15 147
37 18
72 123
1 10
7 187
26 131
26 117
4 66
100 192
34 110
31 30
94 172
47 199
32 155
20 43
33 183
58 112
48 98
65 171
48 185
24 104
23 115
5 158
53 14
89 130
27 147
48 62
98 45
82 80
31 31
98 75
23 99
41 197
43 16
49 48
38 145
69 191
68 65
89 169
7 174
4 118
50 77
30 109
68 169
45 191
78 158
43 138
76 120
26 41
18 128
83 13
54 77
15 144
48 138
45 171
11 40
42 64
16 98
94 29
32 185
11 160
73 162
29 14
25 45
69 68
3 146
30 107
25 90
48 82
34 38
59 101
18 169
67 164
50 144
93 88
51 25
35 34
43 30
68 138
19 120
17 71
11 139
92 69
38 105
15 54
56 95
64 165
81 170
36 35
10 175
22 167
79 177
66 21
68 52
55 154
37 113
33 156
5 25
50 44
96 39
80 123
38 199
60 13
39 148
92 65
59 150
59 191
83 172
2 79
4 20
12 164
23 183
12 134
24 157
77 96
66 155
20 162
82 128
52 72
76 147
66 112
16 179
11 165
84 168
1 29
70 33
92 157
14 183
34 128
33 199
67 123
80 174
32 23
5 15
77 158
77 196
40 34
54 171
95 99
75 182
26 100
22 179
85 39
2 170
96 10
22 54
32 98
29 90
73 189
26 109
51 70
49 77
19 59
82 45
7 113
53 130
63 86
89 110
79 133
69 124
92 46
40 37
21 156
98 123
12 128
11 107
9 136
48 61
72 115
69 193
48 44
29 191
59 70
10 157
30 173
68 110
72 184
72 43
95 40
2 87
24 178
54 65
66 97
65 43
73 149
60 24
26 190
49 66
37 152
18 61
79 116
77 27
34 181
46 65
33 110
70 186
85 181
40 124
58 61
15 28
13 168
25 19
15 34
92 89
33 25
30 189
85 200
92 182
14 67
100 77
97 193
16 76
16 130
21 86
17 171
95 145
21 121
100 132
94 200
91 84
9 32
89 173
3 159
1 116
98 131
58 142
15 182
66 126
25 34
80 105
27 45
40 124
42 85
75 184
41 94
20 83
89 170
6 40
71 153
91 167
35 90
80 54
40 187
70 176
98 79
19 83
4 188
41 198
31 88
58 40
6 120
1 122
65 180
57 101
58 99
41 132
70 72
16 173
14 161
70 111
90 24
25 170
61 113
70 130
5 57
91 52
42 158
85 174
33 78
74 82
5 149
45 98
81 25
37 74
8 17
55 37
62 15
58 172
1 152
71 60
13 160
44 152
11 120
55 121
1 54
2 73
30 128
16 93
39 159
66 101
77 178
69 168
20 72
21 60
94 173
43 29
56 126
61 157
50 24
93 54
17 38
44 142
37 133
33 185
58 27
86 172
84 146
10 133
100 47
57 146
77 69
99 197
30 113
84 61
18 50
76 39
73 165
65 48
77 81
59 160
84 153
56 140
42 162
75 78
58 152
21 72
40 25
20 111
21 164
21 14
89 106
34 14
39 154
98 107
16 44
100 37
68 198
89 92
16 132
3 58
97 49
78 143
40 73
75 191
19 64
8 100
38 137
39 114
59 145
98 53
57 102
46 158
78 63
56 97
55 110
62 72
5 51
79 127
94 187
45 176
88 89
2 178
70 145
55 171
81 72
6 198
73 28
41 17
90 195
39 76
84 155
33 105
35 107
67 26
4 43
6 162
47 41
70 92
38 184
12 21
56 120
51 12
81 24
46 103
25 62
10 86
12 20
37 55
87 135
55 31
63 94
24 127
20 137
14 148
12 60
56 133
60 87
71 149
39 133
20 178
67 33
68 156
13 123
61 36
37 63
35 147
87 12
1 142
85 182
86 39
29 165
12 184
94 29
72 180
83 138
1 16
18 79
99 138
22 68
28 15
61 53
59 165
29 163
36 25
97 25
45 139
94 89
18 48
5 196
97 145
81 45
5 189
36 175
85 82
97 156
63 187
22 64
55 55
26 68
41 60
12 19
99 106
72 100
91 78
81 136
42 108
28 94
23 163
18 190
45 49
1 67
5 112
33 169
10 130
23 88
64 13
79 82
90 38
21 16
46 168
69 158
81 95
63 20
34 77
63 139
