800
29177
24 76
78 33
67 110
2 42
58 189
48 47
84 199
53 127
38 172
86 63
3 192
25 49
65 126
68 123
100 51
56 164
18 181
54 91
13 26
87 31
47 157
20 116
42 123
62 159
60 147
86 94
37 93
86 103
48 55
71 36
30 35
3 142
84 143
6 102
52 144
1 45
71 30
84 107
83 198
36 189
7 51
59 156
53 33
64 111
24 17
59 195
35 111
41 16
74 139
70 141
61 195
20 84
63 114
17 96
59 143
56 59
56 165
96 111
43 193
36 141
98 24
10 123
36 54
62 67
45 98
25 92
52 147
52 69
67 143
81 112
51 105
74 92
92 102
10 72
34 145
86 106
72 137
28 170
18 175
29 195
94 112
52 22
46 32
41 40
42 45
27 75
48 177
39 26
96 165
46 197
85 144
58 139
78 41
31 169
14 160
79 43
73 12
72 102
39 135
32 57
78 164
37 158
92 16
29 71
29 27
96 107
87 155
82 149
57 56
2 112
65 170
56 144
1 126
96 193
17 133
26 107
3 123
42 166
27 10
52 164
58 152
51 84
47 165
27 192
46 52
41 64
22 95
30 180
56 48
41 122
59 134
88 98
12 11
71 113
8 72
53 21
63 139
47 169
84 161
25 22
11 177
74 189
26 107
57 173
74 116
66 190
96 81
49 46
67 200
82 192
18 172
81 62
90 13
53 95
5 38
20 25
86 68
63 14
23 134
22 120
13 147
78 88
58 103
67 163
34 68
19 33
42 18
73 69
93 152
52 171
89 134
90 13
60 69
79 99
61 73
19 87
29 105
52 138
70 195
75 177
90 111
55 32
54 98
93 63
9 144
65 136
56 165
95 146
73 154
70 81
24 52
18 75
26 138
18 178
41 75
84 84
60 95
57 55
52 152
88 54
34 115
67 106
43 126
94 100
52 108
95 73
44 100
66 157
8 56
69 17
4 85
85 132
30 37
39 19
14 145
100 100
28 20
46 74
63 171
95 184
65 81
51 164
46 63
80 200
5 92
33 195
46 174
100 139
85 79
39 148
2 19
96 199
13 65
54 156
75 150
66 118
13 102
67 20
86 65
68 40
5 151
67 123
87 114
28 140
30 142
84 43
79 28
50 104
12 62
98 160
30 53
81 144
27 172
95 25
6 79
42 15
64 146
14 149
54 91
43 176
30 189
71 103
84 35
48 115
78 96
34 91
36 103
35 183
27 66
59 47
88 32
71 34
11 165
78 49
98 46
91 77
34 75
48 43
14 174
41 80
55 120
87 167
96 32
84 176
67 101
8 120
32 171
6 158
36 189
72 118
13 150
36 107
19 12
3 141
64 83
24 137
42 108
79 54
63 120
55 194
46 89
28 84
18 58
59 91
83 33
76 196
95 35
2 77
21 42
53 160
76 67
61 40
81 92
91 98
65 68
88 11
11 18
51 197
5 110
58 185
7 164
69 164
97 115
65 76
78 128
48 42
49 83
35 42
47 170
19 52
61 23
41 160
17 61
28 122
11 55
38 25
48 79
73 84
36 130
48 58
69 16
66 183
48 72
50 172
71 30
74 184
49 196
33 167
91 20
99 35
22 118
23 42
71 37
69 95
84 162
60 95
60 100
29 45
84 27
50 104
55 162
74 72
16 152
42 177
40 16
28 115
94 82
40 148
16 155
30 148
18 23
32 51
44 144
6 174
93 69
95 106
23 96
80 160
41 136
47 140
69 36
32 42
80 125
26 54
17 197
19 53
57 162
10 118
94 153
43 67
73 68
51 93
64 51
19 51
30 147
28 90
47 148
73 130
41 101
60 46
32 154
6 148
46 175
39 200
6 56
75 13
39 38
39 137
19 184
58 123
16 105
100 93
76 153
49 180
96 33
93 13
39 185
53 177
39 174
99 155
58 18
63 129
22 77
3 44
46 198
65 86
82 59
13 140
11 100
49 152
46 179
10 72
46 200
16 108
23 137
40 41
53 126
17 120
89 122
24 196
36 168
10 92
53 142
83 92
82 31
2 87
42 34
73 25
67 144
16 140
43 21
65 58
85 133
48 52
11 17
63 117
13 13
70 120
12 189
94 140
73 31
91 133
26 149
9 27
10 112
25 152
67 150
14 127
81 112
97 132
47 161
53 28
73 189
61 200
83 58
18 172
91 79
63 200
11 12
80 80
29 21
23 60
53 63
91 113
79 13
95 165
85 173
5 125
12 73
76 55
35 192
21 37
2 195
5 95
44 95
86 178
97 67
68 10
55 130
98 66
69 135
9 114
82 48
81 172
98 44
57 159
61 197
81 56
56 15
11 60
3 143
65 34
33 163
37 125
30 103
11 156
72 116
5 150
79 94
70 61
31 110
65 106
72 155
88 133
74 189
20 72
68 112
15 32
53 167
84 103
88 38
59 46
93 177
8 88
6 117
31 123
34 143
88 117
66 142
63 73
26 143
44 105
41 14
14 41
77 41
67 77
38 73
50 71
95 121
76 28
61 56
45 104
48 82
46 52
15 183
53 23
76 157
62 122
37 121
71 26
62 44
89 185
82 97
95 120
63 200
66 194
85 62
31 183
55 36
35 29
24 143
49 22
13 189
15 70
11 81
66 59
84 83
6 72
1 175
84 148
79 122
24 61
2 108
66 95
94 159
66 74
10 41
78 59
42 137
55 177
70 107
20 10
49 54
60 142
89 111
58 105
87 119
56 128
67 197
79 94
18 43
44 41
54 116
20 185
83 108
100 109
20 122
61 180
58 115
74 76
81 135
28 151
78 150
29 111
69 103
42 22
39 178
42 98
69 173
97 192
5 19
47 143
90 27
18 78
96 25
60 64
33 167
2 108
54 21
54 157
45 80
34 29
13 61
19 141
43 14
87 96
79 160
84 58
94 25
8 50
73 144
5 54
85 15
47 147
21 124
99 17
50 165
9 164
14 100
25 153
4 102
11 196
76 133
62 43
75 149
52 105
93 158
70 188
83 46
60 139
51 40
76 84
36 57
29 88
45 151
51 68
46 67
44 28
63 90
71 81
82 52
84 53
77 39
49 29
90 132
88 53
85 43
69 13
93 67
7 141
46 141
78 197
90 119
3 133
57 160
71 19
31 94
94 97
6 67
61 111
41 16
39 160
97 97
31 163
89 179
11 46
31 198
57 15
4 110
50 53
81 69
26 23
100 11
54 60
29 28
95 183
100 59
49 184
97 32
20 46
81 168
82 114
25 173
93 182
50 162
82 96
67 197
96 188
2 39
87 18
78 156
83 160
58 154
46 174
5 68
6 165
19 122
8 90
33 21
61 57
97 101
32 93
63 157
35 155
97 184
15 142
58 94
32 55
26 167
61 127
55 53
19 102
23 117
14 115
98 141
23 171
62 68
52 200
96 144
36 169
86 44
50 42
43 180
82 136
80 84
38 182
72 183
67 192
60 104
13 89
7 91
85 191
14 123
16 33
33 193
95 49
37 18
67 175
45 180
24 70
90 146
98 149
81 53
92 194
79 88
65 200
77 135
42 119
2 78
100 40
92 101
16 175
94 12
14 91
83 147
40 198
11 116
93 175
89 150
99 32
56 141
3 47
85 199
75 45
53 41
83 59
60 121
28 183
20 110
12 74
