800
29264
32 192
33 61
32 92
83 79
74 64
4 55
71 11
31 96
68 116
36 63
17 72
53 139
16 151
31 180
33 188
95 176
58 107
42 37
61 90
89 163
12 99
33 31
51 46
15 182
40 188
80 18
84 128
47 167
81 78
72 165
15 158
32 112
30 61
93 66
81 49
52 65
51 121
87 33
17 113
29 169
98 172
35 143
99 165
8 93
53 184
81 82
24 75
44 108
28 158
56 129
6 31
82 34
13 59
83 30
12 56
91 48
51 62
38 30
35 33
30 43
45 18
72 183
23 47
36 111
2 130
5 121
20 50
53 187
97 98
9 96
12 194
71 152
29 103
16 18
52 46
8 64
5 136
95 30
81 67
58 99
62 29
42 150
24 28
91 101
71 83
39 161
33 109
53 144
24 146
55 148
49 109
80 80
42 138
39 36
78 36
38 74
31 79
91 183
64 127
15 16
91 125
77 18
89 26
100 135
21 123
74 65
47 30
31 179
100 53
92 48
84 140
53 129
8 184
2 125
23 12
83 136
2 22
89 46
68 106
85 200
57 30
34 141
35 159
32 189
41 199
94 44
87 135
79 102
3 120
32 16
93 32
77 23
53 58
56 86
57 47
32 105
88 83
44 110
43 155
46 149
72 187
60 170
85 140
83 69
79 145
35 73
4 178
92 81
9 47
13 188
80 31
16 106
79 172
1 68
80 185
56 71
81 28
97 25
28 144
99 43
63 10
23 104
37 197
77 83
67 146
16 78
93 65
81 51
91 79
38 124
97 55
79 24
19 196
79 149
35 65
44 126
73 100
49 89
99 159
65 184
69 94
88 118
90 107
9 128
7 135
96 134
21 199
85 83
90 167
32 85
40 58
11 60
1 23
49 135
75 74
64 106
28 31
100 23
61 104
11 106
47 148
5 184
3 35
10 29
87 108
67 174
36 24
11 190
22 92
7 83
42 158
37 50
42 128
23 34
67 50
74 30
21 123
97 10
46 77
74 56
31 96
24 116
33 147
90 99
58 63
88 194
67 145
36 164
22 80
20 41
62 158
16 173
75 198
16 118
47 86
88 81
69 190
64 111
17 48
91 186
62 199
88 153
59 20
32 19
11 73
11 193
33 85
11 153
71 78
68 125
12 26
77 68
65 133
74 110
30 118
98 162
64 157
45 109
9 168
96 78
21 99
74 48
97 183
17 167
60 180
71 141
96 99
75 100
46 102
24 119
37 137
13 90
32 198
81 36
84 84
82 115
46 166
18 157
96 96
71 58
98 163
32 127
1 160
52 121
50 129
24 134
29 53
29 68
97 40
99 169
9 136
46 13
10 190
94 82
68 132
92 114
41 125
37 12
10 121
10 196
31 194
46 179
6 170
30 178
93 28
3 145
2 159
81 184
85 28
82 194
7 175
48 81
93 147
66 72
83 108
97 55
56 125
42 166
94 47
81 11
62 133
85 177
97 147
90 167
37 132
10 94
96 42
30 105
29 18
9 157
74 89
7 119
62 181
23 44
43 51
55 190
73 127
33 166
18 81
59 89
51 69
50 47
40 52
93 71
72 172
26 138
23 13
95 81
10 100
38 163
65 98
48 30
5 74
98 80
48 121
79 124
85 139
48 184
64 170
4 112
46 125
91 155
62 187
70 114
97 162
16 196
47 91
23 58
44 81
87 186
44 132
74 132
91 85
31 47
7 124
52 88
80 46
91 181
100 58
5 29
64 152
2 187
2 33
47 97
46 172
20 68
42 147
65 165
76 150
48 104
90 24
74 39
91 13
6 143
21 102
35 90
55 147
57 172
1 106
65 112
14 197
3 156
19 161
44 196
32 179
82 169
80 27
33 190
17 107
39 123
57 23
60 170
88 149
63 188
43 60
57 59
39 40
74 152
40 105
92 143
93 110
8 164
20 125
17 11
30 109
36 168
81 45
38 180
63 24
73 197
98 85
28 194
52 64
59 152
53 96
93 75
73 31
11 94
60 135
93 81
94 31
45 177
70 53
97 174
89 194
82 28
96 35
94 15
51 136
4 176
88 110
6 128
28 114
55 65
51 181
76 141
10 58
76 155
91 104
11 11
44 146
37 174
91 146
97 142
29 25
15 126
89 118
24 46
96 106
11 82
48 48
55 140
5 180
96 175
52 125
18 28
55 185
63 129
56 101
7 160
78 113
77 52
51 35
92 139
61 27
36 89
70 175
38 150
3 186
22 120
81 25
94 123
18 46
42 69
70 157
62 151
97 27
78 77
98 120
18 150
2 59
14 170
63 179
47 18
39 122
48 93
72 142
64 45
24 180
90 63
34 53
95 114
75 77
12 65
61 52
34 119
57 101
41 34
31 165
36 185
67 143
80 42
48 190
81 188
36 80
3 153
65 169
96 15
80 40
92 86
95 172
58 97
75 47
77 188
67 143
63 142
98 72
93 40
5 71
25 159
72 55
91 60
32 78
59 200
16 174
34 60
1 64
2 151
90 115
43 111
46 130
77 151
39 76
1 171
64 151
88 142
34 47
83 142
70 127
67 153
97 151
57 195
82 72
80 168
69 177
85 11
26 69
60 29
58 85
55 114
4 135
67 29
41 160
26 73
25 16
65 100
79 34
53 26
7 143
66 141
95 93
73 169
6 61
92 53
50 141
41 46
12 92
45 25
16 159
43 104
92 24
67 189
11 124
69 161
12 95
46 66
19 197
84 45
92 32
64 77
39 63
17 108
100 85
87 148
74 107
99 48
75 198
48 39
52 174
66 148
100 62
27 128
42 111
8 115
24 88
14 190
65 45
46 36
50 28
13 69
58 147
15 81
35 85
75 65
97 158
84 195
85 76
39 114
78 189
38 50
9 120
16 162
16 185
66 30
22 64
95 134
87 101
97 38
73 45
26 111
72 11
87 149
37 20
85 71
35 152
93 188
10 92
82 56
48 180
61 74
92 23
28 57
41 124
8 134
93 62
38 59
40 168
12 45
62 53
93 195
82 157
12 109
49 160
33 190
42 58
65 102
49 168
20 124
63 17
55 184
100 139
50 31
79 120
100 10
93 73
18 54
36 12
87 136
61 127
66 168
52 122
66 154
23 64
66 75
3 176
27 59
81 89
77 86
59 59
32 21
8 23
39 90
33 59
74 112
66 69
99 126
99 12
49 33
80 66
36 115
69 56
39 165
18 155
72 83
3 154
40 167
63 198
3 171
17 17
30 160
84 118
16 100
37 46
33 106
33 177
41 166
26 176
29 106
86 67
24 187
48 58
32 177
57 108
77 43
15 62
33 56
79 58
80 68
81 146
51 68
33 184
23 118
1 113
62 38
81 78
44 10
75 53
90 42
97 198
41 68
33 61
37 190
39 192
48 27
6 85
18 194
74 21
16 27
37 37
93 22
39 50
81 117
54 132
77 91
8 24
79 50
30 89
93 11
82 118
62 180
95 192
48 171
69 83
40 169
50 146
24 160
76 137
36 62
55 156
19 52
44 51
28 63
21 44
18 155
10 95
36 195
74 122
61 32
52 48
52 92
40 10
28 57
23 99
98 128
68 33
100 53
37 107
11 136
58 179
31 136
75 137
17 100
86 191
31 17
41 123
37 192
99 21
70 27
86 14
82 172
