800
28672
13 179
91 172
54 89
7 118
87 178
59 138
23 99
76 136
49 88
46 51
73 181
15 70
64 93
10 150
23 156
4 98
29 67
33 188
72 112
51 13
2 142
28 103
1 65
98 81
31 89
11 146
53 98
53 175
80 80
29 48
19 92
54 146
38 141
60 90
72 14
92 90
70 126
87 131
52 155
95 54
78 89
36 83
3 179
32 132
69 159
44 23
14 193
74 84
58 195
87 162
68 127
77 108
59 100
71 166
82 25
14 53
47 70
20 68
92 27
12 118
77 126
47 30
56 49
41 112
21 161
9 107
67 170
83 109
24 173
100 124
80 30
20 89
83 184
100 25
36 34
71 149
34 127
41 172
14 98
12 73
37 67
30 111
22 76
46 61
91 83
45 111
45 147
9 55
52 181
92 16
71 38
14 160
54 60
6 46
50 150
3 106
66 19
86 152
81 46
100 103
32 164
45 170
75 140
14 126
12 58
56 103
37 125
15 167
30 127
38 151
77 179
75 166
55 102
2 165
75 106
1 169
43 65
29 25
54 128
41 88
79 106
11 154
38 24
70 37
76 137
10 99
47 11
85 31
77 119
43 174
7 38
60 28
14 96
93 84
100 104
88 157
11 75
78 52
14 64
84 112
75 142
19 32
15 132
38 101
48 18
2 128
72 150
50 40
13 135
67 138
16 37
96 141
1 26
82 26
79 166
60 109
66 28
54 172
39 65
97 193
33 148
77 85
79 128
39 30
46 200
50 80
92 83
85 101
85 108
64 63
85 200
32 10
37 49
44 147
56 148
8 81
38 107
90 106
10 67
84 28
39 123
35 51
21 44
22 120
51 126
69 196
43 86
90 183
66 128
31 79
86 121
75 144
92 91
94 116
75 149
57 84
100 113
89 111
59 66
74 39
78 120
33 64
70 128
58 68
55 100
19 106
26 161
52 116
100 70
17 35
10 22
31 33
97 42
38 107
1 26
93 21
65 165
51 117
98 134
64 90
24 54
53 139
59 65
82 56
13 133
1 86
61 81
91 61
15 10
100 23
5 155
82 125
88 43
45 183
5 102
53 41
90 102
75 157
56 105
57 180
46 185
76 19
19 142
22 71
35 193
25 137
22 157
99 144
56 36
8 57
10 70
99 122
5 45
2 166
6 45
25 46
17 45
23 51
42 29
6 39
88 69
78 141
84 138
41 158
92 75
52 129
86 15
62 166
94 185
87 113
15 16
12 40
44 50
82 145
23 37
98 128
28 171
36 163
94 29
61 23
8 189
30 22
45 60
44 184
28 130
3 47
53 123
1 117
55 144
40 48
50 50
20 76
89 164
24 182
73 61
69 153
11 80
65 136
33 148
82 53
15 79
7 41
63 193
15 77
56 45
70 156
5 81
25 57
55 20
65 197
11 108
67 77
99 190
50 55
100 28
43 137
24 99
28 168
17 167
67 148
15 196
51 75
58 26
86 50
10 191
76 126
73 88
66 17
91 173
54 50
82 52
70 100
18 165
31 49
36 61
6 59
3 160
29 120
8 75
47 108
10 104
62 82
12 185
36 55
44 195
2 19
54 177
9 183
29 100
14 173
54 180
35 126
49 90
71 120
9 159
5 100
28 51
70 178
35 25
43 22
9 22
65 184
100 157
96 92
35 89
78 117
52 146
24 68
56 28
52 14
41 47
57 151
26 61
41 149
72 162
10 26
67 176
10 184
48 47
30 163
89 134
21 62
27 89
93 35
24 177
40 50
78 186
64 174
98 66
14 19
9 33
74 189
9 106
74 113
27 177
99 142
37 92
12 169
41 77
91 123
45 145
12 103
93 157
96 108
35 106
32 15
12 127
64 61
97 153
92 146
88 97
98 42
99 172
98 190
98 173
47 189
96 124
66 115
58 153
89 192
70 107
100 196
21 60
71 101
61 149
50 200
43 51
88 150
34 108
72 191
4 84
16 62
6 81
67 42
87 69
76 44
44 83
46 89
37 91
46 172
88 88
95 91
74 86
64 57
65 131
89 168
52 187
94 68
20 117
90 164
69 103
39 64
38 102
32 135
73 78
85 99
41 101
59 109
58 161
53 74
99 42
37 15
95 53
32 25
40 183
90 124
47 93
30 114
44 99
68 91
2 156
42 98
67 26
56 185
55 181
19 156
92 84
55 103
38 68
16 82
67 193
76 60
91 192
13 143
97 28
80 10
69 183
33 38
42 192
81 37
27 77
8 57
19 106
12 108
25 162
51 42
7 72
15 88
2 80
80 181
38 54
75 80
98 157
64 90
2 79
85 21
5 197
93 52
90 143
25 172
38 117
1 127
86 197
27 140
28 85
83 191
45 128
66 181
65 160
50 14
7 95
57 88
94 18
60 29
64 52
43 116
95 31
46 49
35 57
23 83
2 86
40 45
96 174
85 17
65 121
63 36
99 91
75 22
28 37
92 94
15 188
70 42
63 77
86 97
73 169
25 187
89 121
60 121
97 43
66 111
43 65
63 168
87 36
64 77
56 73
100 125
91 171
52 123
57 27
61 139
64 111
38 147
66 128
38 116
38 74
15 133
27 190
68 155
24 102
32 26
86 174
46 77
29 38
2 68
71 178
27 71
78 10
96 183
100 44
75 12
25 87
42 188
14 77
95 167
22 48
6 142
53 38
17 187
65 53
96 62
86 130
41 98
11 44
61 116
61 183
63 19
34 141
86 11
63 29
50 16
47 106
42 17
53 82
90 19
89 43
99 49
11 117
98 158
29 160
100 143
38 70
95 181
33 85
100 164
44 20
88 65
54 33
42 72
89 70
45 86
8 62
63 112
97 183
90 138
55 100
16 156
90 32
40 120
40 122
32 194
88 187
13 97
12 39
45 146
95 155
72 21
51 199
58 137
94 197
6 198
86 21
48 193
92 96
50 150
42 170
66 119
99 88
59 66
57 68
26 12
68 49
27 87
75 190
76 12
71 196
55 148
56 83
34 194
22 121
25 47
48 34
51 25
66 70
4 141
37 11
55 27
71 40
78 187
17 75
64 67
85 29
38 93
19 65
41 123
44 101
5 149
10 104
98 136
29 73
70 148
95 177
84 79
60 133
4 119
51 99
32 130
13 112
33 133
92 48
52 163
33 170
32 112
70 179
67 121
53 157
53 35
30 14
85 194
64 80
86 195
87 121
92 165
25 135
33 174
7 166
34 130
87 20
34 179
78 168
12 33
60 184
36 106
7 158
9 20
97 24
40 44
74 175
68 104
33 21
1 138
25 94
44 103
86 119
78 116
41 52
27 108
56 75
39 178
38 52
9 154
32 121
51 75
50 166
36 104
72 183
74 95
65 81
30 86
49 49
41 82
35 195
42 83
25 184
46 40
14 32
79 62
86 196
55 168
88 138
43 11
56 22
78 23
90 198
69 118
20 175
58 115
51 165
21 51
21 144
74 167
15 138
50 126
88 100
4 71
96 60
51 192
71 112
8 67
2 171
92 185
62 47
87 38
9 177
16 75
14 113
16 112
55 147
10 97
49 107
96 79
13 186
55 55
47 143
4 47
8 102
54 193
79 138
43 72
98 104
20 194
49 119
23 16
21 141
83 151
7 93
83 173
51 169
34 35
52 173
94 34
