800
28684
30 173
58 114
60 65
76 129
75 78
67 156
42 160
86 171
100 112
27 82
46 96
4 55
40 133
56 78
56 126
85 86
99 87
21 86
53 93
73 112
27 39
95 107
32 92
42 148
28 134
4 171
16 12
37 134
5 36
53 45
25 34
19 27
24 108
97 165
65 43
51 57
73 115
33 153
88 93
93 79
100 47
75 102
33 59
94 145
12 157
47 43
73 76
80 28
86 50
6 107
54 166
36 147
63 81
41 184
84 42
59 168
87 81
87 171
37 185
77 60
11 188
72 70
87 96
50 90
16 195
15 112
87 117
80 105
81 19
47 160
43 56
70 73
75 184
87 76
86 100
64 18
5 174
81 31
17 86
68 38
89 169
18 52
57 89
55 114
13 161
12 128
71 181
3 156
25 93
19 177
90 154
80 151
27 85
8 32
58 70
30 21
29 131
95 28
87 17
70 50
1 96
42 152
55 13
3 198
85 42
20 115
57 137
16 121
16 135
2 57
19 137
100 68
75 169
23 34
78 14
59 198
13 136
4 52
55 31
44 109
79 104
92 37
100 129
50 169
48 53
83 83
13 152
73 137
62 97
66 186
51 29
86 88
84 147
99 197
66 183
65 15
32 188
85 130
76 40
6 153
59 74
86 148
35 192
51 185
58 136
12 64
29 155
25 149
91 137
26 16
66 196
43 37
89 184
46 84
80 46
11 110
22 108
23 87
63 86
77 153
17 90
95 134
17 162
57 145
93 36
9 38
39 180
48 36
63 196
76 116
63 101
96 137
18 57
23 181
46 63
74 157
90 160
57 198
18 66
44 47
95 99
19 119
88 99
34 182
70 156
61 10
15 151
100 74
61 32
7 141
20 114
48 35
51 72
1 105
44 111
14 178
95 100
49 62
9 111
10 155
8 98
10 97
69 197
10 34
19 183
29 143
97 94
88 41
78 28
83 164
71 69
27 152
45 112
97 48
75 151
44 134
8 12
60 71
66 95
5 174
81 59
50 199
96 55
42 135
54 165
94 192
88 48
51 152
87 85
90 21
60 197
54 26
36 158
99 116
45 162
37 150
31 53
87 57
45 173
81 50
21 115
77 175
80 55
22 43
18 42
20 28
87 156
29 103
76 198
46 61
95 187
15 117
61 87
92 110
18 151
37 34
50 129
42 136
17 109
9 59
27 40
27 94
19 57
30 72
42 127
52 89
29 196
36 72
89 10
4 152
49 121
41 95
73 21
11 80
74 54
64 92
51 167
84 88
55 49
36 128
88 25
62 42
21 11
2 167
27 82
31 104
76 60
25 107
24 36
61 118
47 128
86 174
11 114
36 84
89 140
58 54
48 70
91 87
65 178
90 133
42 135
4 120
71 141
21 132
40 132
98 81
16 81
52 127
69 131
40 144
66 114
96 110
63 145
71 172
98 157
21 53
70 147
66 166
89 173
35 84
76 31
30 76
96 186
77 31
61 14
54 199
97 152
79 171
45 91
100 82
44 179
64 60
28 57
33 141
11 158
14 175
83 166
69 165
30 44
40 47
46 57
36 133
79 101
34 71
25 111
69 193
21 172
45 33
75 64
79 35
2 133
78 135
94 151
32 16
76 48
30 108
43 41
86 151
67 12
38 110
44 117
95 143
69 60
99 149
71 139
5 51
62 170
62 166
69 59
75 163
41 64
66 105
79 174
91 192
59 107
9 90
20 179
20 123
49 190
16 83
87 36
29 16
1 55
13 99
61 180
19 188
97 194
33 133
14 78
33 28
24 90
76 47
63 101
24 84
47 75
33 15
9 46
57 78
93 66
94 91
29 139
15 36
52 96
97 92
96 108
82 115
45 180
80 84
66 108
9 29
64 129
24 104
98 136
78 123
63 95
49 97
77 135
100 159
4 14
27 105
82 143
54 69
16 159
64 176
37 84
85 135
4 188
36 49
40 34
39 102
54 70
75 129
47 195
90 26
43 157
4 101
86 135
65 13
36 141
91 33
19 109
32 48
48 77
15 164
54 180
42 26
21 48
56 41
18 26
62 37
40 79
37 28
5 44
40 101
69 111
49 87
45 120
73 118
28 199
84 69
94 181
26 108
10 86
96 101
79 127
80 89
87 38
59 185
56 189
20 62
1 48
86 49
75 116
4 70
84 161
15 33
97 42
66 198
61 157
20 149
3 57
5 21
24 56
38 76
6 33
25 168
57 151
32 111
76 49
53 16
31 106
45 120
36 53
56 116
96 45
77 100
89 72
47 138
5 12
60 70
7 61
17 110
21 121
50 115
85 71
90 39
91 69
89 93
20 197
19 53
37 45
5 179
7 101
8 191
67 108
35 39
17 173
15 72
8 78
72 24
7 88
58 15
48 138
100 163
89 132
91 152
99 109
1 31
15 188
61 144
32 70
74 55
41 32
12 91
50 146
71 70
3 53
67 116
69 162
19 15
62 24
28 143
20 188
52 32
79 181
22 161
6 61
79 154
45 128
43 92
26 149
9 112
11 131
6 16
43 72
82 20
81 49
3 85
65 158
72 147
58 114
57 94
18 148
17 58
94 21
61 110
5 75
27 200
57 82
9 121
84 139
8 149
9 171
17 197
65 184
97 32
100 45
85 102
59 131
100 76
67 159
52 47
42 77
13 157
96 48
50 159
59 118
45 119
20 112
91 78
32 89
95 114
98 189
10 189
50 32
48 40
88 122
69 192
76 97
3 172
46 160
91 177
71 49
7 103
41 184
90 77
7 124
20 107
57 127
58 112
16 184
66 190
44 52
100 118
89 173
68 26
55 39
50 48
78 141
55 190
93 10
13 134
85 164
89 23
29 44
37 128
97 67
94 96
11 39
55 77
65 183
29 107
58 163
29 49
60 13
76 35
84 15
25 15
75 111
8 157
47 68
96 189
46 183
73 99
68 17
90 187
5 67
65 92
59 75
66 132
17 75
8 109
91 54
50 70
36 69
12 120
31 117
26 170
85 197
94 24
24 100
46 21
51 69
42 181
17 173
37 80
30 178
57 93
3 37
4 137
43 192
58 96
1 151
36 77
32 112
52 32
26 97
29 188
57 130
35 194
55 153
85 75
39 191
67 24
55 175
95 117
36 117
27 198
53 149
90 135
93 199
80 83
89 27
98 114
76 41
76 73
57 83
8 52
89 156
80 91
11 166
58 32
96 163
90 127
41 117
11 101
30 137
5 195
97 16
4 113
90 100
94 158
8 26
62 35
98 75
39 151
53 109
62 33
3 22
76 187
29 21
43 170
77 155
67 83
29 40
33 30
57 50
76 190
12 21
28 22
80 31
94 178
6 164
44 86
24 173
97 114
50 119
91 149
55 52
67 169
63 16
93 77
4 33
25 188
53 124
96 90
4 143
54 42
77 20
25 178
79 12
92 25
23 74
4 42
16 19
81 52
100 106
15 157
28 28
37 65
39 55
7 50
3 81
22 43
30 186
45 196
40 52
14 142
83 199
50 36
93 110
92 80
60 40
93 37
55 161
75 147
83 45
22 83
13 143
93 193
68 16
81 150
11 73
35 146
83 130
25 192
83 180
5 183
4 186
39 109
99 57
66 58
68 140
39 168
74 164
36 65
59 43
92 53
30 198
9 175
