800
28943
3 103
50 64
92 173
43 38
46 34
70 186
14 71
16 142
70 51
47 63
92 181
31 74
49 49
75 48
3 149
55 37
44 155
83 91
88 156
29 178
75 103
70 127
98 75
20 10
50 55
6 12
49 161
12 177
11 24
22 106
20 120
71 65
57 116
76 199
56 42
67 100
48 106
84 51
98 136
77 164
55 63
7 78
52 60
93 113
88 122
47 153
71 142
81 64
9 163
74 158
55 41
29 85
62 56
71 59
87 157
31 82
35 24
29 173
62 194
1 119
43 56
67 49
2 90
36 82
30 93
70 113
58 137
40 36
73 26
77 98
34 153
58 109
53 73
50 105
14 156
25 27
37 60
62 144
47 20
55 40
40 170
26 95
20 178
41 142
56 143
93 163
46 163
27 71
92 95
83 170
6 186
57 185
86 37
24 36
20 63
43 78
88 84
83 84
41 155
73 64
33 153
62 19
70 59
41 134
89 109
24 50
4 80
82 163
29 44
90 148
89 96
24 147
53 125
12 150
78 168
41 158
29 177
93 85
2 146
15 18
63 66
70 118
11 154
68 137
28 99
98 116
76 39
22 107
52 96
53 189
37 198
86 72
97 78
25 116
46 137
36 82
71 84
39 107
57 126
94 58
88 188
17 181
40 116
61 14
18 51
96 119
19 140
35 143
73 24
89 184
79 50
53 189
58 97
72 192
55 45
82 155
5 159
12 161
91 24
13 153
75 106
47 52
53 24
73 167
3 39
31 35
74 67
57 56
41 139
34 181
77 108
65 189
29 12
78 81
82 173
66 120
95 175
38 164
70 120
79 19
87 183
27 178
28 17
87 60
76 30
89 175
92 27
61 32
66 78
5 110
30 110
38 120
42 107
24 159
79 73
88 121
8 97
57 199
39 114
26 91
66 88
82 113
31 157
84 145
81 61
21 53
21 155
6 182
100 137
20 148
69 34
25 141
76 131
76 139
95 175
20 199
51 97
93 186
7 71
57 138
57 70
56 59
40 38
95 55
97 16
28 169
25 50
53 14
51 122
44 60
18 85
96 56
41 58
2 158
65 36
69 90
37 137
93 121
88 178
68 78
95 170
2 165
63 123
99 150
84 139
47 190
6 90
96 197
24 153
16 125
91 142
22 141
34 196
35 26
22 140
80 53
96 17
2 137
80 44
95 154
44 17
82 18
38 41
6 185
25 21
14 166
44 26
35 175
25 64
56 200
78 129
42 53
1 26
94 168
30 88
95 159
50 96
35 66
80 178
15 74
37 94
57 120
51 71
32 64
1 98
77 137
25 41
32 191
86 176
29 66
98 162
7 102
95 182
15 141
48 111
53 125
99 151
7 144
21 150
84 190
12 111
18 20
100 13
31 17
38 53
67 16
24 176
2 86
85 87
88 55
71 101
72 19
54 134
18 68
32 32
44 54
65 123
80 105
67 76
100 140
2 118
94 80
6 27
35 22
49 116
68 85
19 155
98 129
48 71
34 109
24 200
24 22
21 134
100 61
64 149
80 34
90 34
72 151
54 34
48 169
81 71
2 77
25 84
23 184
9 179
60 179
74 124
76 11
31 196
35 84
76 91
40 160
99 75
81 72
38 35
84 182
50 120
11 200
71 53
86 200
70 64
36 178
75 200
8 170
87 95
22 47
85 95
37 101
95 165
1 29
73 84
76 16
38 176
36 152
73 178
70 128
72 10
89 33
92 184
9 26
6 82
68 52
60 191
35 38
3 84
82 158
99 182
58 110
44 187
31 16
23 43
3 48
9 38
88 132
30 148
4 198
27 68
14 161
14 86
32 160
60 179
57 33
6 89
41 170
22 88
59 146
40 137
76 43
51 86
68 179
75 34
20 98
41 73
23 190
4 17
41 174
84 177
40 45
47 80
19 98
87 82
44 19
68 144
52 44
15 69
70 168
45 194
85 104
39 84
55 20
98 45
87 165
96 39
65 189
96 55
34 102
43 17
17 141
87 114
6 113
9 102
43 145
18 157
32 101
89 14
55 165
85 163
56 49
63 53
16 155
1 173
74 75
93 46
23 41
74 16
50 129
25 32
63 185
69 93
45 19
28 40
33 178
57 175
50 183
90 111
93 80
75 32
30 72
61 183
25 91
71 66
88 106
10 83
12 122
77 126
97 171
92 79
58 181
21 20
13 170
38 133
74 125
81 131
83 57
100 14
57 177
8 12
57 96
74 50
75 56
56 50
43 147
51 28
36 48
96 55
47 177
89 47
8 134
63 161
58 169
15 154
88 92
33 157
2 164
89 180
2 36
43 141
99 189
93 88
15 169
36 56
3 56
35 175
3 31
64 157
97 72
64 37
28 32
91 177
28 124
23 27
81 152
12 83
71 169
98 144
60 74
34 95
70 20
16 196
54 107
90 188
5 161
82 145
44 133
14 70
96 120
52 140
80 175
50 129
83 79
73 186
69 161
57 133
22 89
83 50
53 134
68 52
18 132
75 167
21 119
67 53
89 13
24 196
98 185
55 194
42 47
81 152
48 132
59 155
81 125
10 197
53 89
42 178
35 167
50 77
31 84
90 84
23 184
93 159
87 166
100 33
9 145
12 62
29 155
30 163
32 170
23 168
1 91
67 47
83 64
1 15
50 54
8 71
34 190
100 175
83 19
10 22
9 99
67 146
53 77
14 138
47 33
90 109
34 32
37 124
38 25
32 15
80 111
35 88
4 166
38 57
100 81
19 160
35 131
75 111
89 14
69 54
68 137
25 51
43 138
19 149
78 150
53 75
19 51
39 117
60 89
52 177
50 135
25 64
7 174
22 124
23 148
100 49
97 92
46 57
88 89
17 184
3 59
90 78
37 188
11 189
19 67
23 39
12 81
35 37
16 34
22 171
79 181
22 77
48 45
50 13
5 15
33 116
71 95
82 40
100 163
87 56
8 13
95 169
24 54
10 83
20 18
86 174
16 88
9 99
3 142
51 111
42 49
74 199
16 163
92 27
2 37
79 14
20 158
81 159
41 95
84 185
36 26
47 18
44 155
65 138
25 103
20 11
91 47
48 50
73 150
94 23
41 157
57 118
49 184
14 28
3 44
4 49
73 70
74 138
34 21
81 104
87 143
2 34
62 150
99 20
86 88
91 31
3 68
39 167
67 148
71 27
69 122
32 122
64 22
40 108
37 60
22 59
52 100
24 83
41 174
44 74
25 173
93 123
95 191
34 180
77 30
50 133
64 20
67 164
47 15
95 87
90 49
88 65
59 100
86 22
86 37
48 77
87 150
33 159
82 79
91 110
98 113
17 88
95 13
35 42
32 80
71 69
48 173
12 85
79 198
43 66
23 165
83 74
6 81
48 21
75 10
5 57
42 187
5 87
76 12
96 183
24 56
5 82
90 84
35 41
67 24
66 160
70 58
46 83
39 88
85 95
20 105
23 94
11 145
83 89
23 61
16 54
36 68
100 105
54 108
12 115
76 72
2 122
53 86
57 47
73 157
86 162
39 112
13 24
95 171
78 171
55 113
64 108
51 135
83 168
47 112
97 65
84 141
100 115
69 118
6 82
99 56
91 64
77 161
28 86
82 39
68 72
71 108
67 49
73 154
19 164
89 152
58 118
72 180
