800
27962
84 82
12 192
58 178
31 184
59 41
37 31
25 161
43 64
80 62
42 111
87 75
79 49
18 39
55 112
53 79
95 72
9 125
58 29
4 108
70 42
33 65
20 128
38 180
91 161
36 38
19 197
93 175
97 157
48 12
85 39
8 22
19 40
64 17
57 13
17 194
11 193
29 77
9 58
32 117
63 181
55 163
91 78
57 66
36 20
50 40
22 144
48 16
49 179
45 123
27 130
44 129
66 168
77 46
67 67
36 120
100 91
45 193
78 176
37 127
58 81
34 34
36 18
24 178
97 110
7 113
59 163
29 85
54 20
81 99
91 83
100 108
31 102
17 125
27 38
1 62
100 63
27 175
31 192
82 32
82 11
22 64
91 49
37 164
37 171
52 95
66 96
51 69
55 75
20 198
96 155
76 193
91 14
24 23
89 123
64 146
72 41
54 56
63 34
77 11
80 154
26 120
68 71
98 84
99 46
9 13
44 181
4 99
14 112
33 120
98 146
86 95
35 167
87 72
10 132
68 45
71 172
100 57
75 50
51 173
21 48
8 104
93 141
79 69
56 74
63 44
2 42
51 109
39 104
75 118
48 141
97 188
79 197
41 71
22 168
87 51
86 88
96 139
1 134
86 96
20 186
18 98
34 44
37 12
74 28
41 68
100 115
12 18
63 176
23 180
63 91
22 39
79 199
91 160
98 166
22 156
13 24
39 33
64 172
17 129
25 72
99 113
9 51
20 47
21 75
33 162
86 92
47 174
4 63
68 163
42 195
20 127
99 137
42 61
38 101
62 55
49 17
29 176
92 35
21 29
93 64
6 76
24 22
54 91
11 47
56 41
34 113
59 38
32 87
3 55
36 36
69 145
19 65
66 115
79 176
31 117
94 163
30 160
27 102
31 154
11 97
80 165
48 133
72 159
41 16
50 77
7 10
73 120
72 84
53 40
2 43
55 191
18 25
78 18
25 188
54 119
19 39
87 33
30 160
35 66
18 103
96 46
34 196
88 193
12 118
1 82
63 181
49 131
59 100
8 37
53 98
36 186
85 34
6 40
3 137
67 42
33 107
74 176
73 21
24 72
28 150
14 87
44 77
24 162
3 65
93 188
70 122
84 161
58 145
93 168
49 135
3 120
69 54
18 159
22 200
43 112
66 164
21 97
10 112
43 50
43 157
22 103
39 114
5 51
27 61
21 84
92 91
80 110
79 48
50 70
64 148
88 141
8 29
75 177
48 155
63 90
62 159
27 160
97 109
25 100
6 28
46 165
54 50
90 146
55 79
8 30
40 13
42 59
13 75
59 85
98 42
63 174
42 151
81 34
88 88
55 167
87 39
15 105
24 49
54 112
37 108
76 54
95 196
70 25
63 152
52 194
19 137
27 87
35 47
20 154
93 124
66 66
47 26
59 185
88 127
65 158
19 144
61 182
55 155
93 116
72 134
15 153
52 147
1 164
64 138
40 57
11 63
23 15
14 35
21 106
78 175
40 103
95 26
77 46
76 23
34 148
92 62
26 134
13 118
15 129
86 45
21 37
42 152
13 134
89 76
75 112
83 93
49 107
11 150
62 41
30 183
4 130
94 16
36 20
84 71
76 10
85 195
15 69
29 60
44 53
34 130
74 63
74 170
59 47
54 187
11 23
53 36
61 95
43 188
83 26
39 96
19 190
24 186
72 106
90 180
31 56
2 34
93 19
96 60
42 168
39 79
47 200
33 63
2 190
35 120
16 23
58 48
43 99
34 55
27 154
11 180
52 39
49 89
98 130
70 72
2 38
47 174
90 105
66 26
33 152
50 48
82 110
88 74
93 49
54 160
17 182
38 33
3 196
79 28
12 111
66 110
75 132
50 199
88 153
50 84
74 177
48 78
25 73
81 172
30 185
9 134
71 187
22 189
6 89
67 31
10 133
83 157
39 186
86 45
28 131
41 146
36 32
89 126
42 98
85 16
51 97
47 85
24 104
64 40
24 25
27 107
2 148
100 126
93 174
33 161
10 82
47 40
38 138
3 178
57 179
15 91
95 125
6 114
5 55
11 101
36 52
49 191
55 60
38 119
60 170
23 122
15 34
97 22
95 127
63 166
54 14
67 46
92 88
41 159
48 67
62 10
8 108
81 124
99 53
83 43
51 145
52 60
21 18
34 186
41 133
33 160
13 76
23 82
12 84
84 68
74 122
13 45
25 89
88 164
66 32
34 19
46 180
43 73
19 79
87 24
29 138
4 188
25 126
89 117
45 44
63 189
5 64
15 180
28 116
43 45
25 194
6 153
50 52
94 15
77 196
71 139
69 129
6 164
98 37
30 85
83 33
50 92
45 24
79 183
4 143
9 93
43 125
48 136
58 178
83 133
6 194
60 92
33 42
12 29
41 164
44 113
41 57
76 102
84 133
84 103
81 147
44 123
38 181
33 122
90 25
56 172
69 129
93 120
1 129
15 191
50 17
16 110
69 53
68 187
81 180
36 98
80 41
97 12
67 54
51 100
49 174
73 90
92 108
48 141
84 154
6 70
57 108
25 189
12 142
54 142
69 80
31 66
73 173
34 158
98 195
80 153
41 127
42 195
30 194
54 140
74 164
5 193
92 186
29 122
54 115
95 180
30 106
66 147
88 16
47 175
27 46
57 175
11 154
2 31
15 118
74 134
76 85
13 104
7 77
97 10
13 136
80 144
1 14
58 78
33 117
96 144
66 73
26 92
56 26
99 126
76 42
10 190
74 136
10 13
9 163
26 170
25 100
46 82
45 30
10 178
63 138
38 107
83 46
93 107
40 70
11 185
35 173
96 10
71 51
70 167
53 66
1 145
70 26
67 12
54 166
79 44
54 158
83 200
21 159
47 118
95 59
66 160
68 91
10 102
63 96
29 143
51 29
40 174
88 54
71 105
23 57
1 21
42 168
39 182
50 115
98 118
23 57
8 47
57 166
65 39
88 116
62 68
39 121
83 64
48 138
10 46
44 182
12 188
51 143
85 169
12 102
75 140
78 38
57 79
93 26
27 19
15 186
19 37
57 39
67 145
96 112
74 159
79 165
22 26
91 40
33 194
100 111
42 45
58 131
15 34
79 68
12 84
2 64
73 124
88 172
45 196
55 28
54 177
55 186
95 177
50 177
15 21
23 187
79 193
67 24
65 72
80 11
6 160
91 50
16 115
11 10
86 74
13 91
44 159
32 42
80 116
52 195
66 72
3 180
75 43
94 126
26 130
71 121
64 51
81 80
74 29
14 113
25 30
59 110
97 11
96 167
36 16
6 129
24 123
70 35
82 123
65 190
89 72
36 44
37 56
31 24
76 171
18 85
95 56
2 76
17 190
25 121
21 42
23 55
27 77
80 157
95 11
99 56
9 116
67 120
76 13
43 142
29 59
61 111
99 69
40 64
10 66
81 178
74 36
34 130
38 22
26 28
85 81
49 160
89 106
6 120
58 122
75 66
52 131
2 22
78 77
25 109
63 139
71 188
55 57
56 167
48 86
88 147
49 13
46 148
14 24
93 77
96 180
34 35
25 36
69 17
8 30
58 176
87 192
37 17
78 168
76 170
24 142
61 110
33 114
21 116
70 104
59 67
74 34
2 89
83 89
