800
28520
68 164
40 27
4 150
12 64
24 23
74 45
90 90
75 71
6 132
77 122
80 59
14 82
64 109
70 107
62 197
48 184
4 74
65 101
14 30
82 121
97 66
98 12
24 158
94 96
19 15
49 141
71 177
67 119
25 161
8 200
70 38
98 147
85 97
97 13
7 170
100 63
7 123
34 63
70 43
92 173
6 182
37 23
93 100
47 148
35 148
49 200
78 80
67 31
21 47
3 191
62 18
6 42
100 194
3 96
31 123
54 151
13 190
6 195
50 23
85 29
12 159
28 186
99 166
9 86
17 41
9 26
69 154
76 31
81 176
47 121
51 79
50 95
70 15
74 149
18 165
23 130
57 100
16 26
38 139
17 11
84 82
2 58
22 52
27 19
88 177
84 92
23 169
64 165
53 32
80 57
58 176
62 167
56 165
59 34
95 66
14 17
19 166
18 76
7 32
73 95
84 127
97 173
52 128
16 141
45 11
40 73
43 132
89 93
34 80
75 13
49 38
92 69
99 19
40 128
38 61
79 159
33 101
96 13
26 181
67 13
22 108
49 105
60 117
20 80
7 60
49 23
82 35
24 39
38 113
55 128
82 66
65 102
97 126
16 177
48 78
14 19
42 110
71 140
31 52
27 63
94 151
94 113
80 150
22 136
58 32
47 65
43 145
13 176
17 132
93 103
74 39
64 42
66 97
77 83
8 30
82 99
23 149
5 64
70 97
76 146
28 16
40 160
24 198
10 123
15 148
71 128
10 105
6 172
73 128
71 150
81 122
75 101
94 188
79 183
42 36
31 98
12 51
67 91
51 28
5 13
74 67
87 36
18 66
54 45
5 188
60 197
66 127
58 193
42 191
33 18
99 123
51 121
85 40
10 73
85 194
6 43
48 41
89 146
78 84
92 119
18 123
19 186
9 128
63 54
51 179
77 34
92 20
19 193
64 184
49 61
78 94
75 124
47 66
31 74
61 178
93 197
54 29
97 151
59 27
44 34
73 12
99 54
96 198
22 51
1 161
80 32
27 40
80 155
48 191
100 30
57 14
36 78
16 42
10 158
66 91
88 114
96 187
96 101
54 141
73 122
92 40
62 117
77 182
35 87
81 109
24 173
14 47
92 128
77 24
88 148
46 88
57 58
16 154
18 98
69 65
22 136
52 182
13 91
14 186
99 87
53 139
6 17
34 102
20 160
78 175
7 154
68 192
100 88
59 171
61 59
72 108
98 110
97 15
41 48
10 140
66 131
31 62
44 94
78 68
25 144
68 195
60 22
14 113
88 82
6 102
68 99
21 164
42 146
4 182
29 57
54 123
7 61
69 108
74 48
26 133
22 180
30 143
32 78
58 168
25 49
71 44
86 161
89 68
74 118
71 137
47 39
41 46
14 36
100 182
2 126
52 80
71 12
51 39
8 146
10 17
82 87
78 179
26 148
83 27
49 88
51 54
30 165
44 63
85 106
64 96
57 51
47 32
15 93
76 16
75 97
92 99
4 89
95 165
78 141
45 79
45 41
98 108
64 127
46 105
17 180
3 136
28 151
65 59
80 90
7 161
71 83
78 157
43 79
64 52
33 74
85 170
38 148
73 49
56 81
53 183
39 77
95 158
36 66
7 98
94 92
89 157
24 187
52 91
63 108
87 153
58 73
4 23
19 162
72 159
9 87
64 194
52 153
52 166
74 83
34 73
58 14
31 129
30 161
42 182
67 198
11 154
80 44
40 18
93 109
16 28
66 59
27 108
10 111
57 173
92 50
26 129
33 182
27 152
32 97
75 16
5 44
71 46
16 134
7 130
11 110
47 37
78 137
55 45
8 94
69 23
49 166
49 114
87 113
5 199
30 35
98 32
94 104
23 96
22 55
59 79
94 158
6 100
34 36
18 160
11 167
59 29
100 99
86 132
56 186
74 81
96 136
23 50
26 143
46 169
82 34
45 23
91 171
5 148
10 151
99 37
87 160
24 34
71 178
75 155
62 191
5 29
23 162
41 32
87 134
30 181
16 64
90 158
27 13
81 165
86 118
36 176
89 194
23 56
46 152
97 124
43 176
4 115
71 95
59 126
60 132
22 95
31 16
65 111
77 155
54 66
78 76
10 132
29 48
96 123
54 16
88 72
52 88
25 121
49 75
8 73
43 24
81 101
85 149
83 97
40 20
51 71
47 158
33 84
11 151
7 161
71 127
91 164
55 191
71 166
1 123
66 190
47 163
70 137
4 191
90 154
36 32
50 156
7 198
77 194
55 91
63 28
12 138
33 182
99 81
34 56
24 148
58 186
17 158
65 172
3 155
76 186
4 186
81 13
24 144
2 156
74 78
59 169
45 93
46 67
87 195
25 155
84 123
75 128
23 80
5 21
62 109
77 177
21 44
45 177
13 124
31 163
48 113
8 135
92 143
7 111
21 10
48 29
70 156
64 200
80 197
51 119
11 148
10 86
17 26
100 30
10 64
12 152
46 20
86 198
55 127
27 99
45 77
53 135
50 158
34 120
39 76
93 94
62 94
88 86
27 103
55 42
67 105
39 88
49 41
63 67
27 75
61 195
61 164
40 139
57 178
41 28
1 37
59 27
54 152
70 105
21 183
36 112
7 197
57 48
20 194
57 135
28 195
59 22
47 92
43 83
78 133
86 83
6 56
80 88
52 151
95 102
79 183
59 50
94 105
20 15
78 197
67 193
24 53
41 60
46 116
62 104
78 20
90 186
47 66
52 178
44 129
46 22
46 76
75 172
85 119
40 42
8 58
30 115
76 104
20 84
53 186
75 121
25 99
83 130
58 198
51 47
4 62
2 97
32 198
21 20
80 76
86 119
88 96
57 114
66 137
38 117
79 83
1 180
47 20
73 74
19 117
54 185
47 190
20 74
86 190
44 65
59 46
74 40
48 94
97 90
60 57
61 147
12 153
38 16
90 34
24 104
48 29
8 139
57 98
1 119
15 112
34 193
20 84
8 110
38 168
75 82
44 63
76 51
52 54
56 15
18 183
14 118
2 198
97 74
98 102
87 73
88 196
23 34
94 126
13 137
41 19
61 15
93 120
54 16
45 15
66 73
98 54
10 130
65 38
75 149
100 71
46 12
78 94
96 77
78 97
12 31
87 81
9 154
18 154
16 23
88 99
39 41
37 133
15 143
50 116
85 82
36 163
86 101
81 195
73 55
30 158
6 12
13 97
35 93
49 114
59 193
42 76
7 162
6 98
34 57
78 85
36 155
66 143
54 42
85 158
100 16
85 21
91 149
23 172
55 175
91 191
90 22
3 160
8 48
10 55
11 90
86 113
88 118
71 42
68 107
15 82
3 195
38 124
77 75
1 11
68 102
16 131
19 193
91 65
14 125
44 39
90 103
100 149
80 109
61 161
31 38
17 33
63 138
48 156
50 127
13 62
2 177
26 47
58 20
96 77
12 94
3 172
41 196
38 11
64 39
68 133
82 121
33 114
49 54
100 197
30 191
67 82
95 111
59 139
81 160
33 50
57 48
71 41
12 15
84 174
92 43
14 182
24 111
5 36
68 101
97 178
73 153
70 181
47 76
66 178
91 178
65 48
77 132
64 68
46 92
88 132
100 161
64 106
92 144
71 185
