800
27714
36 125
5 186
20 180
55 111
66 158
26 152
52 113
56 25
61 157
38 18
2 159
28 188
5 27
60 93
37 168
12 28
47 19
30 133
36 140
2 90
6 53
91 200
47 124
16 66
57 61
60 48
19 129
68 41
64 64
91 65
30 199
41 188
58 189
3 73
88 95
43 179
5 132
91 85
40 176
83 76
60 73
50 117
100 15
32 135
54 195
27 153
85 12
16 111
85 79
55 12
66 137
14 178
47 148
10 156
71 66
17 154
75 82
63 81
74 33
71 109
93 185
39 156
30 22
37 20
24 107
50 144
89 41
5 10
74 88
45 112
3 34
25 89
71 49
75 155
55 148
91 78
50 23
44 168
29 35
11 25
91 42
32 27
4 191
65 99
8 87
30 104
52 54
21 63
89 148
44 199
56 164
45 116
66 139
30 52
53 62
69 70
60 80
52 19
82 196
36 61
33 105
20 19
67 195
60 164
87 28
75 186
30 44
68 195
70 90
55 196
37 149
88 99
78 128
45 119
65 66
57 24
12 27
73 114
22 37
13 166
75 147
58 20
69 157
9 125
48 191
73 30
63 69
72 134
81 58
82 126
89 49
85 63
67 99
79 27
59 96
20 34
82 118
13 150
32 46
8 150
10 108
37 133
28 119
45 179
73 85
75 64
63 151
88 166
96 70
4 76
38 16
79 109
7 88
5 15
30 176
71 197
6 12
34 181
40 75
100 51
21 22
65 12
34 41
64 42
50 192
70 189
39 114
16 120
17 83
72 147
32 95
83 173
39 18
87 110
87 196
51 167
4 169
49 198
100 168
21 15
46 174
51 160
72 64
91 169
19 92
15 191
44 159
31 60
28 95
94 171
51 196
52 171
82 139
97 131
6 200
86 58
42 173
11 16
43 179
85 149
75 29
5 200
99 45
55 92
71 175
35 189
87 81
20 36
18 77
14 81
94 25
83 98
48 121
47 187
22 19
22 188
4 50
55 152
16 66
10 172
53 147
16 10
44 91
13 152
16 192
83 70
38 160
27 176
1 149
90 64
65 162
72 107
18 179
3 51
76 33
67 125
61 59
80 99
55 34
24 80
19 21
50 80
23 148
93 163
70 94
97 186
50 175
87 75
40 93
63 169
71 167
6 151
36 18
50 91
67 196
25 97
20 200
3 49
20 180
7 99
31 109
4 132
53 109
27 103
69 127
92 158
63 122
65 11
35 91
52 161
47 125
25 77
32 141
86 134
98 133
2 81
69 166
74 51
47 116
6 162
25 152
11 196
14 53
73 125
34 110
56 147
13 134
83 18
70 139
3 191
34 115
3 200
48 91
7 181
37 149
35 83
25 47
56 68
35 192
36 85
34 47
3 172
58 103
31 200
95 143
62 92
62 135
73 36
16 19
37 194
19 76
89 93
58 145
83 76
3 165
21 16
16 102
53 152
88 45
53 115
68 89
9 26
14 150
88 103
70 35
96 154
78 67
64 168
85 37
86 79
87 66
76 124
91 20
13 45
53 76
77 86
69 147
2 103
9 184
76 184
56 56
71 150
2 57
56 35
31 12
89 178
57 132
55 34
2 32
92 132
4 46
19 141
21 46
70 142
28 56
85 186
38 46
16 32
45 63
42 81
11 93
44 89
95 66
82 139
26 77
32 122
26 97
39 37
82 39
18 92
36 140
12 175
88 74
62 91
97 140
71 44
46 188
98 176
84 20
18 61
21 69
63 20
4 126
53 165
44 167
18 67
93 18
59 73
57 148
88 137
13 46
60 153
10 121
68 19
10 86
66 75
75 164
41 190
76 173
58 179
93 29
38 56
11 68
60 55
65 81
84 96
37 80
7 36
67 19
94 165
33 100
79 40
2 162
9 134
100 89
8 27
85 100
64 16
4 181
24 39
65 77
71 139
93 102
97 85
45 193
89 91
74 58
4 129
36 57
37 83
18 138
4 44
79 104
60 19
74 86
52 71
32 24
22 48
71 96
36 10
89 43
66 101
73 89
34 34
78 104
86 172
43 112
40 197
80 91
13 14
99 41
78 173
24 77
36 20
76 73
70 47
64 83
77 13
59 73
95 159
41 122
50 129
17 141
56 115
50 101
27 38
56 78
70 144
73 132
12 140
78 178
41 119
30 122
12 61
96 162
36 138
33 35
30 170
21 22
52 184
25 34
98 23
41 191
67 155
40 29
76 135
16 129
14 112
63 193
16 115
36 176
58 104
59 27
75 129
39 41
9 168
93 28
32 66
28 24
69 150
100 162
12 103
9 17
56 29
58 105
72 163
49 98
48 56
54 31
61 164
76 140
66 56
85 90
53 107
27 88
67 45
2 152
38 174
23 50
79 107
67 40
97 58
64 14
46 59
20 167
37 90
36 181
8 144
30 37
46 53
75 179
26 62
49 27
95 196
43 127
30 43
30 148
95 155
83 195
24 68
20 127
6 92
47 82
13 97
14 28
99 88
27 84
99 156
53 34
76 78
95 88
58 101
35 38
42 62
7 59
91 23
58 91
78 64
52 111
3 118
11 72
70 93
89 170
11 136
16 97
66 143
81 155
15 174
69 139
14 194
35 130
13 127
17 198
50 135
42 80
59 131
13 131
60 193
40 55
60 28
82 195
32 51
63 158
40 162
1 82
50 96
76 19
66 73
92 27
68 22
56 38
36 123
30 139
12 49
97 32
90 189
12 11
8 23
56 93
79 24
56 114
60 151
31 161
90 157
72 71
9 136
28 64
47 31
1 59
5 30
78 186
86 117
40 66
44 50
72 29
83 176
24 89
67 55
93 154
84 16
21 161
45 170
97 22
45 17
61 42
91 178
3 165
41 78
41 27
47 75
72 21
46 56
53 161
96 100
13 83
5 12
12 78
31 32
57 134
68 98
24 45
12 100
83 84
38 95
86 27
78 75
75 133
19 80
79 14
87 187
83 164
6 42
49 162
74 154
86 184
95 170
26 131
66 87
63 174
9 27
7 120
49 152
66 83
61 43
46 166
73 104
92 138
70 57
53 117
21 141
3 111
53 143
77 36
57 108
51 34
12 68
49 62
78 142
65 140
76 157
59 102
68 36
91 28
92 87
33 83
35 44
5 189
40 93
80 182
86 27
85 64
75 51
40 96
36 193
97 129
76 50
20 191
19 35
32 76
57 80
14 109
88 159
35 107
99 144
56 38
32 184
2 21
73 116
29 165
54 96
21 53
33 32
10 50
81 106
23 135
61 198
59 170
37 18
34 123
4 170
32 44
70 136
45 136
56 192
59 116
30 157
60 170
64 123
49 129
43 24
48 155
31 159
47 111
24 109
12 172
7 188
39 111
82 55
59 124
19 76
6 50
84 56
86 16
94 13
93 115
82 136
9 117
87 186
39 143
53 105
13 75
87 191
78 149
8 105
39 172
27 38
45 143
23 13
19 117
60 33
23 177
72 190
35 104
3 49
4 104
99 15
100 195
59 85
85 47
77 171
59 17
66 132
88 37
47 136
66 177
91 188
63 179
10 95
100 25
12 88
35 55
84 152
21 146
97 38
71 151
92 52
55 193
68 200
49 184
68 158
77 140
25 17
90 13
10 41
25 34
9 146
21 200
90 181
16 32
6 163
