800
28391
19 159
53 116
73 66
49 61
68 59
71 163
21 78
76 140
49 142
51 88
58 162
13 154
23 100
37 171
69 114
30 72
62 127
73 36
37 149
62 26
54 175
3 10
25 61
65 14
87 55
6 139
6 142
80 26
96 10
92 150
10 97
23 96
52 108
30 131
97 46
12 57
28 166
10 23
37 162
68 16
39 22
52 44
83 24
55 177
78 45
76 41
82 16
10 155
47 54
93 47
68 109
31 21
59 190
74 78
2 25
45 140
53 167
64 192
20 82
5 21
25 40
34 136
43 85
49 78
24 159
79 200
79 15
39 188
18 86
59 190
29 81
69 159
19 95
5 191
64 23
94 137
48 79
42 41
2 159
97 110
63 23
41 88
43 112
24 33
20 32
45 104
74 88
19 37
8 158
66 56
62 77
15 99
99 161
33 45
99 99
78 30
98 39
22 169
22 79
76 197
95 102
89 87
79 94
88 161
3 26
95 38
68 19
83 84
91 150
55 118
67 98
93 56
93 132
29 144
32 156
17 34
42 162
63 154
20 66
53 167
68 199
78 150
18 52
65 39
36 119
56 62
27 121
9 189
65 156
75 47
53 78
76 47
94 199
27 113
9 11
52 81
4 63
99 74
25 11
71 136
22 25
6 144
66 71
93 20
40 115
32 26
77 188
70 101
79 38
81 155
14 124
28 46
49 25
59 86
47 30
77 128
100 150
38 30
50 24
25 31
56 140
59 65
55 71
29 36
95 59
47 149
24 83
82 70
68 12
71 71
79 115
18 181
19 118
35 105
15 44
48 100
98 99
44 123
89 130
21 78
69 153
25 58
33 77
84 88
74 132
10 142
6 33
11 31
67 10
23 138
100 71
12 85
78 102
19 14
20 105
28 200
34 68
90 25
79 45
99 37
48 179
50 100
84 200
40 197
55 61
28 148
56 144
43 93
48 74
78 94
60 156
15 53
95 92
64 37
89 67
77 56
94 163
45 118
93 32
79 179
18 157
24 136
87 133
8 151
68 28
85 156
27 33
54 139
16 69
12 36
81 107
47 131
85 59
100 79
5 149
76 47
52 13
47 110
85 183
9 136
84 170
76 91
10 51
45 114
76 88
28 170
84 152
77 45
46 10
89 137
27 136
70 161
62 116
12 124
83 96
69 61
83 178
48 89
50 144
86 48
72 81
46 165
2 82
47 124
30 132
63 120
62 163
79 84
62 93
79 38
4 188
53 51
51 31
51 124
49 155
37 160
75 138
32 165
97 127
77 177
30 200
100 162
42 60
8 19
74 138
31 51
37 126
71 98
4 200
62 134
85 119
41 67
32 108
4 121
27 98
74 183
82 79
50 170
83 161
37 91
77 58
7 195
96 16
22 80
26 147
57 43
71 56
38 136
36 118
37 86
89 162
34 146
9 40
18 140
9 172
29 68
65 39
34 27
15 28
24 131
75 194
75 106
4 140
31 64
24 181
91 188
26 11
60 151
52 99
46 77
96 186
12 168
52 176
18 150
25 177
79 132
7 173
76 140
71 195
47 126
52 146
28 182
36 144
35 162
41 199
33 182
89 108
89 194
78 194
44 109
64 177
23 127
57 110
83 32
36 132
52 39
100 78
50 18
45 17
17 33
56 176
48 82
36 86
12 151
71 41
23 24
66 14
17 43
40 169
35 85
87 92
61 111
46 28
25 176
85 27
84 16
29 186
87 35
1 104
94 142
5 89
49 133
97 19
17 150
16 148
6 162
69 12
97 194
82 36
35 151
29 169
96 142
29 156
24 33
83 15
79 23
19 114
9 56
53 143
90 65
64 156
48 195
67 39
51 161
86 96
11 142
39 42
18 112
99 71
96 127
23 81
52 59
28 172
4 170
12 55
4 14
29 59
93 65
84 173
89 96
42 175
98 137
67 122
56 148
65 59
97 164
19 24
10 192
94 62
16 36
55 167
70 73
79 118
82 81
61 186
58 97
22 179
92 87
64 177
48 66
4 158
94 179
16 127
59 118
92 120
82 76
28 49
54 136
22 19
51 70
2 111
42 176
100 169
16 155
58 86
72 83
83 68
56 14
19 79
96 84
34 13
34 116
82 57
35 153
47 37
47 18
35 45
18 156
47 150
75 153
21 104
18 20
51 128
9 153
69 57
99 192
93 23
26 35
49 157
50 142
24 30
99 82
72 147
53 38
45 100
32 185
12 92
61 61
16 167
91 73
54 129
97 47
76 134
32 141
3 63
70 91
15 177
16 64
18 142
13 182
85 147
78 107
21 97
4 97
56 149
56 103
74 176
74 157
3 83
41 20
52 189
66 199
56 125
45 156
69 153
8 49
89 31
21 190
66 87
31 44
29 37
52 32
37 35
26 45
35 75
8 176
8 97
9 59
53 71
58 192
64 98
43 190
6 61
61 23
12 91
18 95
16 111
65 78
25 177
63 36
7 173
10 47
2 60
58 95
37 54
91 175
25 31
19 124
42 194
91 154
31 59
61 31
56 126
34 139
74 111
71 121
10 166
62 128
73 112
85 12
37 45
13 76
48 185
24 35
58 46
82 54
85 127
56 183
19 64
24 65
38 188
2 18
76 14
29 111
92 110
84 95
19 157
59 140
86 61
88 81
7 84
95 162
59 34
3 118
69 110
86 120
55 189
39 142
16 196
99 171
70 157
18 82
37 114
78 82
80 72
16 79
33 108
78 62
5 83
58 119
67 127
54 178
3 149
84 126
58 165
66 164
2 122
53 120
47 191
51 131
87 142
92 47
10 79
82 158
43 112
7 16
65 65
48 58
62 75
20 171
39 134
54 82
89 91
24 69
41 68
25 197
49 94
65 180
51 129
74 65
71 14
97 37
32 65
4 127
56 187
95 137
98 200
59 131
95 115
94 118
40 110
19 122
61 41
94 140
46 60
61 115
32 168
76 160
83 162
11 172
8 41
83 119
19 141
41 150
90 112
44 130
4 184
41 156
86 95
84 78
77 128
12 149
93 176
99 147
31 58
76 70
74 90
66 114
81 169
20 185
23 35
53 109
5 131
76 36
63 70
80 19
57 168
98 81
79 184
41 181
44 28
98 69
93 34
92 14
53 62
30 27
79 184
8 167
16 73
94 192
62 33
49 13
53 193
12 54
10 128
75 87
29 178
69 183
4 164
54 34
99 20
77 93
71 68
11 76
65 80
20 39
32 89
21 192
28 95
33 67
9 39
61 105
16 66
78 157
94 81
47 130
27 97
48 119
12 89
12 41
1 57
26 108
100 57
21 52
65 68
49 145
10 178
92 57
71 114
54 78
5 30
46 38
47 200
35 157
21 47
34 105
25 130
90 116
61 92
57 129
14 123
28 181
19 130
56 71
6 145
100 27
73 167
57 24
74 199
2 150
16 97
32 11
38 114
67 119
18 64
99 39
25 137
61 127
96 18
59 77
28 80
72 184
25 158
93 155
39 26
67 86
36 48
41 181
51 50
42 78
10 67
12 49
91 134
33 44
89 113
54 94
73 60
51 156
13 154
26 92
51 81
32 71
45 159
54 88
7 13
78 29
97 65
89 169
88 155
82 118
69 69
41 62
83 57
54 117
99 181
60 71
54 101
24 27
78 86
98 44
