800
28366
15 18
96 18
49 143
41 169
84 83
81 116
93 66
33 29
17 26
99 144
70 99
59 171
18 142
29 142
46 26
94 146
34 117
80 78
10 140
35 179
66 99
13 36
5 173
71 136
16 163
79 60
70 15
44 162
4 198
53 195
18 120
11 136
30 56
64 118
79 177
32 111
51 74
51 18
63 198
9 11
78 20
100 61
49 160
97 166
58 110
3 20
15 102
75 124
26 119
26 170
71 52
35 108
60 50
89 114
34 119
31 105
64 113
51 161
26 58
29 56
47 165
21 147
11 44
34 88
19 111
42 166
35 103
56 63
61 165
81 71
45 143
100 100
79 193
70 69
69 94
39 149
19 111
90 26
63 132
95 50
10 142
40 77
99 21
77 112
17 151
77 76
85 61
91 141
63 25
32 103
50 60
17 158
80 156
53 179
10 111
30 12
9 185
4 184
98 117
64 73
46 32
94 35
66 49
28 179
61 147
48 172
16 38
31 189
12 140
96 58
54 32
14 162
45 52
11 49
57 22
83 25
68 11
62 153
87 148
88 199
44 32
95 184
41 76
29 71
4 67
23 127
78 113
49 94
41 65
25 88
68 41
57 23
73 26
6 42
64 45
12 80
5 48
37 52
90 96
21 156
27 147
1 28
42 183
29 11
13 29
15 131
5 112
29 15
72 30
1 80
62 18
79 154
8 55
1 169
56 132
82 71
13 89
97 198
15 140
87 176
21 58
37 21
47 99
71 24
69 124
65 161
88 84
93 62
18 86
31 141
19 25
28 87
90 10
79 155
93 196
79 58
43 79
35 47
36 169
91 156
11 81
28 115
90 108
28 19
74 142
95 96
76 29
21 61
11 24
21 38
45 30
59 124
10 47
7 177
38 14
91 110
70 65
27 195
16 35
87 196
51 167
80 60
92 111
37 33
44 111
56 151
43 13
80 66
55 173
97 89
46 75
21 41
96 156
90 187
82 132
22 21
61 89
29 179
14 152
72 114
57 184
40 140
29 17
96 65
30 137
39 87
80 72
86 161
99 121
45 100
98 194
63 179
41 40
74 168
21 190
11 133
56 64
76 177
65 96
83 20
32 49
39 149
29 125
46 164
9 99
4 60
97 105
11 149
88 70
8 176
29 31
24 91
31 36
29 59
8 91
65 87
1 190
4 57
97 122
71 68
61 184
90 67
30 130
43 147
72 41
53 103
27 48
40 180
45 156
10 129
80 148
57 145
20 20
4 130
87 155
89 107
61 161
32 101
65 69
74 138
3 162
65 154
79 13
35 90
31 151
58 104
61 166
13 187
97 176
93 179
83 161
91 140
72 55
96 85
45 60
33 12
70 168
41 35
49 66
5 172
40 166
78 114
76 158
96 17
43 102
52 23
79 51
23 14
83 63
96 11
53 56
3 67
36 111
56 145
94 109
57 163
88 187
83 26
99 106
41 70
31 194
97 137
1 198
38 23
4 156
30 117
37 173
69 181
13 158
5 73
81 184
73 157
61 137
98 24
62 168
54 197
56 156
4 35
81 114
40 20
35 23
4 75
42 108
26 53
77 105
82 50
73 40
98 89
14 162
56 49
76 180
97 144
67 151
6 35
16 167
81 158
65 199
80 142
2 187
1 36
76 185
45 87
34 69
10 126
26 60
65 111
47 86
6 102
13 71
5 190
85 140
53 101
46 113
9 175
37 145
37 184
77 60
38 156
8 92
98 149
63 61
64 33
27 42
100 81
49 71
46 112
49 78
31 36
96 180
85 42
12 107
87 79
96 75
95 159
16 90
30 139
79 164
48 74
36 115
24 121
64 186
20 168
10 70
17 172
75 42
91 182
100 74
68 116
78 105
86 176
29 113
35 37
33 63
89 22
34 40
81 95
64 59
25 130
54 27
28 126
94 98
69 122
6 70
29 130
58 105
66 121
51 46
59 124
48 121
18 119
59 91
93 151
79 44
47 149
48 121
84 35
96 134
64 18
3 140
77 58
66 156
51 57
83 75
54 111
78 53
4 82
14 104
58 175
24 131
14 143
26 62
49 38
65 96
15 141
14 51
18 41
16 118
2 106
6 50
28 94
24 10
98 141
23 195
38 88
89 53
57 172
27 194
67 141
14 64
6 147
17 175
59 80
45 113
42 70
28 127
27 18
55 129
76 178
33 195
32 117
77 85
51 173
26 89
48 169
97 78
62 112
98 183
15 85
29 37
67 177
59 116
90 49
73 188
37 112
87 200
88 180
66 149
63 122
7 100
50 108
100 119
17 11
16 43
89 48
47 104
2 186
56 108
26 41
91 23
10 109
42 48
3 195
38 192
72 119
40 34
16 146
60 137
16 199
26 182
50 49
29 30
50 16
81 183
66 94
56 54
12 128
63 88
54 87
12 21
8 140
94 22
4 151
55 32
99 145
9 131
85 178
51 14
79 66
42 70
35 11
77 85
12 53
47 108
21 140
52 15
58 98
55 35
68 186
30 79
4 81
64 144
52 105
9 165
7 185
45 177
8 50
98 120
53 121
43 147
41 89
83 159
85 132
83 68
39 77
94 149
67 135
100 168
1 104
43 14
25 64
20 85
75 178
85 34
75 20
91 23
54 93
75 146
22 72
67 118
52 22
42 139
35 91
97 58
100 183
41 97
16 183
67 135
95 58
56 108
94 198
52 170
80 55
38 81
75 80
25 64
77 51
61 161
75 67
66 199
34 104
91 185
15 169
75 98
61 22
15 42
91 118
71 59
86 69
85 171
5 90
4 110
89 161
58 23
99 104
74 133
99 176
14 156
61 189
61 171
49 90
37 160
48 66
20 20
87 170
7 44
14 32
18 164
52 60
65 184
79 103
71 70
72 77
47 191
96 143
73 16
84 180
60 148
93 96
77 74
35 49
14 121
10 12
88 174
33 147
74 103
86 195
81 23
83 173
2 175
48 169
27 117
81 75
20 174
6 39
87 69
44 191
89 130
84 127
25 160
33 16
43 155
13 120
94 112
54 93
77 140
63 90
2 42
14 13
99 103
15 91
55 70
100 108
9 57
53 40
10 52
55 101
39 176
26 198
28 12
43 186
49 99
32 184
64 165
53 77
15 154
66 176
27 147
10 83
76 146
29 106
16 186
74 81
47 51
98 148
86 153
58 43
12 163
50 117
53 98
30 11
20 25
80 74
96 30
33 30
16 89
43 151
33 75
58 36
11 176
65 80
79 145
76 98
93 55
82 169
1 24
75 139
47 33
80 44
1 72
54 129
94 139
97 196
33 129
86 96
55 146
75 97
56 105
22 92
26 37
57 41
11 59
77 30
59 150
14 115
50 179
34 111
88 59
82 154
27 124
12 159
24 176
53 163
89 169
66 53
97 102
66 145
61 44
21 173
55 106
33 58
33 33
11 133
81 12
7 145
83 44
37 199
9 181
60 105
74 28
75 43
41 192
95 100
82 36
44 68
70 51
82 126
65 155
71 100
19 37
1 170
18 160
17 83
93 55
68 69
80 99
83 127
21 17
57 90
46 85
72 88
31 189
39 189
10 64
69 14
79 135
35 10
57 42
79 154
79 99
27 167
11 44
10 76
52 93
59 187
41 135
72 135
18 17
57 20
48 130
26 99
