800
28814
45 135
7 136
20 165
93 138
80 88
92 163
29 158
17 155
42 162
26 70
81 80
80 59
77 173
30 12
73 135
23 136
47 81
22 113
14 165
29 24
33 164
99 123
58 170
4 19
52 61
37 40
32 197
80 166
86 139
63 10
36 123
85 191
67 34
99 98
86 66
77 188
60 118
59 139
1 136
36 126
21 102
73 107
90 130
54 12
65 45
31 176
85 32
26 193
94 162
41 95
50 190
89 160
91 114
70 163
33 72
85 109
89 106
51 52
80 141
76 69
20 36
58 25
11 103
94 29
79 71
90 55
12 192
23 65
89 118
45 117
11 113
59 155
77 89
70 170
42 167
70 126
93 138
92 46
51 75
41 168
14 51
25 127
75 106
89 123
85 157
60 86
6 98
57 197
25 175
67 193
47 28
5 107
34 101
35 44
5 196
57 138
80 152
39 84
45 36
50 58
40 49
22 181
75 26
50 86
7 100
69 104
50 61
54 89
16 94
29 79
37 102
43 129
98 58
21 122
82 127
11 19
84 45
38 183
54 152
6 69
90 137
77 82
6 164
90 166
56 78
44 70
16 50
72 86
61 27
14 64
44 145
71 87
81 188
89 190
1 37
45 145
89 87
53 43
1 39
42 75
91 34
27 81
32 19
80 16
64 149
91 132
80 103
61 138
74 195
7 84
50 110
38 106
47 62
49 36
69 122
86 11
52 195
51 44
46 18
50 81
11 111
93 120
15 114
36 11
51 165
66 12
28 85
32 180
20 106
18 43
13 92
3 61
87 48
20 160
30 176
32 182
29 124
87 138
84 133
67 43
96 85
62 58
71 71
22 66
93 80
82 58
10 171
61 56
96 193
80 159
32 129
39 98
50 76
95 145
61 84
83 176
59 162
17 177
4 73
50 94
85 104
81 149
26 182
77 147
9 110
87 11
29 89
98 69
6 40
35 83
31 66
5 199
8 146
70 72
31 85
51 21
95 107
72 27
11 77
95 83
67 124
74 68
13 74
65 19
90 151
33 148
63 171
36 98
7 51
90 102
76 96
19 137
41 141
18 130
8 120
45 160
60 38
81 162
59 59
100 185
27 115
53 136
23 11
45 197
71 61
78 39
39 122
34 196
33 176
16 117
36 60
17 116
61 54
82 60
22 184
5 193
18 192
91 64
86 141
7 65
45 110
89 180
8 145
92 95
37 84
23 19
93 65
20 72
18 82
77 13
29 175
18 111
88 94
92 61
93 135
28 92
65 176
44 124
79 82
9 85
84 67
26 131
29 68
55 190
41 192
75 176
92 163
82 142
6 120
29 195
5 90
38 101
41 64
66 96
32 47
28 61
56 116
93 135
41 112
68 79
46 26
49 131
9 126
51 192
19 11
4 150
98 118
63 64
21 88
96 128
21 55
85 106
25 120
84 14
38 62
21 168
1 116
82 137
1 172
89 178
45 42
14 165
62 19
61 139
81 94
43 61
15 34
98 104
73 141
37 193
26 124
46 156
19 61
72 196
27 12
95 22
85 35
32 110
35 190
50 136
88 153
10 83
52 41
3 50
57 194
10 43
64 157
12 183
60 142
50 84
36 38
29 196
1 24
67 22
44 36
84 36
96 162
54 178
52 13
12 176
54 197
9 185
42 180
74 46
80 174
42 56
98 64
55 36
4 183
25 97
83 110
32 116
16 167
20 112
32 113
28 66
60 192
61 106
29 46
41 171
83 75
40 36
76 49
91 52
6 113
50 60
90 28
2 30
11 157
14 48
88 34
70 69
65 153
75 154
41 121
24 58
25 160
32 59
73 21
77 95
93 69
79 78
71 111
66 174
72 14
47 164
78 46
63 165
73 72
53 171
81 186
95 20
22 96
32 146
13 67
43 176
58 14
63 104
17 149
35 90
18 82
16 146
65 45
37 185
15 20
89 28
96 92
40 192
5 62
66 98
15 93
6 23
45 45
6 193
68 164
25 119
74 166
59 163
72 148
88 148
93 89
9 47
12 176
12 160
85 185
66 60
85 38
55 129
64 166
74 190
74 16
87 82
77 107
47 186
89 69
49 54
21 130
9 68
82 181
81 74
60 89
17 46
4 50
72 12
18 100
21 26
1 57
18 71
55 130
49 28
94 27
26 162
3 132
30 138
10 38
87 83
32 151
7 43
43 157
42 77
93 174
77 138
27 52
35 174
41 85
34 18
26 55
39 159
98 13
28 23
92 106
86 97
71 196
37 39
60 90
94 105
62 133
63 19
96 100
41 23
52 189
45 108
75 88
31 154
29 61
91 153
30 27
4 178
87 97
30 46
38 133
36 16
61 173
64 135
57 18
40 138
6 80
12 185
21 155
85 170
75 198
38 60
66 97
72 108
45 96
2 51
95 25
18 121
65 97
30 69
49 152
53 35
11 138
40 150
87 21
2 137
13 99
71 150
90 100
87 155
89 172
34 159
38 27
84 10
43 122
33 24
91 71
81 46
83 173
22 57
46 88
93 94
36 41
11 18
59 99
43 68
18 83
95 82
89 49
69 194
20 179
52 86
10 34
70 88
36 169
48 25
43 200
26 125
21 118
88 98
99 199
86 20
57 174
80 162
60 179
65 78
5 110
17 171
62 147
20 48
3 131
25 13
67 95
95 135
82 194
10 46
20 179
42 180
89 184
96 19
92 27
42 27
30 76
76 22
8 186
95 172
38 76
90 127
36 68
39 109
63 125
84 69
3 198
76 123
82 158
55 72
43 47
39 146
62 136
32 87
78 169
84 12
35 72
48 43
41 14
79 30
24 150
26 146
8 21
13 111
72 121
19 112
50 159
4 99
21 45
87 144
87 71
60 52
33 48
93 91
92 23
16 88
56 23
13 85
55 94
93 123
47 137
58 172
29 138
14 34
65 126
64 154
37 94
83 173
42 34
56 123
32 132
38 155
99 35
33 146
23 183
95 173
80 89
53 167
56 178
31 59
93 78
43 198
76 73
7 29
48 165
31 50
53 88
88 142
92 197
69 19
20 49
85 97
71 27
14 121
80 173
47 70
6 187
65 152
47 23
38 94
50 168
42 59
65 178
48 183
10 168
80 94
72 168
40 64
32 51
44 113
25 113
64 31
91 92
50 165
82 192
81 26
62 136
74 29
86 168
79 175
48 31
29 116
90 101
93 163
79 197
14 40
17 166
61 35
59 149
88 124
90 161
49 179
53 20
50 145
84 69
72 100
88 79
94 142
49 153
55 147
78 33
91 60
100 149
94 57
4 156
45 95
2 122
59 67
63 36
74 146
18 156
70 87
10 117
29 31
40 110
57 161
89 178
73 95
84 20
91 56
29 106
35 145
93 57
81 158
35 155
16 148
57 145
85 109
87 72
17 81
48 112
71 97
63 91
74 194
73 149
71 158
79 12
15 186
69 143
93 38
41 141
70 101
87 97
93 181
26 108
61 19
95 141
47 135
39 76
23 149
33 123
58 31
45 53
39 141
36 195
71 115
18 195
41 61
91 108
26 11
95 152
70 81
2 116
35 83
1 129
6 166
37 187
32 68
77 163
39 148
20 154
90 61
97 42
20 48
29 196
39 95
88 61
92 72
31 123
17 109
25 133
24 23
45 88
60 46
