800
27980
72 26
21 63
100 50
53 109
51 129
99 82
54 159
69 110
51 119
65 172
19 58
51 41
62 62
4 156
41 46
35 137
6 51
28 183
61 182
85 86
44 14
4 98
82 159
63 128
75 103
20 178
47 143
37 136
20 25
76 168
13 127
73 112
37 97
48 101
100 166
83 71
20 114
29 105
8 71
82 86
25 41
75 91
16 155
33 182
1 100
15 166
7 104
81 69
22 67
93 168
47 137
72 19
82 200
52 87
82 141
36 103
78 110
11 72
37 17
8 96
78 98
36 130
70 55
16 135
91 179
44 162
1 113
62 10
45 116
64 81
3 73
16 177
31 32
56 43
63 14
66 166
90 22
3 67
25 26
18 13
16 175
78 135
65 28
47 20
85 132
87 97
76 110
35 81
48 32
27 89
36 174
21 108
100 147
23 20
73 146
6 42
89 65
79 103
71 119
17 108
55 108
27 132
29 109
46 185
30 167
79 122
56 78
11 119
35 142
34 24
82 127
81 180
61 52
91 182
54 71
38 161
32 38
44 194
33 166
95 47
83 185
19 46
17 125
10 17
97 10
10 116
3 168
93 42
91 77
56 142
13 51
60 69
33 159
64 38
75 193
55 30
19 37
37 147
59 161
90 180
50 66
47 116
66 92
12 114
56 68
100 176
18 102
93 34
55 157
94 55
44 74
100 120
37 166
98 72
90 147
73 195
72 53
73 19
6 74
55 200
81 17
96 121
7 104
98 142
92 36
97 156
58 130
55 41
48 151
55 131
21 97
31 63
3 172
42 168
72 184
27 187
12 166
83 96
28 191
58 92
69 82
58 193
13 49
80 15
84 183
18 51
77 144
82 72
31 95
42 129
62 177
15 149
24 83
57 158
68 199
63 88
60 198
9 93
72 39
42 145
43 136
45 40
15 64
30 180
93 83
94 13
39 14
95 87
68 131
12 39
38 159
71 163
22 56
54 185
70 66
18 63
20 135
91 74
19 83
6 148
16 95
70 122
81 47
89 169
44 107
71 198
30 190
82 109
4 151
47 105
65 163
74 61
73 44
76 162
6 179
46 152
51 43
88 182
3 37
43 21
29 91
50 80
37 103
90 114
83 31
68 181
5 170
92 195
81 86
15 162
3 97
72 43
71 131
39 140
19 120
51 43
21 177
15 184
54 126
54 106
69 113
56 55
37 154
66 114
29 177
66 198
41 150
17 32
56 61
83 164
76 34
93 67
34 122
81 183
22 194
36 181
41 102
41 178
34 74
39 104
89 16
36 51
16 60
40 35
28 35
82 121
25 111
33 38
22 169
96 91
69 169
66 126
47 38
29 144
66 124
21 187
32 191
9 113
66 115
100 52
92 50
99 146
61 131
17 136
43 77
64 159
91 150
69 14
38 46
91 102
87 134
42 43
25 197
33 162
22 170
8 161
16 39
33 134
9 150
43 48
53 80
67 188
26 189
25 98
68 39
96 153
63 25
82 58
68 168
21 84
67 11
42 30
18 18
26 127
75 137
21 179
50 50
9 53
68 91
85 55
23 41
58 134
21 90
45 130
19 83
24 137
70 48
43 129
97 128
100 190
37 55
10 99
34 32
70 23
83 159
22 189
20 79
23 81
40 35
5 168
46 10
7 107
36 123
69 174
67 110
68 43
11 90
50 61
26 113
81 197
52 102
41 100
33 111
69 117
56 139
92 86
78 121
2 101
18 174
35 41
32 11
70 92
49 179
56 156
2 137
1 116
20 37
16 55
91 109
47 57
16 29
61 138
81 24
62 43
60 162
4 199
71 131
96 117
17 72
22 47
83 106
26 164
85 39
99 20
98 176
35 169
40 145
89 176
27 161
94 53
89 132
74 26
63 101
25 110
4 18
85 158
41 22
96 87
70 65
44 61
35 47
31 115
40 59
63 19
1 35
93 87
42 111
7 37
11 69
45 124
6 85
88 200
61 49
28 66
53 142
6 129
72 161
65 194
37 51
95 81
83 30
47 83
48 142
58 95
25 58
1 164
49 105
11 105
26 117
52 62
77 170
59 56
67 198
44 12
43 119
20 52
83 68
60 139
37 155
45 192
88 94
19 35
83 154
8 13
46 24
80 174
8 174
85 90
84 150
15 10
39 140
34 126
47 137
32 45
8 161
20 65
84 45
57 14
14 139
98 190
11 138
64 40
85 175
86 112
81 188
68 52
13 142
8 98
9 128
55 182
22 94
81 63
22 27
32 130
8 103
67 187
4 109
95 17
13 129
61 149
25 12
51 101
4 199
36 56
27 34
82 60
57 173
83 82
99 139
75 75
31 25
31 28
21 90
92 61
47 55
13 158
88 48
28 50
95 52
73 73
51 19
95 133
84 138
92 121
80 10
66 25
69 142
1 71
54 164
27 11
19 39
13 131
48 32
46 125
19 73
98 168
85 83
51 101
10 155
39 65
6 153
88 172
76 197
12 30
86 176
48 47
58 51
99 56
89 10
50 54
15 48
61 39
78 178
40 118
37 29
13 127
20 73
65 29
100 163
56 109
50 56
29 80
55 14
39 199
100 63
99 143
90 66
73 189
6 107
98 198
92 76
56 139
29 94
25 67
43 79
78 151
90 180
18 70
15 69
11 91
67 158
39 169
36 178
65 168
89 64
47 42
67 122
100 72
70 132
41 72
1 37
72 136
98 109
25 45
58 142
62 133
76 58
73 177
52 65
89 113
94 196
92 126
37 150
2 168
22 86
92 28
32 32
48 26
48 44
93 93
5 81
81 183
1 126
87 44
25 149
1 163
73 37
36 151
90 34
24 17
21 35
13 200
5 157
91 13
98 86
18 55
16 57
47 190
2 82
72 195
9 38
78 130
93 27
54 89
21 167
5 98
21 152
64 115
75 98
93 105
8 111
45 144
11 191
96 99
12 187
5 121
63 136
14 79
92 35
89 120
52 10
88 175
55 37
73 176
51 109
86 119
6 124
17 119
41 75
55 92
36 181
27 150
96 12
50 37
34 151
7 115
11 32
30 153
42 51
15 83
75 140
31 163
79 79
7 154
49 177
7 93
30 87
75 74
62 120
97 33
88 23
70 98
38 43
69 82
95 175
65 70
98 73
22 173
21 186
88 62
68 95
12 176
2 99
16 62
66 97
76 24
3 70
68 75
48 149
81 133
81 101
69 98
77 13
43 150
85 101
97 32
26 33
64 64
86 40
34 157
21 27
52 162
15 101
74 76
18 199
84 111
73 82
7 144
53 164
37 10
7 139
32 101
75 70
6 92
43 11
13 146
7 181
100 176
40 189
53 131
45 142
36 86
58 163
69 163
62 181
26 136
37 27
51 176
29 182
76 110
31 38
80 115
98 114
55 53
3 94
96 80
11 20
83 167
36 170
19 10
26 20
49 25
26 68
90 140
32 145
16 50
2 144
48 39
76 44
86 23
57 184
11 83
24 101
96 78
77 177
80 167
69 78
54 107
37 29
94 115
29 12
2 155
76 179
3 57
15 62
66 128
35 136
29 10
75 86
64 148
66 10
94 141
18 147
92 139
4 64
68 56
72 79
53 189
28 79
7 169
63 103
71 46
86 91
83 102
61 161
68 13
9 189
15 166
33 151
80 196
