800
28592
60 67
30 27
44 15
10 38
35 23
15 189
10 142
9 97
81 190
60 26
91 84
33 99
95 168
84 32
33 166
73 57
27 99
18 81
23 179
98 151
93 20
60 112
47 11
85 104
54 89
89 68
61 188
32 22
17 109
74 94
65 139
99 180
66 139
24 103
20 31
70 23
13 75
29 180
8 82
36 193
11 62
3 46
96 103
30 23
7 146
51 38
85 77
55 178
50 90
16 87
90 42
52 146
27 117
53 69
60 34
19 143
33 13
91 17
43 100
18 41
24 23
15 32
12 65
38 121
33 64
19 127
44 145
69 48
92 62
83 24
52 200
87 44
15 23
71 88
35 112
100 174
32 192
36 72
50 162
24 60
42 27
86 14
42 66
12 104
28 140
95 198
82 175
47 44
42 44
83 137
89 181
29 62
25 148
53 162
7 148
85 172
93 43
52 157
79 17
21 138
14 23
52 82
23 14
97 62
99 46
78 138
45 185
97 73
70 191
53 79
83 193
17 164
60 59
38 92
16 141
39 74
15 96
56 51
45 99
100 140
66 136
78 32
47 70
16 193
80 42
71 131
100 45
19 114
58 95
31 25
97 126
84 46
87 14
60 132
4 165
43 186
50 175
57 10
63 115
52 151
99 125
75 171
2 102
89 193
89 170
13 165
13 52
99 76
92 159
85 123
26 41
23 166
6 129
76 153
57 185
43 103
34 77
67 169
93 49
70 111
94 59
77 30
61 72
14 175
5 191
80 188
53 127
24 70
90 112
36 102
90 157
74 70
76 124
73 181
48 135
12 106
75 116
80 124
38 184
86 189
28 115
88 120
89 158
19 138
3 21
1 188
79 101
39 132
84 66
50 179
60 26
88 135
22 30
89 157
37 168
54 76
90 172
67 39
5 165
62 92
65 187
28 102
82 104
57 134
57 170
76 17
64 99
16 37
100 166
64 200
78 187
70 120
63 178
9 142
47 128
9 151
83 105
64 179
46 41
76 151
61 54
66 30
89 123
44 189
52 77
32 107
31 31
46 41
57 172
14 164
98 93
25 113
48 83
58 29
69 133
29 83
50 53
60 64
100 190
40 73
62 176
100 156
93 162
72 153
37 140
60 189
50 129
21 14
27 200
39 159
42 118
79 195
42 195
49 75
53 181
43 15
27 195
55 139
43 75
61 72
11 80
33 24
22 184
79 196
78 95
6 184
93 165
18 31
87 131
61 117
50 145
18 72
94 45
11 59
48 175
57 50
48 104
55 107
96 148
5 92
67 68
81 25
9 200
51 179
88 107
93 196
5 159
74 179
5 125
32 44
58 200
67 47
61 115
61 35
95 23
69 37
11 145
81 183
74 36
40 117
21 37
8 66
5 161
85 115
4 32
11 139
49 20
64 96
27 102
85 144
75 98
73 91
8 78
52 31
71 198
28 56
3 181
57 45
94 20
76 158
59 160
23 88
51 42
10 122
65 189
91 143
65 87
12 158
10 175
17 148
5 108
20 11
56 113
89 64
37 146
10 35
39 162
31 131
24 163
49 95
50 162
9 31
23 183
59 181
73 193
87 188
91 32
57 10
24 74
80 95
14 59
38 88
6 110
70 81
25 50
24 32
96 87
26 170
33 120
33 98
52 24
93 30
64 195
33 190
88 20
39 171
1 159
54 154
71 60
76 181
17 69
61 128
62 24
72 19
18 152
11 69
74 156
73 88
49 17
6 136
28 118
42 59
68 127
14 95
56 11
6 33
71 111
71 167
35 70
64 21
4 39
8 84
56 110
81 129
57 73
67 10
85 75
48 42
73 140
52 145
19 178
95 92
11 10
36 24
34 63
48 59
89 141
3 27
4 97
60 115
43 153
88 158
72 102
31 37
68 52
70 39
92 137
2 79
50 152
97 11
90 197
99 117
66 132
43 81
49 63
20 130
84 40
24 31
83 149
2 189
2 62
20 57
80 193
94 141
72 57
28 27
46 149
12 167
54 26
76 59
67 55
95 32
22 35
14 157
53 194
46 185
47 101
56 85
69 92
27 87
5 199
21 77
38 68
57 172
85 147
78 32
43 75
5 103
29 175
24 188
13 143
43 49
97 138
88 34
100 140
56 32
29 78
48 171
90 86
28 79
86 167
99 72
14 107
83 93
35 154
81 192
96 17
18 40
11 160
98 162
46 58
42 65
95 112
42 63
92 150
48 110
34 152
9 147
48 12
18 16
77 43
60 110
44 132
59 110
26 115
59 98
61 51
96 190
64 158
44 86
97 104
73 98
97 92
60 89
19 173
67 109
14 182
66 171
60 47
68 195
3 104
19 53
31 177
13 47
58 129
80 113
94 91
50 72
44 109
43 92
2 95
69 63
57 152
56 55
62 167
91 68
54 149
88 159
95 34
42 51
38 119
97 184
99 54
76 78
53 101
77 137
74 52
39 85
74 170
62 144
83 17
70 198
98 27
85 97
66 173
51 29
89 123
31 27
33 137
11 100
76 66
72 142
31 107
66 88
4 29
61 187
70 133
76 94
98 197
93 81
26 15
31 24
37 42
40 41
5 180
89 177
11 49
39 176
10 86
78 141
44 83
32 69
36 36
62 122
26 132
74 41
23 169
81 138
59 45
57 44
87 117
85 47
25 11
74 78
31 171
19 192
52 160
69 75
6 32
6 46
9 27
87 167
32 99
45 59
44 67
14 53
3 36
80 128
85 83
72 77
41 149
1 98
19 136
84 17
13 36
63 92
10 103
72 26
31 18
28 95
39 45
93 150
93 193
83 118
44 164
40 58
79 51
53 66
53 159
56 160
97 126
15 66
77 45
33 180
34 24
57 186
39 57
36 107
100 113
50 84
30 99
22 29
38 17
53 74
40 42
80 35
43 34
26 44
39 44
91 103
34 30
33 46
72 55
86 188
35 127
58 115
93 162
27 180
61 24
60 78
14 38
52 22
31 170
93 74
65 66
29 113
14 192
14 131
20 68
96 188
65 88
79 177
57 195
74 44
20 176
17 160
97 15
64 56
23 59
12 107
65 141
15 177
62 16
98 122
46 195
55 25
67 133
8 67
19 18
31 111
37 91
69 121
63 195
29 132
56 29
23 84
64 42
15 64
52 74
36 139
48 108
86 97
19 167
93 126
70 25
85 74
82 189
43 158
58 115
16 55
82 122
89 74
14 165
74 186
35 104
44 37
14 72
72 145
53 43
11 152
52 170
91 87
19 175
43 37
45 102
19 19
5 155
41 173
76 78
4 156
91 99
44 113
21 129
41 159
36 189
56 30
33 115
57 186
32 169
11 116
20 12
31 54
69 55
59 75
40 185
30 140
92 77
7 69
22 42
81 188
32 63
74 81
32 46
14 57
84 193
99 88
33 107
56 118
44 11
26 127
20 106
42 118
27 157
18 153
75 72
19 76
73 113
93 77
50 169
15 10
70 196
12 160
92 142
24 183
60 143
6 143
85 169
6 18
39 91
51 184
71 34
26 22
17 40
20 71
59 120
25 19
1 160
57 138
71 29
44 35
44 166
8 84
64 188
88 66
23 50
67 173
99 146
91 115
24 174
27 95
86 97
30 154
77 167
62 177
95 39
60 12
98 105
69 25
83 24
27 90
