800
27876
86 89
84 90
30 24
86 46
60 10
37 37
31 20
29 80
64 198
18 200
71 46
91 73
100 96
58 16
78 43
11 118
80 122
5 145
87 74
12 57
3 140
20 103
83 45
76 16
71 41
86 25
96 34
2 162
26 196
32 72
80 113
57 186
99 94
7 24
67 87
14 120
1 152
60 171
38 14
10 81
46 194
20 163
6 111
73 14
55 64
44 103
91 164
62 151
3 109
47 109
44 104
76 160
35 177
60 10
43 116
38 13
35 197
25 51
98 134
97 21
26 156
96 32
1 35
82 161
72 193
9 83
33 64
75 145
52 22
90 173
99 115
44 34
67 153
92 165
57 59
5 93
66 140
54 17
20 60
89 65
14 79
81 91
1 98
75 56
88 153
61 130
44 193
48 44
18 145
28 129
90 173
4 195
44 44
2 176
55 86
15 180
54 69
4 114
88 54
76 147
13 69
16 95
96 192
77 166
73 186
77 54
85 29
91 70
78 164
51 36
71 194
13 25
24 21
24 140
63 60
55 61
56 60
20 129
99 200
99 81
16 68
84 43
38 189
93 155
38 26
54 98
95 133
20 84
23 172
32 87
87 128
60 138
61 157
64 78
32 106
64 95
18 140
51 72
100 185
74 148
9 113
70 65
90 71
49 11
89 78
2 139
10 33
2 39
7 183
56 34
21 130
12 37
60 61
39 137
96 55
71 113
49 165
46 138
68 62
67 54
39 167
12 59
68 141
92 149
74 45
43 97
19 122
91 82
48 14
57 200
65 11
3 190
3 58
39 122
91 59
15 69
22 62
70 77
34 34
86 107
68 173
11 99
79 19
29 172
68 91
99 22
72 45
4 166
18 117
54 72
97 183
7 31
33 93
19 175
48 176
68 100
83 101
15 143
4 45
31 25
23 32
67 131
35 153
27 137
12 183
32 91
11 192
69 45
48 160
50 176
11 43
39 65
39 64
89 156
84 144
23 25
22 192
47 194
31 118
76 73
36 31
45 136
97 161
65 139
16 49
89 153
59 67
54 114
43 155
88 69
11 115
18 39
49 194
65 53
16 97
10 92
3 73
44 116
80 176
58 123
72 169
98 106
92 31
54 16
32 19
8 149
91 132
39 63
73 137
95 72
18 199
70 25
5 154
15 197
15 90
61 195
10 113
47 150
98 134
49 103
37 120
37 55
14 45
52 129
50 71
56 141
51 100
78 63
89 165
89 66
26 12
14 77
74 109
97 164
16 42
4 73
30 108
84 146
37 28
62 136
65 112
51 92
2 129
68 130
35 97
55 107
93 93
60 43
9 121
61 146
7 35
67 179
96 88
45 169
26 11
23 91
56 167
3 102
32 108
81 143
82 177
31 21
3 92
50 101
32 116
71 18
56 130
97 123
76 144
37 19
97 68
2 75
91 101
23 33
55 40
89 140
62 70
38 113
56 152
36 111
62 70
22 145
82 165
49 146
51 88
76 163
26 168
65 49
19 89
86 96
34 71
91 160
78 77
30 29
36 10
2 154
70 12
27 164
84 151
46 12
86 135
22 127
63 120
12 152
71 80
34 61
46 22
37 172
92 55
30 162
27 188
75 119
85 179
44 39
94 42
6 190
12 88
65 86
100 19
33 70
50 197
86 184
75 99
17 142
60 146
19 113
5 91
82 118
28 61
19 198
64 178
69 166
83 20
85 133
55 129
23 53
53 72
76 103
65 21
86 148
70 177
31 26
65 180
88 118
92 49
95 87
54 173
71 93
58 41
43 172
10 122
5 31
90 62
97 17
5 103
48 63
31 121
3 121
39 104
66 11
58 53
42 178
67 10
14 154
62 29
51 162
56 37
15 10
40 60
78 35
72 172
81 44
69 164
34 40
30 142
64 56
55 158
52 116
81 156
92 12
71 171
75 25
95 30
7 94
96 15
59 88
12 58
21 21
67 123
88 20
48 126
98 42
49 156
49 130
16 61
6 170
78 129
20 101
61 128
2 61
48 129
6 105
70 27
74 183
15 195
17 171
68 153
37 149
88 162
76 99
15 72
40 176
81 160
34 127
83 98
68 96
58 90
18 182
63 109
11 80
3 90
27 37
72 112
24 156
68 104
88 177
50 199
23 74
55 99
8 86
70 93
46 126
77 95
82 67
3 132
73 57
26 77
55 93
29 44
82 156
56 108
19 18
42 13
49 40
41 105
93 164
43 81
96 120
40 136
12 156
59 174
56 162
33 29
99 87
55 88
55 190
36 139
69 137
16 161
92 10
25 30
1 88
86 40
100 131
18 126
37 88
76 16
25 49
82 187
56 71
6 100
37 44
11 158
51 156
52 51
73 172
29 179
43 60
49 87
80 167
43 191
79 195
25 146
92 172
45 120
9 13
53 16
42 80
25 100
61 131
89 17
18 116
91 109
35 114
55 38
71 179
81 86
77 163
11 49
23 158
18 167
26 173
94 77
48 119
47 183
13 107
14 44
75 175
68 158
42 111
80 42
15 67
96 122
95 166
19 154
21 183
76 111
10 66
50 74
92 119
74 85
98 83
10 100
25 97
13 68
2 78
20 79
7 194
46 60
84 167
12 102
31 105
42 158
56 103
84 184
40 63
88 161
98 112
84 84
39 93
82 133
77 22
37 151
57 193
74 90
28 162
67 109
12 77
93 92
59 92
19 46
98 106
42 13
29 42
55 45
40 174
20 21
87 101
1 93
16 190
41 169
38 126
67 167
45 55
81 165
35 41
74 15
12 123
96 47
50 164
30 22
6 145
67 127
67 82
91 84
1 135
37 96
32 132
24 56
8 20
97 169
88 108
94 82
96 88
77 193
81 161
27 151
81 177
49 11
18 94
10 13
2 13
46 52
65 172
70 60
71 58
45 42
89 185
7 197
59 50
3 84
100 109
94 197
31 128
90 146
74 111
50 111
79 83
91 158
48 150
62 195
75 200
59 192
7 155
70 179
52 174
13 28
48 159
73 126
92 17
4 173
55 152
74 70
33 80
21 113
7 153
71 143
26 106
26 104
44 160
38 74
18 188
73 193
11 177
63 100
79 200
15 79
52 161
52 181
88 165
86 146
42 136
77 184
69 53
68 102
28 20
32 89
67 36
88 10
9 161
23 171
83 23
47 186
89 40
2 194
26 76
57 138
21 59
47 165
77 43
12 62
11 187
21 29
39 134
84 184
63 38
78 160
26 190
53 35
16 122
94 13
45 22
25 54
68 25
25 22
27 17
21 129
17 138
5 31
10 159
98 143
71 59
62 199
7 171
7 108
80 72
60 23
66 171
54 72
1 108
1 77
87 107
30 108
3 10
20 27
77 108
40 13
56 186
64 118
3 92
36 148
33 144
66 184
62 148
8 120
49 167
88 18
86 82
22 90
68 66
30 129
80 92
62 125
31 72
17 61
62 135
20 116
10 111
83 112
43 191
28 62
26 128
85 123
2 171
20 140
71 159
53 122
17 92
100 85
34 140
82 143
53 43
19 54
46 147
29 15
49 28
96 48
87 55
51 47
26 115
17 69
4 65
67 74
86 185
21 152
71 200
77 194
8 139
88 92
67 164
6 135
15 169
33 184
32 118
49 21
51 184
22 179
68 23
52 50
21 151
