800
28487
36 150
56 200
31 59
76 145
63 29
70 88
45 63
77 63
89 189
78 82
98 150
12 192
93 135
17 51
89 13
59 100
24 166
55 128
14 173
73 70
15 181
25 48
93 13
92 184
4 105
49 79
52 131
40 94
32 184
80 48
7 188
20 150
49 185
38 144
9 167
97 21
53 135
13 145
36 121
32 183
19 63
87 59
53 106
7 167
19 102
36 58
95 178
90 176
100 35
19 174
49 43
23 69
66 44
54 161
13 112
23 78
86 200
13 67
22 36
74 178
92 28
41 181
13 183
15 113
1 190
97 122
82 71
44 67
16 60
13 33
70 179
41 27
4 129
99 148
55 180
31 45
56 163
25 174
21 136
23 190
67 115
96 175
59 69
48 164
54 174
83 105
63 146
9 148
27 149
55 89
33 125
18 151
34 191
52 154
87 101
3 38
34 173
64 98
21 21
49 82
64 99
89 100
18 83
99 181
69 147
5 106
42 140
24 80
65 133
39 58
65 74
98 156
93 119
93 96
27 197
12 99
82 72
77 151
100 168
99 23
42 100
12 78
76 198
5 70
10 60
75 78
17 36
4 117
98 12
4 73
85 131
28 40
45 173
33 179
43 96
87 100
86 175
93 113
52 167
77 124
2 101
2 48
8 159
91 74
85 11
57 83
25 162
89 158
13 176
82 184
82 18
73 134
44 144
74 38
3 145
36 126
4 60
90 185
44 129
14 149
54 95
15 141
62 101
12 19
20 24
11 12
48 79
45 30
13 112
42 30
85 68
46 90
21 106
81 17
85 152
69 86
68 199
43 65
15 94
60 60
4 68
83 58
72 148
83 122
50 179
32 179
59 30
58 81
2 110
28 191
100 111
21 199
15 93
58 24
14 131
13 172
60 21
73 94
43 54
77 98
58 74
22 36
91 60
94 81
10 53
91 185
93 33
79 116
81 44
7 163
58 28
38 15
73 164
87 179
77 17
16 149
10 15
48 153
25 46
67 90
80 44
41 35
75 45
53 159
99 81
9 168
61 166
8 177
75 112
8 87
43 52
77 33
73 28
36 172
77 71
60 185
41 61
15 72
11 102
50 121
95 49
16 199
57 26
17 95
82 26
27 39
100 152
85 168
56 89
55 49
96 127
42 42
28 76
82 93
2 168
52 124
17 167
40 40
84 147
50 70
58 155
3 149
87 196
80 76
66 70
77 120
48 53
50 131
57 89
56 166
53 166
32 10
63 88
97 12
28 168
45 43
51 145
97 38
26 68
43 185
83 135
76 100
72 185
97 94
91 164
23 107
71 193
62 50
82 179
22 87
54 107
8 173
65 113
45 13
82 75
40 30
43 163
13 175
59 138
57 126
72 186
15 17
48 116
49 189
88 162
97 14
89 197
25 84
96 155
4 122
28 45
22 194
49 198
76 62
89 199
65 109
38 190
94 67
73 200
59 32
39 160
52 121
90 141
23 110
11 95
35 25
74 67
34 75
74 120
98 170
9 91
3 37
8 29
89 194
36 168
86 46
26 60
77 75
75 175
35 61
89 142
55 167
99 95
97 156
7 154
31 157
61 165
99 97
56 189
41 191
57 41
91 56
30 144
9 42
32 24
100 171
98 75
35 136
44 46
86 102
82 16
5 158
48 141
6 137
46 30
98 92
99 196
96 114
99 20
28 175
85 38
81 151
47 97
61 49
11 114
79 26
53 54
27 168
58 95
3 125
65 43
18 185
21 128
49 183
74 175
30 35
52 37
15 38
62 30
37 76
25 35
18 54
57 69
86 196
14 140
71 185
9 198
32 174
7 70
34 87
48 100
11 147
45 149
71 99
44 176
67 127
97 96
24 20
9 128
81 97
98 57
90 94
67 194
99 75
29 172
65 15
76 181
17 55
77 112
54 54
48 135
58 158
51 152
32 120
99 10
59 171
89 109
12 81
68 15
32 63
99 42
14 121
5 174
23 43
100 191
10 26
46 56
14 67
57 187
79 168
19 77
88 115
77 79
59 127
12 95
15 144
46 67
32 121
65 89
63 117
49 179
74 47
11 39
55 24
22 27
10 18
84 12
18 60
93 69
91 184
73 63
86 120
82 26
94 85
82 162
90 165
31 198
25 142
78 55
15 190
92 34
41 99
86 124
96 173
14 95
3 52
88 160
19 138
2 62
49 71
47 171
3 64
3 168
87 119
39 115
75 115
6 177
36 60
50 146
63 40
87 107
89 156
9 84
58 10
59 87
83 10
2 124
83 188
2 110
20 123
6 12
66 195
63 89
48 25
15 20
1 49
23 137
36 86
46 128
70 62
83 22
92 145
95 112
2 149
68 73
75 139
6 69
19 133
51 181
58 140
16 84
66 81
13 113
92 137
76 131
35 187
76 195
74 198
40 197
54 48
17 140
39 63
52 121
76 33
71 98
96 54
98 196
70 196
13 183
51 29
38 145
54 52
43 75
12 38
54 27
46 135
100 49
27 57
42 84
42 30
36 155
55 132
22 169
51 154
52 130
19 66
96 61
5 171
5 44
3 43
96 23
11 123
21 43
76 139
32 91
21 62
64 111
77 121
13 94
89 167
10 61
98 39
89 185
10 124
45 161
53 92
78 193
83 159
36 185
93 61
37 110
67 94
39 161
45 123
93 66
9 107
12 186
54 191
44 17
55 130
38 54
33 153
90 126
1 109
12 148
91 131
14 85
32 105
73 26
42 160
56 181
35 134
5 160
92 117
86 77
6 143
19 200
98 94
87 62
66 119
71 131
82 35
63 142
31 130
32 66
11 139
31 126
28 161
38 174
22 102
2 17
100 15
20 131
61 116
89 86
30 60
85 154
64 135
11 162
97 83
66 123
92 131
87 186
72 169
29 92
38 20
3 170
17 41
58 122
41 34
51 193
39 63
66 106
62 193
23 178
56 13
100 188
53 93
27 125
53 119
44 151
77 95
44 149
30 93
94 197
53 141
44 19
5 128
99 65
64 182
89 159
93 127
32 129
94 94
15 60
76 143
50 72
93 179
40 118
42 85
29 129
84 144
1 17
37 54
74 50
4 56
31 25
40 115
89 104
62 176
5 156
77 145
82 128
20 118
38 62
89 179
84 191
1 73
73 185
96 168
65 34
52 87
5 198
46 154
89 38
19 145
97 31
80 55
95 52
42 181
90 19
44 33
10 52
53 27
61 59
15 80
97 157
42 144
5 107
79 51
71 162
28 145
88 35
42 70
19 84
46 83
77 27
73 69
88 121
4 170
49 75
33 148
68 58
5 124
70 79
7 79
17 37
3 12
65 132
47 26
100 56
1 166
37 70
7 77
54 97
50 136
9 184
4 13
63 118
55 86
96 39
9 143
46 183
62 182
82 93
82 80
51 40
4 45
40 134
54 20
13 157
81 25
23 29
17 37
8 109
62 12
38 75
66 60
11 83
45 37
82 154
68 152
81 176
54 163
73 68
30 94
81 105
20 41
60 190
86 190
32 134
86 28
35 100
80 79
54 123
49 92
100 112
76 108
40 167
97 47
67 117
35 123
19 20
3 198
76 32
62 122
63 117
100 65
12 43
78 37
71 113
14 106
17 40
85 22
36 39
1 56
37 125
39 109
89 200
46 189
