400
14097
23 111
44 183
71 17
23 139
15 133
17 148
4 119
11 14
79 175
89 83
93 189
5 138
71 173
55 132
56 69
43 73
45 23
12 23
99 155
75 186
66 72
72 20
11 68
4 189
9 94
45 120
11 45
23 178
20 98
78 47
64 166
54 174
75 83
67 157
76 46
5 183
49 133
77 13
73 84
55 149
61 139
57 100
85 47
67 53
1 16
83 36
82 76
38 143
89 113
51 198
50 33
79 132
30 154
21 127
74 79
31 149
78 200
27 55
27 192
62 35
71 134
86 13
23 27
85 25
78 80
73 139
6 59
97 140
9 16
95 105
99 26
40 181
81 195
36 58
95 127
23 14
64 31
78 159
48 107
17 73
12 49
41 199
56 16
69 44
31 199
66 72
41 76
29 117
82 161
29 33
99 151
83 195
39 96
88 33
72 36
51 123
59 149
65 142
18 181
45 169
33 187
87 160
56 102
82 162
84 43
94 35
30 55
86 131
81 82
1 189
41 148
100 99
32 106
74 58
55 114
41 81
64 181
86 22
40 136
87 187
21 27
85 122
54 111
11 181
5 76
75 71
55 47
69 197
88 127
9 29
97 125
15 15
32 82
82 200
48 44
16 129
94 193
36 129
36 89
59 158
6 110
21 119
65 195
76 94
49 197
21 122
15 70
40 101
26 65
83 122
37 83
58 26
34 145
18 183
23 30
76 20
19 87
87 164
7 26
69 132
85 162
48 24
89 127
29 157
69 147
16 71
55 132
76 184
64 53
90 161
60 19
44 35
28 73
89 125
20 139
68 185
14 129
100 153
24 49
54 160
44 191
34 150
45 189
8 13
100 145
89 81
65 176
92 135
71 126
59 41
92 57
9 125
60 131
21 121
56 26
23 128
52 53
52 171
4 107
97 45
33 87
17 198
34 25
91 81
7 125
37 119
100 77
10 70
31 101
63 195
11 15
41 104
42 172
72 171
53 26
72 151
66 62
68 130
13 195
60 140
78 84
78 123
68 200
30 128
64 69
24 116
54 108
38 139
68 194
23 125
62 47
41 167
21 199
47 164
87 49
61 104
27 78
4 104
23 103
62 114
74 97
16 149
86 129
78 167
27 139
97 102
87 25
51 162
3 181
34 67
49 133
1 158
11 94
73 96
75 14
16 104
80 58
84 65
37 86
30 79
23 184
3 186
61 139
51 55
41 69
38 77
79 174
22 76
77 58
90 199
80 139
36 193
35 98
58 163
6 36
33 79
2 116
7 79
93 40
23 20
78 152
95 164
3 172
8 93
30 165
32 197
47 44
100 138
28 182
63 32
89 42
6 78
23 76
1 191
34 126
23 57
43 112
60 134
63 99
66 94
58 63
26 140
11 14
61 115
96 141
49 115
67 119
65 143
1 21
51 113
38 52
81 146
64 73
36 102
72 25
31 96
58 43
32 74
55 98
76 22
2 130
90 68
75 76
84 176
74 96
77 106
94 129
14 151
76 10
5 91
71 181
48 11
13 140
78 165
7 154
62 89
26 59
99 97
25 118
50 65
55 97
13 173
52 157
1 118
62 91
92 188
73 110
76 118
73 85
8 166
68 69
52 35
26 10
11 55
23 193
81 33
2 46
92 36
24 184
68 117
82 143
25 19
22 51
61 63
85 40
73 33
35 34
71 100
2 14
85 180
32 99
26 115
74 47
20 132
78 38
31 112
54 46
42 124
15 80
41 88
27 78
40 83
42 26
16 54
39 46
69 162
27 55
26 25
6 95
72 92
100 21
63 133
7 21
86 156
61 135
21 23
94 66
47 198
93 117
57 87
