400
14047
67 198
11 115
97 84
23 75
56 112
88 153
82 77
3 27
7 95
12 68
78 41
96 164
38 54
59 50
32 101
24 165
40 45
12 159
1 60
41 56
65 168
42 54
39 116
80 181
56 145
39 65
41 18
38 109
76 117
6 13
34 41
20 106
16 14
29 181
69 189
12 118
59 84
5 35
60 194
40 152
29 39
69 155
100 175
74 100
59 180
97 179
28 24
9 55
32 105
54 177
21 184
48 58
58 195
10 168
47 175
64 104
2 144
68 186
84 91
81 182
35 140
60 145
63 185
51 83
53 34
65 64
25 161
75 127
94 173
32 142
43 11
89 30
94 29
11 130
32 106
10 59
28 95
67 127
79 97
13 102
50 125
7 94
87 77
27 92
53 136
27 114
12 48
16 109
74 13
19 97
44 162
6 170
33 82
24 28
87 74
83 97
97 21
59 200
28 188
53 142
81 84
33 21
90 21
4 174
3 27
22 89
53 104
70 76
1 95
38 86
40 60
98 90
20 90
49 89
9 174
95 118
16 49
63 148
27 49
91 103
62 58
85 159
60 23
15 180
83 104
5 137
19 192
27 121
66 87
51 166
46 48
93 33
1 104
54 170
88 123
4 77
14 198
41 125
93 146
76 192
64 168
80 79
12 84
66 148
25 126
25 153
66 111
54 40
8 123
17 199
68 74
97 53
59 180
99 79
25 199
5 172
52 161
73 99
16 176
87 154
74 52
46 74
60 16
40 172
46 164
44 120
45 127
76 52
20 40
59 54
21 26
22 25
61 164
21 193
21 87
96 173
70 171
73 69
75 127
40 109
90 42
8 168
58 31
55 39
13 80
92 109
41 72
53 47
47 95
87 10
24 167
52 141
64 186
6 100
99 86
42 41
80 83
20 181
21 110
98 61
63 46
41 151
67 71
18 120
39 193
38 105
24 64
94 54
72 70
82 11
91 37
96 40
52 121
92 84
57 126
90 156
93 89
75 171
97 61
17 149
23 163
46 71
46 105
19 130
56 93
65 54
100 26
85 140
34 58
41 198
77 62
93 132
63 173
70 23
57 199
54 96
22 130
68 178
44 70
82 144
73 111
68 51
29 151
70 78
71 190
9 113
71 54
41 90
84 131
47 191
76 26
66 111
25 74
57 90
38 27
38 97
26 121
70 157
93 29
58 120
24 50
19 54
50 148
4 42
78 67
24 196
84 161
91 80
15 106
44 124
25 71
5 57
83 67
74 90
13 153
37 20
89 60
50 46
93 148
4 77
13 75
36 87
77 15
36 25
46 185
45 170
27 37
79 196
7 151
45 133
11 95
36 21
93 181
48 47
53 65
96 16
87 110
68 137
96 26
84 106
21 105
58 194
12 24
60 182
41 16
100 35
42 121
50 184
17 33
50 171
63 84
95 184
90 133
51 197
75 108
7 149
14 64
69 117
54 124
31 108
15 149
80 76
23 26
92 30
81 23
57 158
2 165
81 134
1 24
75 122
12 142
16 112
95 174
49 134
61 12
55 199
5 58
59 15
97 64
10 147
68 123
6 86
60 129
37 29
81 156
67 30
96 111
10 72
4 161
74 31
46 32
19 152
6 194
51 26
98 36
30 97
13 41
97 132
66 140
71 162
90 11
78 118
65 185
71 195
17 114
15 84
69 42
93 115
69 78
48 79
55 92
65 195
12 93
21 52
13 139
74 73
3 133
40 119
21 63
54 40
73 85
68 189
10 134
49 153
46 171
55 167
85 83
48 168
20 30
42 188
42 56
53 13
48 28
35 30
69 172
23 137
88 167
49 199
29 77
79 19
