400
13742
28 95
99 55
23 119
36 195
41 39
58 165
3 45
64 164
72 60
71 35
66 197
50 127
20 106
21 12
35 129
62 107
82 50
81 136
19 169
44 124
54 134
15 49
49 73
45 143
9 199
74 68
28 39
70 64
56 121
60 39
47 55
45 193
14 95
17 167
97 27
96 134
9 50
76 194
20 166
71 65
62 175
72 146
26 65
46 28
77 171
55 31
79 159
57 84
84 169
76 109
34 113
19 113
3 162
2 52
51 27
21 167
26 45
53 166
71 44
53 175
12 87
52 61
94 70
74 180
8 176
12 193
1 151
15 50
68 154
76 153
4 123
23 49
51 160
25 188
29 157
38 134
35 186
34 165
9 123
57 57
47 171
85 177
100 195
51 58
64 108
19 136
78 77
2 87
84 172
82 33
79 182
49 119
87 171
28 105
96 172
87 69
54 200
51 169
8 13
8 17
99 10
36 182
68 134
57 96
94 11
78 113
92 156
52 175
56 133
59 101
66 12
31 66
46 59
73 52
55 189
15 75
24 75
45 14
34 67
85 121
41 84
37 139
77 124
60 143
53 131
10 140
92 130
98 79
32 51
95 84
1 58
43 187
59 77
31 158
35 194
21 196
35 21
56 18
57 17
42 43
46 148
39 59
3 54
25 34
60 134
36 102
65 35
89 134
93 63
88 13
62 27
47 126
28 75
51 156
3 144
58 36
91 153
97 109
29 98
58 103
23 59
55 100
42 11
20 115
9 67
79 83
35 185
97 145
3 114
98 133
2 107
59 40
15 169
8 11
9 117
62 82
89 10
21 164
69 40
3 83
91 70
91 65
8 18
39 78
98 120
10 26
84 35
20 66
8 48
48 19
51 142
23 159
86 130
71 65
86 152
91 51
57 106
7 148
26 32
56 137
22 190
17 106
78 58
43 26
55 26
81 87
61 120
81 149
5 163
64 125
43 166
11 96
62 38
67 75
100 24
97 28
6 139
76 128
33 185
80 60
83 29
100 92
14 195
54 115
72 81
17 14
4 154
91 173
40 49
51 77
34 102
34 81
52 126
86 48
66 144
40 150
47 140
27 73
2 104
95 25
23 79
55 163
93 140
95 29
9 48
51 149
58 93
83 109
12 121
34 146
74 15
8 59
31 198
7 186
21 57
35 40
58 198
25 153
39 72
2 57
18 168
68 46
27 119
33 107
60 18
45 93
69 42
48 90
91 175
71 104
37 165
70 16
95 92
32 93
69 174
84 157
57 175
87 106
22 131
46 11
8 108
64 93
87 109
20 63
3 76
96 41
89 18
20 31
3 138
42 130
87 39
36 110
3 171
87 123
11 38
52 158
3 99
39 17
14 111
80 70
64 29
19 72
68 50
38 121
35 15
98 82
12 18
3 51
40 198
29 186
17 133
19 37
71 32
40 43
84 173
100 21
97 99
63 133
39 195
100 83
36 160
10 64
100 10
52 181
6 184
73 142
46 10
32 27
47 116
76 42
96 55
61 10
99 105
8 26
37 138
29 24
62 110
58 90
19 165
50 175
15 129
77 78
26 76
27 104
42 174
50 100
6 112
66 52
6 102
80 105
5 103
8 12
61 116
65 101
16 135
87 134
11 57
25 185
95 17
42 187
7 104
11 161
34 113
41 59
92 111
81 61
6 179
29 93
74 11
88 112
32 46
94 91
95 19
33 108
7 57
29 129
27 143
46 39
46 189
41 147
87 136
37 103
77 184
28 184
94 22
70 15
11 21
20 86
78 53
92 172
91 123
73 11
13 52
61 88
57 198
44 33
32 185
89 51
58 174
60 125
