400
13471
56 194
15 62
9 172
41 169
24 37
5 15
53 69
1 182
68 32
11 23
70 31
55 163
38 188
74 54
6 32
23 58
80 191
91 52
41 157
37 75
10 28
77 121
11 95
52 40
13 84
53 187
6 177
71 19
99 108
65 172
10 46
44 50
6 130
77 65
1 47
31 183
88 127
84 141
10 44
17 97
36 133
10 29
50 16
50 118
30 59
87 29
44 56
87 22
87 22
28 160
81 86
76 126
29 196
91 157
24 148
87 18
15 17
17 58
9 118
56 77
47 169
43 142
90 39
62 77
43 66
22 142
50 76
66 22
34 135
40 153
22 22
28 165
72 111
42 140
90 145
53 160
44 97
30 46
69 30
22 124
12 132
78 27
28 116
79 197
84 60
64 45
95 199
92 58
45 144
65 128
54 145
73 153
94 135
100 173
68 173
94 116
2 116
45 12
59 100
33 93
66 153
60 104
33 44
9 129
90 82
57 54
65 77
31 140
53 103
2 170
39 58
95 20
11 141
47 44
20 147
21 84
16 73
61 139
17 170
13 19
73 128
37 148
21 124
39 34
15 167
53 26
34 125
27 174
55 96
2 34
27 157
62 176
46 132
66 22
57 81
48 177
4 127
31 30
100 188
56 50
65 13
78 106
15 70
66 56
60 165
92 49
81 123
24 80
81 137
62 117
39 132
13 186
46 181
7 28
71 181
46 124
74 137
86 195
4 78
19 102
62 126
19 16
7 138
66 192
87 175
7 188
29 54
86 13
71 92
13 138
21 57
71 83
4 159
19 106
96 197
78 22
71 14
99 160
38 193
55 127
4 23
9 129
79 67
85 82
91 27
91 158
54 73
86 95
53 200
24 68
20 69
45 183
46 135
42 182
89 69
97 55
71 121
59 116
85 100
4 77
41 196
96 134
9 40
80 159
3 53
11 12
69 39
56 43
28 147
84 141
73 156
48 178
59 22
69 101
60 60
94 188
30 24
83 70
36 118
6 60
16 77
29 148
65 143
66 49
94 171
92 71
13 65
35 142
90 127
56 71
54 120
17 138
45 169
12 145
1 42
68 81
29 78
26 72
99 90
46 194
56 198
24 147
93 100
54 21
73 124
33 27
79 155
39 81
30 24
10 195
51 83
91 85
96 101
30 116
8 177
28 129
88 195
63 171
4 124
93 99
16 151
48 151
93 136
3 39
4 151
57 71
100 49
44 115
34 170
11 75
28 150
71 149
6 31
7 176
29 139
13 114
60 187
31 127
88 71
39 67
71 19
23 43
82 29
61 124
9 22
69 190
75 130
75 85
57 104
33 155
28 178
62 173
90 61
82 175
30 127
54 104
57 105
36 166
20 129
2 88
28 83
97 70
12 76
11 38
75 73
12 151
56 187
51 172
70 172
76 92
10 111
54 172
43 54
99 60
64 48
9 194
83 151
76 57
40 151
1 165
47 191
6 37
81 178
61 114
45 165
6 199
43 97
53 64
25 56
33 155
48 114
17 71
78 78
39 170
75 14
14 196
40 179
10 44
42 172
7 93
76 24
35 100
78 14
15 149
68 199
79 91
11 66
49 24
27 70
72 131
49 163
15 117
34 123
78 27
97 44
33 24
43 79
2 118
60 11
74 136
91 172
11 110
40 73
64 144
30 130
79 33
95 98
25 196
27 62
94 46
20 101
75 174
74 189
19 157
97 155
94 102
42 183
25 187
74 54
98 94
14 61
89 193
60 67
39 68
41 66
26 66
83 41
45 121
46 121
39 90
85 149
8 49
9 137
29 36
33 92
54 22
62 145
28 98
2 11
47 38
