400
13363
30 109
27 131
8 163
51 92
72 164
59 93
82 136
60 137
25 24
44 114
92 93
88 93
96 159
29 82
83 33
21 126
83 52
31 193
35 192
20 192
58 74
58 97
28 44
69 164
80 172
87 27
54 150
87 89
62 173
28 110
84 110
5 197
16 123
38 127
53 46
26 14
63 69
78 43
65 99
83 111
32 63
26 136
79 27
74 104
32 47
43 144
37 46
89 93
29 28
54 199
37 192
36 196
47 167
96 65
59 14
21 194
82 15
90 73
41 144
89 53
83 26
16 187
6 142
5 193
78 74
14 166
24 69
7 110
96 40
77 158
47 164
13 154
40 40
74 198
41 60
21 183
1 170
26 184
82 27
26 198
9 111
66 170
18 192
59 137
15 81
1 136
57 16
87 158
3 74
72 164
42 83
22 48
3 13
99 195
6 10
31 33
57 25
14 151
1 151
97 138
42 147
14 120
95 19
72 100
34 88
3 46
11 160
6 19
10 127
72 176
73 182
8 150
55 163
94 135
85 32
42 108
40 62
67 134
35 165
57 71
72 183
82 114
44 136
61 64
19 165
58 72
73 80
40 180
11 71
97 191
62 20
96 69
13 85
78 37
64 88
70 181
34 188
77 125
3 152
41 103
34 145
76 104
12 118
26 43
3 20
30 122
95 184
16 53
7 86
80 95
48 47
6 21
58 188
19 119
30 129
85 124
87 125
73 13
67 128
93 176
27 90
28 152
13 157
34 85
29 16
93 167
40 11
80 150
33 178
93 150
77 146
96 154
24 61
13 37
28 66
40 11
72 128
96 21
44 143
80 68
48 48
77 108
7 189
31 172
70 76
79 13
6 95
63 175
84 159
63 85
62 105
72 149
51 122
8 21
45 107
40 49
22 105
25 119
11 52
41 167
63 190
88 188
19 52
37 93
36 73
37 57
76 43
66 126
52 127
33 66
85 98
33 191
2 193
21 21
3 138
18 53
85 144
28 101
45 99
51 28
10 120
47 91
1 188
28 56
49 23
24 128
12 87
20 177
62 124
37 12
64 55
85 13
83 169
78 90
58 106
96 92
89 12
5 45
65 27
83 154
30 162
20 35
74 182
20 37
6 60
12 146
70 28
33 184
100 76
95 121
61 115
32 103
97 174
33 44
95 111
51 133
90 132
29 79
34 160
73 27
3 42
51 156
1 179
87 77
99 32
15 100
95 99
65 115
42 193
28 85
7 171
64 112
36 131
12 17
30 146
4 16
1 159
19 100
66 95
32 124
13 164
100 179
11 144
59 133
60 49
31 121
28 81
64 52
58 68
48 30
28 29
30 29
60 95
47 10
86 146
46 92
100 49
73 185
70 188
9 63
7 10
50 162
95 113
38 128
15 136
8 85
30 32
70 111
73 58
36 179
81 41
4 194
23 97
100 186
12 187
47 192
61 48
92 92
100 11
45 30
83 61
3 95
63 20
7 193
7 147
77 62
18 71
83 23
28 135
58 172
43 30
16 171
70 30
44 81
4 52
71 136
22 20
44 18
28 140
43 47
18 147
62 108
69 178
36 187
58 87
57 121
95 71
71 68
4 198
67 131
93 146
76 88
2 39
70 184
36 22
1 10
4 42
16 117
21 183
71 45
61 140
42 125
6 71
56 110
56 117
37 27
16 159
75 16
46 103
3 23
93 73
39 73
23 15
12 127
4 124
99 48
29 137
43 143
73 94
99 200
53 28
100 151
54 11
8 110
40 96
55 86
81 183
95 123
45 12
24 129
67 36
86 193
36 189
22 197
20 11
83 44
7 89
68 12
73 22
42 162
