400
14732
29 43
59 174
63 44
24 172
31 162
88 165
71 154
32 54
28 187
17 117
32 56
100 148
41 156
38 177
42 112
20 35
71 96
60 124
48 89
14 182
1 194
96 120
54 116
84 131
5 127
57 195
36 166
83 167
77 58
24 196
99 185
75 54
87 53
99 114
91 43
70 93
22 120
74 190
50 57
98 72
41 63
43 68
80 132
35 73
84 167
98 83
51 55
95 61
68 97
56 176
76 92
70 83
45 177
6 104
17 23
94 32
30 126
92 27
93 46
2 144
65 59
67 99
89 79
88 85
64 52
42 155
94 117
18 120
58 17
68 68
82 148
46 78
95 43
60 162
94 96
69 149
24 164
71 143
96 192
78 96
67 67
50 73
76 173
42 11
21 200
43 28
78 107
10 12
91 105
57 132
91 71
100 80
48 162
44 101
81 165
35 87
99 91
4 180
19 87
38 166
69 94
93 82
29 98
39 28
40 20
77 199
97 133
19 110
100 140
54 56
91 101
31 87
60 125
35 40
57 193
61 103
45 122
18 35
44 26
26 188
59 122
97 191
17 101
98 61
50 36
59 75
47 141
43 178
96 24
55 168
24 47
54 154
2 40
88 106
72 28
36 155
20 70
84 118
47 10
76 16
11 122
55 42
69 24
66 57
15 82
70 18
56 184
36 142
31 35
56 12
50 156
67 35
99 101
70 48
47 127
86 60
23 156
39 26
23 143
88 137
25 15
77 61
91 129
23 114
63 143
38 163
16 59
95 141
58 155
45 108
26 140
21 16
36 147
56 123
57 182
71 90
32 68
9 22
8 37
5 152
94 200
88 82
23 117
54 151
17 30
5 132
99 110
98 26
40 172
65 66
57 182
89 77
44 136
59 52
59 108
55 129
85 14
28 82
11 95
96 46
62 72
23 193
58 199
67 175
91 88
96 29
89 151
75 180
42 56
55 172
44 188
4 82
83 80
75 181
75 10
90 65
35 35
85 20
13 63
17 197
99 200
16 54
73 12
27 39
57 11
13 162
81 21
39 140
21 27
26 152
4 43
95 145
63 12
28 62
50 87
28 137
96 112
88 102
32 182
23 129
16 199
38 10
14 60
68 115
35 92
43 75
10 183
77 101
79 99
61 102
55 173
10 131
66 56
46 53
72 199
92 190
88 38
12 54
16 67
10 182
61 138
88 107
18 70
99 48
68 32
84 89
58 180
8 193
74 28
53 152
47 91
91 57
6 73
16 146
35 184
53 66
54 162
60 179
64 85
52 44
7 39
81 46
43 23
75 77
32 62
84 63
46 169
50 126
83 178
54 42
32 172
34 92
77 82
88 66
44 159
67 159
44 140
28 105
77 87
20 92
80 28
84 79
69 115
12 17
9 67
2 146
61 165
86 166
20 43
21 137
70 31
54 146
52 88
53 176
4 150
25 96
1 189
58 189
24 137
42 124
39 123
57 46
44 173
15 36
86 199
75 193
77 79
36 122
32 48
32 136
60 146
27 194
47 134
33 152
13 80
38 27
59 138
20 81
84 134
36 176
12 64
75 125
44 159
7 75
92 200
25 33
51 22
88 194
2 193
46 93
41 19
2 158
54 88
71 120
74 56
36 117
48 199
55 199
58 176
74 192
71 121
49 38
54 87
10 193
57 77
19 13
8 159
19 159
38 158
81 39
51 143
11 77
73 24
61 94
97 183
40 19
45 157
98 39
84 74
45 111
23 192
48 15
33 111
99 100
3 126
18 81
36 41
15 41
79 80
96 51
54 109
57 157
65 78
86 129
73 43
57 170
47 181
75 200
52 145
15 102
