400
13904
13 182
40 187
84 31
8 87
12 25
14 187
6 10
16 69
21 46
7 179
93 12
36 199
93 136
38 189
89 170
67 200
87 184
92 46
79 66
42 114
34 110
12 120
29 89
81 57
81 135
13 168
35 53
4 25
3 53
45 29
34 133
71 125
89 139
50 72
87 134
98 52
37 108
62 89
90 87
59 180
85 159
90 95
93 122
79 37
98 17
26 44
71 122
10 186
34 15
47 120
62 100
36 108
76 100
21 137
47 184
55 14
87 180
94 122
92 94
54 142
2 82
77 138
38 66
54 198
31 126
76 60
12 45
99 105
63 25
83 66
98 37
28 122
30 167
74 141
96 62
28 61
48 81
7 110
8 17
53 175
52 158
30 19
81 32
66 12
46 172
13 165
26 108
13 151
70 127
73 170
2 169
11 185
93 39
60 26
26 192
33 142
84 133
3 87
28 143
66 98
24 98
10 194
1 163
57 112
2 110
4 61
62 15
97 185
87 10
84 21
41 128
32 121
82 154
18 154
48 125
79 23
29 84
47 132
91 151
13 141
13 199
83 154
75 199
65 55
42 22
6 20
60 90
15 186
90 188
20 157
96 84
96 39
47 58
47 135
33 167
47 197
27 194
41 98
92 175
49 45
52 14
64 43
97 64
34 103
80 147
81 83
45 22
68 176
4 105
34 155
9 123
3 160
1 40
96 143
2 162
41 181
20 72
47 34
40 59
71 196
47 15
81 186
52 29
15 190
85 164
14 108
84 23
88 44
92 134
96 31
35 128
59 194
28 96
82 94
19 79
11 79
31 85
99 195
63 95
21 180
31 159
44 91
50 153
6 42
79 89
26 164
28 157
39 171
21 132
32 44
89 75
12 126
92 81
78 79
11 193
90 57
60 86
16 182
26 136
14 115
66 59
91 177
27 182
9 110
29 144
50 151
13 145
5 69
2 125
2 183
71 163
93 57
64 154
39 106
70 16
34 179
26 125
49 175
46 141
79 179
4 64
32 47
67 129
80 122
10 199
47 49
95 71
66 111
41 116
37 198
50 17
79 21
38 144
41 140
53 77
7 71
1 54
34 135
29 31
13 196
8 119
40 56
7 168
8 69
89 177
32 134
17 28
34 196
58 153
51 84
25 88
90 31
63 84
83 57
10 33
72 113
71 100
96 24
86 185
25 113
44 145
59 109
43 67
59 175
84 81
69 100
28 28
28 13
59 104
54 24
57 182
68 199
10 116
67 53
96 135
79 118
82 155
61 155
64 82
45 145
57 11
97 197
57 13
11 124
20 110
45 158
96 49
84 16
86 44
58 61
10 67
75 160
54 17
9 192
79 157
81 55
56 143
37 38
11 105
81 165
36 34
11 29
57 172
47 141
41 132
64 23
89 183
60 153
100 143
5 134
65 66
90 31
24 157
35 184
28 39
19 69
43 106
96 23
30 26
82 182
93 145
72 46
39 102
60 68
79 131
22 148
40 169
69 135
96 183
6 168
42 37
2 199
71 81
33 40
9 69
5 21
45 175
79 11
33 198
21 45
92 86
10 13
42 143
94 152
55 29
11 199
17 132
89 65
89 91
37 17
62 125
99 171
63 130
83 196
16 178
98 128
19 167
44 167
62 199
31 60
82 19
21 66
96 18
75 145
7 159
58 83
91 126
32 193
57 117
88 119
61 126
42 88
39 197
47 127
88 122
19 148
46 81
23 136
21 72
72 23
74 11
38 49
22 53
54 55
39 89
75 92
19 101
39 10
72 168
43 130
4 48
52 98
85 66
24 147
77 39
68 19
32 32
26 58
77 137
38 119
