400
13925
92 83
13 156
62 193
6 182
23 34
71 15
3 21
98 161
18 125
34 31
19 67
38 174
13 99
98 196
32 130
25 85
69 151
18 11
24 91
96 74
63 100
97 26
46 178
85 156
45 126
66 172
8 103
36 152
58 145
48 85
92 183
11 151
84 186
67 121
100 75
92 68
8 27
76 96
39 137
79 48
47 23
1 46
70 198
4 13
65 45
13 16
63 44
12 50
67 73
8 135
75 108
94 122
4 12
42 150
60 156
31 81
72 32
26 22
5 176
72 129
21 129
10 176
39 52
76 26
5 196
82 11
22 17
38 68
38 168
36 94
75 60
52 172
98 97
9 120
42 114
14 61
46 154
57 31
10 129
81 151
90 35
88 124
21 85
39 132
18 50
89 73
39 127
48 146
78 64
72 169
19 152
86 58
57 188
89 46
17 34
94 83
40 32
19 74
72 12
97 113
86 57
44 125
65 66
72 86
87 109
51 52
90 53
49 138
81 156
36 162
85 66
77 129
21 138
15 102
53 153
91 181
100 15
46 84
87 26
34 133
1 14
5 128
97 150
9 51
73 67
100 89
96 199
69 90
50 112
85 60
75 183
27 148
44 196
73 18
100 91
28 17
64 32
9 11
70 127
30 74
84 42
95 197
42 52
9 177
94 132
41 37
80 32
82 162
20 109
40 145
88 72
13 144
4 24
1 17
92 135
72 17
37 71
81 18
5 160
44 90
52 99
11 65
39 150
100 76
64 96
39 148
30 84
7 121
26 193
11 200
84 133
6 200
43 147
67 198
33 61
77 167
37 10
56 138
91 46
85 40
35 126
52 68
94 88
49 171
54 84
37 145
66 33
50 77
29 121
6 163
38 175
93 127
30 184
64 85
84 157
41 145
40 71
1 13
8 18
62 181
59 137
16 179
34 169
77 160
19 135
54 189
81 109
33 71
48 68
55 136
52 81
14 161
25 25
73 124
28 22
86 107
23 166
33 77
10 88
51 71
6 195
26 131
96 191
43 27
71 130
64 189
98 148
85 31
4 20
78 108
64 146
18 115
2 16
26 154
11 151
34 73
87 135
20 86
83 185
65 48
91 66
26 159
18 115
51 82
56 163
86 176
20 125
13 173
17 198
31 37
92 116
16 73
95 54
29 191
52 90
19 176
20 71
46 169
18 45
70 83
53 164
93 29
91 151
99 139
42 115
20 14
5 147
26 200
82 198
23 59
34 38
6 200
15 152
71 110
80 41
90 120
66 58
72 192
62 32
52 65
28 95
86 66
32 147
52 182
11 158
27 35
37 165
17 53
67 28
38 188
28 59
41 126
96 119
45 64
74 75
80 39
20 48
12 137
39 178
54 105
88 194
61 171
80 161
63 179
2 116
41 65
28 101
13 84
80 60
44 39
92 190
74 58
11 30
92 187
98 159
85 174
5 153
75 68
58 122
98 65
54 53
59 147
96 106
92 30
30 106
97 149
32 135
63 198
83 100
38 146
32 77
91 134
36 131
51 70
95 140
79 183
39 26
7 127
44 34
90 156
43 199
98 98
1 79
38 52
91 173
31 39
30 51
41 161
27 73
2 72
30 36
9 177
11 22
53 48
25 28
25 140
41 121
3 31
87 26
80 189
39 131
66 192
83 148
20 97
44 145
27 66
80 122
18 88
15 154
51 156
20 189
2 103
87 47
4 11
66 114
55 198
86 104
40 91
90 44
53 143
22 66
77 18
46 19
29 115
16 65
42 24
28 57
38 31
27 100
45 42
60 173
19 96
53 65
29 184
83 164
2 85
64 150
67 149
92 20
67 158
