400
13813
87 141
48 117
93 68
27 174
73 143
72 79
75 39
17 39
86 134
16 58
89 63
91 129
83 186
80 154
63 196
99 52
37 121
14 91
88 181
88 179
64 165
2 106
87 188
79 69
13 139
8 114
61 160
97 183
54 63
5 60
58 110
37 137
72 26
2 116
65 69
10 33
26 10
27 142
75 165
100 138
24 88
52 114
17 144
31 88
58 28
19 21
64 121
54 146
26 58
95 117
53 101
18 93
72 92
72 183
74 172
39 139
96 72
36 64
54 107
51 16
93 149
51 60
95 135
72 176
92 186
46 139
67 79
93 35
29 189
32 29
60 93
34 80
4 174
60 198
42 156
69 170
97 107
6 198
34 77
7 19
38 24
73 125
54 78
13 118
15 110
11 35
16 106
59 168
99 116
84 141
95 196
24 76
58 171
88 76
96 159
4 189
1 70
24 118
45 55
44 154
43 140
90 104
52 165
92 37
67 109
72 70
61 39
51 21
77 75
79 114
74 74
3 61
85 13
56 14
46 197
28 102
5 189
83 72
44 166
44 110
37 174
73 136
80 125
56 157
30 91
24 97
22 64
88 83
29 125
90 114
30 33
23 83
83 45
12 55
13 125
92 18
70 96
3 164
69 91
76 21
88 12
73 69
11 143
80 151
91 102
74 85
71 10
36 109
33 67
71 97
36 94
90 96
95 131
61 99
69 43
59 119
36 140
20 178
33 52
11 147
90 29
18 60
75 111
15 190
98 107
14 149
89 85
69 134
28 66
39 153
20 65
16 105
42 175
6 158
73 38
30 74
68 137
49 141
54 170
25 153
4 15
27 114
23 103
22 57
33 170
85 173
4 139
2 164
29 117
21 54
27 76
11 67
16 13
26 131
2 100
91 33
69 101
30 47
79 16
79 149
76 115
42 44
10 19
61 150
1 27
68 198
94 113
76 185
11 32
84 161
13 96
22 173
5 118
57 22
23 95
58 157
11 179
42 81
64 90
9 196
71 68
23 144
4 79
25 87
20 145
32 197
90 177
98 176
33 113
65 159
32 51
24 33
63 29
88 166
91 77
81 38
35 184
56 90
35 163
86 13
19 125
81 68
8 87
44 54
87 181
28 134
95 88
1 131
44 167
79 200
33 83
98 194
59 55
58 123
52 93
60 118
75 35
30 94
70 58
64 34
34 179
57 175
66 65
9 180
65 198
27 75
2 43
23 138
4 18
19 35
40 16
2 165
42 48
79 122
4 35
68 80
79 61
99 20
27 106
49 193
79 142
18 194
97 170
26 50
65 173
11 20
64 192
85 42
24 116
98 133
62 127
43 168
96 168
72 127
13 76
13 148
25 93
66 169
37 16
30 127
58 72
34 32
11 185
2 74
51 128
24 14
62 108
34 94
28 49
75 72
39 127
39 86
98 55
5 176
73 46
78 37
5 31
54 24
74 115
56 59
18 111
21 129
26 135
67 32
26 90
29 164
90 113
95 118
21 40
80 103
20 104
78 142
77 148
9 188
8 76
82 188
39 163
57 116
60 135
69 48
55 153
96 56
17 69
10 89
46 152
78 15
52 24
67 174
34 199
11 157
25 79
61 131
70 31
51 191
40 37
41 175
34 71
37 183
92 135
22 109
54 170
48 130
27 178
50 76
19 95
8 127
74 72
63 191
39 156
33 105
31 187
30 22
48 195
36 14
71 20
90 162
84 60
70 21
75 154
66 15
60 70
47 174
51 111
87 48
44 67
79 42
10 130
48 84
87 187
67 81
14 192
14 11
63 193
10 181
14 60
23 65
7 94
97 154
91 26
25 147
