400
14475
71 140
56 10
27 163
50 138
70 176
27 25
66 82
44 12
96 166
74 109
69 70
10 10
81 34
44 113
99 48
52 10
80 153
47 126
33 45
46 147
75 168
24 101
22 179
13 65
80 88
74 183
71 27
30 41
3 84
95 23
51 41
76 16
30 161
11 134
72 141
63 119
50 175
12 175
97 24
32 46
78 14
11 178
38 38
70 30
39 179
95 121
44 189
66 93
94 19
55 81
30 185
50 156
1 48
89 46
11 187
35 32
70 88
11 55
72 183
29 82
87 45
34 142
70 66
21 33
33 17
75 29
22 158
8 21
99 135
76 91
85 96
85 128
37 11
81 93
53 52
33 160
74 133
50 143
67 93
28 182
91 127
84 82
88 62
14 193
55 40
19 22
71 95
37 197
63 65
48 16
99 26
58 34
13 195
58 137
96 107
57 111
54 47
6 66
67 155
12 57
26 200
6 76
34 88
31 80
21 103
69 105
36 21
30 34
14 165
31 106
99 104
95 126
25 129
87 106
34 43
89 196
92 79
77 173
40 200
27 29
96 49
4 17
43 179
48 37
94 181
91 131
86 180
65 175
66 44
69 83
19 143
4 105
66 140
54 173
12 120
68 115
4 95
65 154
21 173
86 28
47 34
50 138
8 153
78 61
51 51
93 181
81 80
18 191
77 44
58 195
85 80
92 37
46 112
19 165
30 72
9 40
5 63
57 143
65 111
77 116
83 198
58 130
70 48
71 145
80 51
54 132
23 133
64 192
49 87
75 198
43 197
71 130
58 128
5 114
93 67
17 117
27 22
2 104
43 48
57 82
47 189
74 181
44 116
63 101
58 164
22 33
78 66
32 127
77 39
39 137
90 154
23 194
11 189
54 123
69 175
49 152
78 131
70 184
1 194
83 187
100 187
52 23
45 142
57 182
82 160
14 14
16 124
96 172
33 56
97 163
81 136
24 51
97 91
56 182
76 192
100 148
2 171
33 105
66 185
23 120
19 26
71 115
38 140
98 142
40 36
4 105
27 184
34 55
69 136
63 151
27 74
39 112
94 94
64 42
17 33
19 183
85 14
56 139
48 123
75 35
17 69
87 193
63 141
76 56
95 131
92 197
48 163
13 105
48 43
85 30
34 39
55 184
56 54
49 75
20 191
66 44
46 43
20 191
46 33
15 111
36 20
84 122
80 32
70 194
8 55
70 53
52 110
50 54
69 69
52 37
49 32
48 55
69 132
73 198
64 144
2 140
15 155
78 17
41 181
98 96
67 136
69 172
2 133
50 143
2 130
71 197
21 149
70 109
30 30
14 160
75 11
41 188
37 59
96 41
2 108
45 36
18 153
35 141
37 148
4 36
7 40
65 155
70 110
23 68
15 14
37 78
78 88
55 20
2 96
4 75
81 108
1 110
62 95
6 145
25 173
84 189
49 162
95 135
62 14
88 118
74 136
46 66
88 53
2 51
27 57
15 99
93 46
86 135
91 27
63 98
62 178
62 170
93 157
25 92
73 118
35 101
41 104
64 153
59 170
92 70
60 67
58 50
100 134
9 103
20 22
47 72
60 83
18 97
92 105
33 63
89 35
96 58
29 148
7 120
90 59
45 75
10 136
85 31
34 24
24 180
3 168
57 40
52 96
25 22
29 105
77 154
92 114
80 176
36 96
76 33
92 132
55 45
62 123
57 190
15 94
63 142
90 175
96 180
67 124
51 25
64 168
60 55
87 96
70 42
18 13
17 57
41 66
5 98
12 46
63 180
33 93
71 90
75 12
6 116
31 92
36 171
26 109
60 91
1 142
66 157
