400
13855
96 148
97 166
62 21
80 94
31 136
4 166
88 79
10 130
68 129
22 150
49 171
8 166
54 127
43 134
47 170
42 186
11 62
32 32
46 65
15 73
17 71
62 193
22 157
67 149
46 165
33 66
83 149
61 76
76 131
84 91
82 110
10 11
37 189
86 168
53 21
54 123
35 142
61 124
73 179
55 15
68 67
7 103
77 129
83 33
53 174
47 49
2 121
65 124
60 30
37 141
17 20
88 46
45 82
14 185
60 157
78 172
27 97
1 52
39 82
41 39
10 22
99 28
18 100
10 73
15 50
23 88
15 34
17 156
7 76
10 38
79 56
28 93
59 87
80 194
22 42
74 113
75 92
25 114
81 103
47 93
58 121
96 35
86 99
79 30
56 89
70 120
83 59
77 133
61 115
22 10
60 31
56 122
79 128
58 98
63 86
34 96
97 78
43 14
53 47
20 122
1 103
20 76
29 89
71 67
3 117
18 21
33 104
43 45
19 163
66 72
21 91
94 162
39 27
29 121
85 186
67 28
5 23
51 114
30 15
95 125
75 51
15 173
91 64
36 182
15 67
43 185
100 15
89 144
5 102
1 30
57 161
48 190
88 120
7 37
63 60
43 53
23 129
50 35
13 71
19 78
23 38
59 11
18 18
49 12
54 154
13 168
56 96
16 63
10 175
54 36
88 180
54 94
32 87
28 113
20 142
22 64
50 59
8 141
77 133
76 73
75 46
21 57
80 102
11 99
81 119
76 130
28 27
52 183
89 44
92 10
28 171
59 174
17 113
20 143
65 134
92 23
95 61
93 31
89 163
30 198
43 146
58 22
48 173
57 121
88 17
35 196
53 182
89 159
32 124
69 71
89 128
66 166
43 14
82 123
43 107
47 61
86 16
91 81
3 100
2 50
33 73
7 38
49 138
47 114
5 85
43 71
91 77
82 123
41 195
28 38
92 145
23 28
37 135
60 81
87 121
6 193
65 89
58 23
11 178
7 104
73 96
16 95
98 37
93 99
48 52
16 107
62 153
70 185
77 103
68 194
42 73
73 131
92 151
87 46
3 26
8 30
73 32
73 195
49 93
8 16
28 53
56 90
82 98
17 142
31 178
28 134
77 27
35 15
55 177
16 169
53 170
17 198
15 61
49 160
69 60
72 58
74 135
37 102
8 170
20 144
93 25
98 170
43 60
22 182
75 180
70 127
68 106
52 38
16 27
9 117
8 15
75 37
51 195
85 148
98 138
71 179
22 189
84 96
18 141
81 16
52 140
94 149
26 74
40 195
22 83
46 88
33 36
50 176
3 20
100 68
78 130
58 31
66 88
86 75
47 29
12 182
46 130
65 152
78 53
42 99
98 167
28 140
84 191
13 137
77 121
6 189
51 74
24 194
62 61
10 10
93 48
68 109
99 48
44 58
36 135
5 53
2 168
48 53
79 115
76 31
3 99
72 98
9 171
72 116
67 139
23 23
50 157
60 162
47 186
22 197
62 87
85 130
30 84
35 154
90 178
10 69
99 195
41 24
84 34
72 151
63 187
80 36
54 88
27 33
69 62
6 163
47 84
1 160
47 87
68 152
63 137
90 86
34 197
40 162
99 197
16 84
87 19
83 85
59 72
17 95
33 185
7 54
99 64
52 151
78 31
42 84
12 149
71 190
5 182
100 115
65 186
69 38
40 124
20 104
24 150
31 119
69 182
55 155
5 67
66 79
2 193
39 27
52 21
55 137
84 143
42 94
67 107
72 34
27 63
36 70
52 68
72 14
42 46
22 142
13 139
19 111
92 110
62 16
13 64
98 24
