400
14213
60 172
74 88
64 91
15 63
82 138
95 196
23 198
99 86
13 144
86 64
43 10
2 129
98 165
26 17
96 43
42 130
93 151
96 35
28 50
94 28
59 176
53 27
30 137
95 82
29 15
78 199
71 122
64 171
51 177
84 85
11 108
53 146
58 49
73 98
20 110
81 150
51 162
33 192
70 174
36 120
21 29
76 162
47 53
10 127
36 59
59 129
75 168
4 139
67 26
74 32
15 101
38 96
76 40
70 185
75 152
99 82
52 142
37 137
77 112
14 89
77 71
79 195
63 122
42 77
76 91
40 41
93 159
69 79
69 131
31 76
27 22
34 15
99 135
91 112
33 198
39 70
53 71
55 133
80 122
42 24
32 12
71 150
100 66
39 172
55 71
10 40
7 34
70 105
94 155
26 68
77 71
41 113
50 181
10 193
60 144
37 19
76 16
70 189
1 191
42 177
49 191
67 45
97 186
29 11
58 172
66 60
4 141
57 53
69 134
76 102
39 193
79 124
65 85
19 95
79 145
56 172
29 84
36 157
93 153
4 121
68 185
92 102
62 191
11 195
32 44
83 163
68 88
96 152
55 49
13 55
32 178
62 96
40 184
69 59
76 14
49 71
25 123
57 115
83 154
90 120
42 49
19 64
3 88
76 140
1 173
11 15
8 109
54 191
74 147
57 145
87 115
27 142
46 104
43 69
96 154
54 117
46 36
77 86
34 131
42 126
24 62
60 184
47 41
98 105
76 55
85 94
69 12
73 104
60 200
7 199
49 122
9 179
46 147
72 33
95 108
67 85
81 171
36 125
61 124
89 193
25 146
61 181
8 185
13 180
34 178
74 59
13 13
15 96
19 43
55 171
2 95
63 133
19 89
44 186
10 21
62 133
51 112
79 58
38 144
2 32
94 85
23 145
97 166
55 158
80 79
85 80
86 76
21 128
22 12
50 186
29 84
96 129
12 173
66 87
52 87
17 56
79 45
11 60
42 167
38 104
53 98
6 93
47 23
27 104
37 131
66 50
42 135
72 193
18 193
49 140
70 82
64 115
93 132
93 17
27 154
74 10
95 141
75 70
99 29
20 109
12 156
64 186
32 150
22 99
18 186
10 182
21 138
46 28
92 34
85 24
54 41
68 187
15 103
4 189
44 37
33 110
92 194
52 180
98 69
38 95
17 18
71 55
73 82
42 158
56 127
17 112
49 40
92 157
54 164
48 24
32 197
71 60
36 36
64 102
63 184
68 185
73 107
51 73
82 141
46 125
7 48
30 171
35 66
82 69
57 173
1 24
54 53
78 44
99 191
30 129
76 68
72 164
19 176
67 64
94 184
22 115
18 13
68 45
24 47
4 62
9 172
50 138
12 78
36 194
21 174
48 102
57 187
68 139
62 155
100 175
51 44
16 105
53 21
5 10
84 76
46 142
60 78
33 66
36 123
55 115
87 74
35 73
43 152
28 85
6 86
3 125
67 38
76 167
3 82
76 175
22 137
90 109
12 125
45 100
68 35
95 182
3 143
91 26
77 21
83 71
61 79
80 29
98 74
47 27
60 46
40 70
38 44
93 15
2 66
63 156
91 46
76 50
29 25
34 18
92 158
59 100
68 31
5 50
82 110
58 77
80 80
40 27
6 106
61 78
41 104
12 157
35 84
25 191
32 24
44 59
38 133
30 44
5 165
8 103
80 153
89 118
86 166
9 64
17 101
29 179
50 10
44 132
20 193
10 65
3 108
86 33
16 191
6 146
26 179
5 91
78 76
36 130
59 65
61 195
48 106
27 160
57 151
72 143
80 65
9 74
