400
14654
67 18
1 186
1 56
60 78
36 64
40 136
63 23
76 79
1 132
51 14
39 65
27 58
6 94
86 100
50 176
65 96
75 140
20 82
17 136
42 82
93 168
78 186
41 182
47 115
82 41
63 185
54 58
71 196
87 99
41 115
91 105
77 130
24 36
98 146
51 193
48 197
17 54
58 116
89 196
89 15
17 178
67 185
5 112
22 132
30 178
27 101
33 104
65 153
9 11
14 191
44 23
21 171
26 133
37 20
1 123
62 13
11 24
54 145
79 128
97 37
100 106
52 169
88 104
26 184
87 92
53 190
84 100
40 199
9 136
28 37
59 68
30 32
39 93
35 29
31 188
76 160
52 165
94 94
38 140
39 196
81 63
98 48
61 159
85 125
37 41
96 46
50 139
80 94
5 200
90 128
54 156
12 162
73 85
65 166
54 153
58 138
55 100
92 171
26 139
48 171
2 191
66 75
56 40
63 63
90 97
1 106
83 192
8 23
76 83
38 145
97 64
52 109
92 190
12 68
92 177
38 40
29 129
24 14
33 112
94 187
36 88
37 137
61 146
18 129
1 90
74 33
63 186
26 42
50 154
17 40
30 106
47 115
22 61
39 49
70 95
54 34
21 195
19 21
25 51
30 79
61 132
11 100
95 173
81 112
24 171
7 131
13 103
1 84
83 75
72 198
35 103
70 121
80 63
42 193
70 75
56 108
96 45
50 52
45 42
60 79
75 190
55 73
53 73
67 39
56 92
8 196
95 91
92 35
99 90
81 143
26 46
16 73
75 143
100 129
3 108
26 129
71 26
57 118
89 182
62 141
51 44
78 193
37 193
37 14
71 52
36 68
11 149
31 113
4 88
31 195
72 129
35 61
98 72
42 186
63 134
99 99
98 17
98 86
46 118
45 158
20 96
83 120
100 51
95 199
80 42
73 186
23 32
37 170
79 24
8 103
46 163
49 67
66 67
100 50
98 193
96 45
79 184
52 22
70 157
72 30
52 15
33 78
75 46
69 105
62 115
21 56
64 199
34 25
27 171
90 70
4 123
36 188
51 186
8 109
63 146
66 105
32 172
54 73
71 127
80 171
20 186
35 33
60 172
32 193
79 47
76 120
66 158
66 67
10 147
72 53
16 17
12 83
12 94
89 105
78 114
45 36
17 118
74 63
58 25
23 122
8 78
44 94
90 170
45 109
96 47
32 158
21 137
45 48
20 138
25 140
73 145
16 85
87 198
39 13
75 96
40 152
21 178
99 189
7 185
46 49
40 127
2 159
45 175
90 198
98 37
12 183
65 84
55 163
81 173
75 176
18 62
65 23
11 152
41 98
54 161
35 88
87 134
66 198
80 79
28 194
14 174
51 114
94 151
9 19
20 150
61 84
43 167
20 45
93 95
27 176
63 71
3 167
58 77
70 70
55 148
83 182
84 98
82 198
69 195
69 196
25 181
67 27
93 51
18 174
68 188
52 75
2 190
8 114
96 103
7 83
80 80
86 142
49 85
32 77
86 165
62 32
47 168
24 29
94 61
1 132
73 153
19 125
36 161
89 196
55 167
43 172
46 169
61 136
45 139
62 160
83 173
36 123
78 176
68 188
41 157
34 103
42 198
33 180
35 172
77 78
79 150
31 66
60 153
84 37
34 137
75 158
70 46
73 177
59 100
98 199
27 152
98 181
60 99
83 54
95 148
79 80
19 155
80 190
40 199
68 156
28 67
30 14
3 184
99 180
66 132
100 48
79 41
24 195
30 150
44 120
20 99
69 86
39 112
100 174
38 120
21 198
77 92
99 81
32 188
19 14
