400
13575
100 154
39 20
63 89
6 68
30 12
14 198
3 99
89 44
61 21
5 143
72 137
37 28
64 82
31 64
63 114
46 33
97 96
70 186
44 193
27 36
64 108
61 163
72 102
27 121
67 200
99 35
64 191
10 168
1 153
46 73
80 45
39 61
69 112
89 154
76 198
62 183
49 24
67 55
34 34
9 135
68 16
10 66
57 23
20 87
59 199
68 191
54 124
59 175
96 90
60 63
9 61
3 39
90 11
24 173
32 191
70 87
34 115
60 13
44 30
9 30
67 186
22 36
34 189
87 70
91 190
43 39
78 80
88 139
55 83
11 42
48 67
1 190
56 101
35 87
78 74
75 182
73 59
34 105
7 36
86 97
80 64
15 25
1 103
57 64
85 185
32 119
86 152
100 149
19 88
8 43
39 13
18 78
36 103
11 147
33 12
69 67
42 12
55 29
63 170
51 114
30 109
87 17
14 102
16 93
78 47
52 103
10 180
66 161
63 164
66 40
53 143
99 130
72 156
55 107
63 181
15 196
59 46
18 37
12 93
70 187
61 84
3 136
35 180
15 43
63 121
50 183
41 190
80 10
97 31
91 15
36 45
47 57
6 134
92 181
83 76
79 175
70 26
8 77
90 119
48 64
37 158
44 199
33 144
86 118
19 11
14 122
38 192
44 184
81 58
60 169
66 107
43 83
21 135
22 126
32 144
74 115
81 188
51 16
92 120
64 58
12 92
11 72
17 80
5 16
19 135
46 190
11 116
43 96
67 182
90 86
56 130
49 47
37 50
43 15
55 122
91 175
42 137
79 56
33 124
23 86
97 156
20 182
63 168
6 61
68 26
81 19
42 160
11 22
45 174
17 135
11 162
4 102
40 142
72 15
71 92
31 134
83 101
92 22
100 172
67 73
43 72
7 25
3 192
97 148
48 162
5 131
68 50
70 155
4 59
57 121
8 158
46 192
62 130
99 164
84 75
11 119
72 191
86 15
15 145
73 66
100 130
82 127
46 121
47 119
55 28
53 143
62 139
64 126
87 158
10 132
69 81
12 39
75 46
2 128
69 117
56 106
25 156
42 39
62 102
74 114
10 151
66 91
100 58
47 45
7 52
18 133
13 15
40 75
40 163
100 191
84 78
37 107
75 197
68 54
37 56
50 188
21 116
14 127
32 28
67 132
23 159
62 136
53 54
77 12
37 20
83 11
51 69
98 186
49 24
61 160
97 55
54 73
26 77
51 32
58 133
44 182
21 181
24 171
88 28
94 57
67 132
43 45
41 69
41 124
1 194
78 173
100 190
46 169
68 42
71 43
6 12
34 99
33 90
64 197
16 77
43 121
11 193
89 47
36 182
94 134
11 176
15 145
52 86
3 192
25 145
25 107
16 149
15 100
69 151
24 30
87 91
5 71
8 69
16 183
31 96
42 52
54 197
7 123
47 96
47 200
7 183
3 113
22 13
27 156
86 138
77 189
3 107
54 106
30 97
69 125
60 27
31 98
16 37
76 99
2 77
5 51
63 37
37 70
80 192
100 95
24 116
40 125
37 65
79 196
90 36
45 46
81 162
94 61
24 28
83 73
17 43
57 89
61 126
74 120
85 36
43 90
77 52
29 39
4 143
19 18
45 181
94 164
98 47
56 62
14 139
39 123
20 120
23 72
71 67
59 121
45 63
21 90
33 32
91 87
43 65
60 66
34 176
56 81
42 128
54 109
11 125
23 196
46 85
26 94
23 44
93 198
43 60
91 13
51 69
58 119
54 138
40 197
9 190
94 114
75 163
42 95
57 53
46 104
2 114
7 129
