400
13835
36 59
58 152
60 81
86 98
25 193
72 175
52 41
55 12
70 59
50 65
47 111
96 48
3 57
48 34
3 175
99 90
52 101
63 131
81 72
99 66
66 180
6 31
58 194
77 184
41 104
51 125
38 63
5 87
11 147
14 197
23 171
57 40
49 100
61 49
95 147
42 142
23 151
89 110
54 120
61 85
33 182
65 107
86 172
89 199
88 25
38 119
96 135
11 81
39 111
52 121
62 47
26 23
69 112
81 141
64 142
40 36
11 40
49 70
24 115
25 144
31 38
36 125
84 184
40 165
19 82
88 40
89 148
5 73
47 93
3 33
49 73
49 195
83 109
30 31
26 143
28 106
93 41
71 67
53 167
97 50
3 66
25 95
62 10
11 92
32 164
24 42
2 124
62 20
4 192
65 17
49 86
68 51
50 36
39 96
20 142
10 68
66 181
59 72
55 55
23 149
67 103
96 167
3 110
14 85
11 34
24 42
89 10
44 35
68 146
26 155
78 140
86 101
41 193
5 51
99 187
3 106
14 172
97 34
79 85
55 49
60 158
27 111
3 155
47 30
14 12
90 178
49 85
79 97
38 187
67 120
25 199
49 49
92 18
21 124
17 42
87 116
82 183
2 161
56 34
68 116
68 187
24 163
23 150
62 120
20 102
44 83
65 177
26 178
30 12
73 35
85 98
37 183
36 84
6 26
25 60
5 195
83 102
44 193
24 125
56 39
86 154
26 190
34 24
6 72
91 152
14 192
4 111
9 192
96 86
61 98
32 44
17 72
46 122
58 132
50 173
71 92
23 130
30 126
65 116
96 95
34 58
7 25
32 175
74 61
23 53
52 107
34 32
67 200
86 174
52 32
56 27
8 126
65 140
27 184
28 135
68 73
30 161
20 166
91 160
36 76
74 192
42 127
39 110
16 127
80 184
63 32
5 149
56 97
11 53
7 121
96 170
73 106
23 169
25 154
14 127
42 91
98 103
52 76
82 66
17 81
10 119
77 200
56 178
64 198
62 190
34 189
3 192
71 185
44 56
51 158
38 178
62 133
64 98
51 106
30 122
39 67
19 142
97 50
30 115
10 153
11 141
38 52
43 77
32 34
68 55
44 129
100 34
16 25
87 103
15 71
36 188
8 196
12 175
50 119
6 121
32 46
49 169
100 58
62 101
54 46
28 116
67 97
97 140
72 17
73 67
1 62
32 180
73 53
62 134
56 153
94 194
65 116
33 161
74 21
97 75
61 155
68 79
18 185
42 18
85 58
67 51
80 24
75 10
87 61
56 167
41 114
49 185
41 194
60 30
2 171
100 99
13 182
56 87
82 58
81 72
17 82
27 110
91 67
13 72
14 159
51 20
11 94
49 59
93 192
9 141
62 179
10 151
88 26
31 185
3 185
14 45
89 68
87 43
52 34
24 49
52 104
69 126
63 188
16 123
16 50
90 131
12 159
14 136
89 187
21 148
94 55
69 178
17 170
56 78
96 160
68 142
81 136
99 116
69 30
10 162
42 164
56 44
70 136
59 117
22 32
80 34
54 112
80 168
83 45
7 99
58 26
7 38
28 22
37 186
90 197
60 71
68 117
25 63
84 147
40 53
83 13
6 10
41 76
27 52
86 159
97 178
91 127
43 107
59 186
37 77
62 41
66 150
94 195
67 56
42 140
50 96
33 117
80 133
39 28
73 50
28 191
76 37
33 30
24 153
77 60
6 158
13 55
36 39
19 49
95 21
71 139
8 11
82 153
75 173
84 168
62 35
84 182
33 198
99 88
68 12
65 64
90 109
58 88
7 186
45 149
