400
14396
79 148
97 116
57 25
44 33
74 164
44 81
28 143
54 129
75 150
64 126
91 33
14 86
47 165
97 80
8 121
96 73
54 109
8 107
1 43
79 99
80 124
93 186
73 145
62 178
60 185
92 191
47 114
67 167
63 170
98 33
15 57
53 164
68 174
89 19
68 78
92 60
71 138
19 85
70 11
76 173
19 38
34 86
38 148
67 72
80 60
76 48
77 102
61 10
48 177
1 140
8 33
33 139
34 193
79 23
3 53
71 134
12 36
54 160
70 179
99 38
61 81
62 110
53 31
87 44
3 44
15 87
47 59
43 45
55 35
32 98
10 111
56 79
80 43
36 94
98 108
21 180
61 22
39 193
72 138
45 79
69 41
78 158
92 16
87 15
22 27
68 141
90 89
19 79
15 188
24 42
87 85
20 108
87 33
18 76
25 92
56 192
69 178
84 85
22 162
3 86
93 136
99 159
60 119
59 183
68 27
73 174
1 88
15 70
49 198
94 157
53 140
16 192
26 34
66 64
31 107
19 167
3 18
41 116
16 63
48 126
43 86
60 58
53 92
59 71
68 103
33 133
47 177
16 64
4 14
93 133
57 144
100 53
31 102
58 106
54 171
86 44
28 109
15 72
83 190
81 145
77 33
21 18
47 15
83 133
88 163
95 112
56 76
54 56
98 146
2 45
93 128
75 24
8 68
14 177
89 167
31 125
74 54
61 157
53 186
65 105
100 43
86 184
67 42
70 51
39 125
2 135
50 19
87 90
22 181
90 137
88 160
64 180
75 156
28 156
32 135
33 124
52 160
22 122
24 175
17 88
95 116
69 88
30 64
59 161
100 46
97 161
37 14
22 99
9 191
65 50
40 186
40 133
30 73
48 123
52 161
70 186
81 37
32 73
56 164
78 72
40 44
8 138
76 108
63 91
22 107
44 193
40 133
85 100
30 152
87 85
16 107
4 161
79 103
97 45
21 139
89 134
66 137
57 35
37 107
85 152
19 168
65 146
36 86
38 77
2 17
18 114
55 166
9 174
4 174
41 30
79 154
98 43
30 164
10 53
69 139
96 181
17 129
25 97
95 34
73 174
67 49
90 48
60 142
78 158
90 21
18 132
55 109
97 43
97 18
91 30
32 98
77 187
31 128
15 140
96 135
59 174
32 163
30 23
49 129
12 155
57 195
17 154
100 188
82 54
60 181
33 128
12 22
95 103
79 136
98 178
61 107
57 11
79 118
91 48
77 186
98 113
98 183
11 88
56 170
97 108
55 34
79 198
96 136
9 71
13 178
4 159
17 115
79 85
51 148
81 51
46 89
7 15
36 45
77 38
77 91
65 79
97 148
13 40
71 56
21 151
71 70
18 181
33 178
50 151
16 77
43 90
53 30
62 39
13 87
95 42
47 55
51 149
17 70
42 69
88 137
27 102
60 103
77 164
89 122
39 143
27 86
16 68
32 51
30 100
47 14
21 98
68 53
6 189
20 85
3 197
43 77
6 128
50 114
58 147
35 152
81 141
54 157
40 186
38 45
80 187
14 125
46 96
36 83
52 65
44 188
27 78
29 48
15 174
8 72
86 166
59 56
73 179
21 24
48 144
25 27
67 72
4 78
15 127
85 82
40 196
48 171
22 45
1 35
20 165
38 190
20 171
58 186
72 147
8 95
98 37
67 195
78 18
2 87
44 146
30 159
46 171
82 166
16 173
9 170
28 152
66 74
67 104
25 105
48 107
63 13
96 174
65 127
11 91
41 55
93 188
65 75
54 106
3 13
23 33
57 50
63 58
23 75
73 19
16 158
51 132
