400
13925
25 172
91 17
82 118
21 152
86 91
25 90
5 136
12 77
14 50
43 28
24 112
30 32
1 47
10 18
35 28
81 198
98 177
35 190
41 112
37 80
80 33
47 20
63 33
61 186
8 30
32 33
96 179
100 142
80 30
69 84
12 177
6 194
21 27
23 134
94 44
81 121
29 108
93 14
18 153
38 144
57 142
29 59
55 80
42 115
56 94
28 157
72 126
5 70
16 91
41 118
48 181
38 73
19 163
90 47
16 32
76 89
73 55
3 57
67 39
71 130
71 103
100 187
5 15
97 167
49 177
7 22
66 191
90 177
75 196
95 64
48 159
69 47
18 178
80 47
93 169
61 122
73 17
95 200
95 169
19 174
30 119
76 103
68 80
39 59
65 121
96 77
14 102
63 69
53 97
100 70
12 154
9 186
47 138
93 35
91 37
95 40
71 12
22 67
26 79
85 156
26 58
39 36
45 87
55 116
77 152
74 27
55 28
83 91
1 41
96 40
42 49
37 83
65 189
25 178
9 136
1 184
76 105
46 143
34 15
63 141
3 123
77 85
14 31
87 61
57 70
64 166
81 198
30 34
27 76
34 114
18 70
58 78
39 64
53 173
20 24
96 111
22 97
35 199
72 33
9 91
87 172
20 12
84 30
64 146
44 37
45 53
70 98
45 80
63 174
30 182
92 11
94 44
14 164
58 12
4 135
82 157
61 171
55 135
65 115
38 87
98 194
47 66
79 115
44 52
51 80
35 40
36 133
74 160
38 191
62 165
96 83
25 92
36 36
87 109
53 159
9 95
1 128
82 33
80 104
99 35
78 150
46 164
4 71
41 106
71 150
35 157
37 41
8 178
53 64
26 140
4 126
30 104
89 140
80 153
48 71
36 35
29 66
21 107
30 42
6 15
27 138
95 112
34 175
86 64
87 111
96 197
92 99
14 181
38 148
7 67
67 157
79 104
22 146
39 82
66 193
70 52
25 182
89 40
91 79
65 115
97 66
61 20
42 97
93 72
37 147
77 105
90 70
19 21
46 142
76 141
61 11
17 89
42 130
92 143
15 60
35 136
26 141
3 87
32 157
11 68
85 20
89 187
48 44
78 39
88 181
53 184
64 144
67 154
1 80
38 143
88 163
28 142
6 107
11 19
46 187
5 25
43 145
27 89
55 163
29 87
79 141
20 123
74 30
44 49
59 135
48 34
68 105
51 32
12 73
20 39
92 71
13 71
7 22
80 34
50 58
99 26
19 35
16 95
3 28
2 137
21 128
7 56
45 192
43 167
23 20
56 71
69 135
85 62
39 179
26 167
54 27
44 101
34 152
64 74
99 131
64 135
60 191
22 177
38 91
8 81
32 99
41 164
6 134
13 139
19 182
36 160
47 52
98 132
98 112
42 103
70 126
21 44
60 155
31 128
44 115
64 12
51 85
93 88
40 125
62 30
61 120
48 186
65 41
93 60
96 164
85 115
72 152
45 38
57 172
2 102
21 167
77 179
85 160
92 68
75 70
24 41
35 102
54 117
27 67
60 186
56 52
69 188
9 31
59 190
21 176
73 95
33 54
6 19
89 82
45 105
76 162
70 14
67 177
56 88
64 125
91 84
5 135
20 190
78 143
23 124
23 173
87 93
22 132
35 131
90 78
8 68
42 73
32 171
40 171
41 46
90 57
97 84
14 68
11 58
36 120
78 22
42 140
70 57
46 78
21 175
3 114
8 86
20 79
71 116
69 136
24 95
75 158
6 80
54 115
82 33
18 40
4 31
65 183
98 178
42 93
16 45
9 122
32 173
94 152
85 104
