400
14212
50 69
51 27
82 87
62 100
57 86
56 122
74 147
33 94
55 198
7 147
70 133
5 157
60 132
72 197
27 101
21 14
10 195
85 139
100 50
79 12
40 103
77 37
77 68
91 127
50 168
19 90
87 181
60 151
33 82
14 62
34 162
16 152
90 194
72 26
56 167
42 59
100 199
44 52
100 110
57 16
30 92
69 41
100 189
71 30
22 199
49 41
73 177
63 174
37 46
80 16
51 17
63 40
51 65
35 175
54 112
25 167
31 143
89 13
28 85
97 11
97 39
21 178
84 71
73 50
27 147
95 41
44 61
33 87
68 171
56 96
39 68
5 12
10 149
37 191
74 196
12 198
4 135
71 187
86 106
74 40
44 87
35 111
21 62
20 119
71 107
68 200
54 101
88 16
46 184
85 57
49 38
36 137
99 105
15 18
82 136
88 92
71 34
62 117
40 83
90 15
83 18
70 90
60 68
3 110
86 187
10 121
18 95
6 92
88 104
92 96
47 61
21 109
43 42
24 177
34 117
98 198
13 87
78 87
57 33
98 200
66 27
55 53
11 10
49 118
17 167
45 177
42 57
9 50
10 37
93 108
95 196
98 73
9 57
62 46
3 180
10 161
76 116
4 184
51 143
96 70
52 37
72 166
15 94
67 132
63 31
38 17
9 90
27 120
38 44
83 191
50 59
65 186
11 185
20 165
50 116
92 90
21 124
9 129
28 186
6 106
66 58
95 21
78 53
6 125
40 58
82 41
30 144
65 51
53 128
99 51
25 156
56 133
43 86
87 159
62 121
50 157
60 141
64 131
87 23
17 116
5 44
68 109
43 50
2 61
49 156
86 67
77 175
31 141
11 76
20 17
57 111
14 111
67 180
9 21
61 44
92 96
22 162
64 164
5 12
64 161
11 160
11 117
92 137
85 34
75 169
66 151
28 156
92 89
62 51
88 120
72 113
83 16
57 64
49 80
1 174
65 148
16 100
79 87
7 66
100 155
73 180
14 199
13 145
2 24
54 23
74 99
28 95
43 61
96 123
56 113
88 79
65 149
38 174
89 80
95 188
19 192
57 133
54 11
2 197
35 62
30 36
21 11
12 14
89 32
23 130
69 132
11 178
19 104
61 100
2 101
15 150
77 84
73 170
68 76
93 198
70 20
6 64
12 177
11 44
71 194
62 135
74 191
65 96
11 79
35 99
35 61
83 86
81 169
37 159
99 65
31 172
91 97
47 112
53 88
89 98
26 63
49 102
13 52
70 62
22 165
16 28
18 191
10 195
90 72
63 71
53 27
75 25
66 81
91 136
51 63
49 73
45 195
75 169
86 51
96 58
80 60
42 19
54 47
54 56
38 69
81 66
66 92
49 120
32 187
37 185
32 18
43 86
8 192
52 101
57 154
96 25
44 142
94 43
62 26
44 83
48 62
18 195
10 142
15 96
37 196
45 75
58 32
71 23
51 94
60 127
15 161
93 85
67 131
98 17
20 146
19 56
1 64
65 195
69 94
36 32
93 46
98 51
65 123
23 27
92 86
3 197
31 199
69 92
2 190
8 174
76 183
36 165
92 17
1 45
46 151
62 42
90 44
72 34
11 110
12 117
83 155
57 45
72 77
17 164
79 193
27 71
77 128
94 79
38 166
7 45
40 144
99 130
7 59
72 27
46 19
55 170
32 162
27 165
16 71
90 157
26 94
17 145
62 94
28 157
78 191
44 125
61 163
7 185
95 57
73 84
85 183
40 181
47 58
88 150
13 192
8 121
64 178
43 193
61 159
18 106
18 44
10 13
11 104
79 44
60 174
