400
13530
71 147
91 49
55 73
67 75
6 20
2 24
58 160
72 183
95 51
46 125
31 198
34 188
36 142
47 134
50 29
73 168
11 140
96 138
21 50
66 89
64 152
73 156
30 199
77 130
70 152
30 115
14 69
59 97
29 43
40 156
14 43
73 67
7 184
90 74
45 99
60 173
23 40
49 94
32 33
31 66
25 190
54 62
36 76
73 136
39 73
71 70
99 87
43 92
34 138
78 89
59 78
55 144
32 14
14 80
1 149
92 157
63 146
31 112
17 192
54 119
28 143
16 138
19 135
63 72
55 200
82 89
48 122
1 106
10 13
91 135
93 50
83 112
28 13
19 163
84 35
49 160
63 43
77 184
97 194
25 168
58 56
8 140
31 196
5 126
47 101
45 170
71 44
12 158
96 40
35 120
62 20
31 96
51 67
76 102
48 41
31 123
65 153
74 34
21 107
84 101
26 177
23 71
47 191
9 20
57 105
73 32
86 164
25 106
16 117
100 197
45 171
33 12
54 45
69 131
43 88
28 102
25 118
75 17
31 123
20 33
38 15
52 39
71 87
58 133
87 52
56 90
14 31
48 105
45 11
62 129
34 135
4 136
44 71
100 14
38 22
19 71
13 77
63 191
22 90
86 109
29 37
77 128
18 148
18 137
96 119
46 71
8 90
65 196
15 29
78 44
10 187
75 32
58 113
58 81
98 178
41 143
86 46
39 23
73 16
55 169
73 87
37 42
95 11
100 123
29 134
29 182
88 42
32 54
87 94
29 71
3 175
54 170
63 118
25 180
41 59
19 88
24 27
94 190
43 149
90 125
46 63
53 13
92 115
55 184
36 161
36 30
53 62
4 124
26 155
100 79
67 127
86 132
28 73
13 17
5 54
10 154
34 106
97 97
69 30
78 158
27 167
17 61
52 78
33 167
37 92
40 92
87 150
50 52
47 130
26 87
80 166
29 136
81 181
6 69
37 43
23 163
84 140
54 66
51 87
96 90
8 175
65 173
82 192
14 61
53 35
80 143
41 37
62 13
32 150
5 129
99 109
24 184
26 64
15 162
18 42
74 106
89 95
25 72
4 189
10 42
61 33
28 26
15 197
14 65
9 179
54 108
50 23
15 143
6 21
59 119
85 101
18 62
75 128
99 49
43 26
18 152
33 127
84 52
56 74
83 85
56 109
43 27
61 138
27 147
39 28
11 35
11 123
68 33
51 180
38 59
70 72
9 79
95 134
5 183
66 125
51 176
56 15
59 141
55 107
52 190
67 36
100 32
22 144
83 101
51 81
22 194
23 146
84 71
12 145
30 187
10 34
36 18
82 153
85 175
49 111
10 162
20 21
77 44
63 48
66 186
60 64
68 178
64 81
37 40
87 155
44 119
74 149
26 133
21 193
83 151
5 102
85 68
5 35
78 152
28 32
90 197
18 17
44 113
83 58
21 70
19 101
9 69
25 146
82 102
24 130
3 27
36 23
66 181
94 159
83 56
11 66
19 52
85 68
37 93
71 55
37 128
76 25
5 38
12 165
22 114
39 94
73 166
19 128
55 59
51 42
13 56
18 150
35 18
98 131
29 104
39 25
12 49
34 71
52 45
64 123
66 30
61 120
17 32
71 179
82 171
41 48
26 11
13 138
49 146
86 14
24 135
8 133
20 53
27 37
37 165
33 165
73 75
69 165
62 17
30 89
84 105
87 94
47 200
25 175
36 41
83 31
82 200
44 18
79 194
66 92
14 32
35 56
29 181
84 70
61 163
97 198
94 136
13 81
96 156
79 119
38 200
95 64
14 176
71 13
95 167
