400
14310
48 178
94 102
46 97
99 145
79 122
42 29
66 51
73 38
62 110
82 197
75 165
25 122
40 27
64 36
24 144
63 37
52 167
8 85
3 151
44 20
28 166
12 193
88 183
97 137
49 84
88 27
94 118
39 145
42 101
41 93
87 82
85 131
96 44
31 166
77 91
25 143
40 195
6 69
16 138
63 104
48 188
5 178
40 164
5 12
71 78
39 32
100 191
14 132
76 121
34 98
36 134
14 36
19 174
91 172
89 121
61 71
14 50
50 185
88 59
100 34
18 46
21 140
42 164
76 148
40 67
72 39
93 140
55 109
30 113
60 111
67 120
23 82
83 88
92 75
69 102
84 150
11 194
87 87
18 49
41 19
6 101
66 141
14 180
71 175
97 16
1 147
76 95
62 139
89 85
56 188
40 163
98 196
90 197
70 23
53 16
79 37
38 119
74 166
22 51
10 69
22 154
89 36
10 189
30 174
67 129
11 142
77 181
32 28
34 126
87 150
67 168
69 98
44 85
67 198
42 114
95 157
86 57
56 33
44 85
26 38
1 192
100 63
40 128
14 167
96 124
96 31
81 140
84 78
33 67
75 35
43 125
25 133
74 145
97 136
98 104
24 188
56 172
67 185
60 109
83 199
85 88
8 182
12 98
14 181
85 15
55 67
30 151
69 11
78 145
54 157
19 116
53 99
54 101
22 49
90 121
71 182
48 15
6 161
98 171
76 18
92 145
22 67
30 48
13 152
26 157
24 129
13 197
1 40
32 52
4 80
85 138
74 185
12 173
12 85
2 144
63 147
6 98
96 36
15 85
5 55
92 40
59 11
89 48
70 200
52 18
80 90
50 41
37 162
19 21
70 168
57 70
75 48
58 46
25 120
37 111
48 197
27 97
87 122
63 156
46 119
89 64
45 154
2 67
16 61
21 200
75 64
90 188
87 84
89 199
15 80
95 68
92 148
70 87
14 97
63 195
30 54
60 76
52 141
14 156
62 76
70 29
12 43
77 34
9 99
40 150
36 141
3 195
78 125
85 111
57 104
3 128
82 167
50 154
50 80
73 189
84 179
62 174
45 74
87 108
71 84
69 57
41 53
4 88
72 147
78 15
63 11
52 69
22 118
71 34
51 139
8 77
28 174
86 55
19 156
55 66
9 149
19 140
54 100
78 136
62 153
38 86
46 51
76 169
48 116
9 114
100 111
41 186
37 179
25 40
10 89
39 35
74 94
8 106
73 133
97 78
37 18
54 87
15 196
76 43
11 73
18 163
80 23
10 63
30 107
50 109
82 113
9 172
34 185
82 134
49 168
78 142
30 138
60 148
29 82
90 110
1 27
94 22
11 75
10 183
58 140
80 47
2 27
25 99
11 195
85 66
70 155
74 63
51 199
61 190
25 118
100 196
1 16
98 86
99 178
3 89
81 13
33 117
56 139
40 26
8 33
84 160
22 167
68 106
71 51
78 64
88 92
3 49
43 63
59 150
63 136
56 118
23 64
32 24
23 113
89 22
63 164
23 54
66 141
13 169
4 89
80 124
95 115
86 161
31 185
25 139
24 27
42 104
45 124
14 71
51 32
18 24
100 182
27 49
78 38
62 117
43 119
30 35
85 194
55 128
74 140
97 155
64 67
66 125
96 180
94 34
94 134
85 98
9 38
33 33
13 125
47 110
84 27
21 121
15 52
81 165
80 145
8 114
50 100
59 149
87 30
23 42
44 69
1 93
15 180
75 148
33 156
54 64
11 63
32 184
47 60
1 166
65 190
84 41
33 109
96 192
41 132
4 123
30 90
56 126
84 154
