200
6766
44 173
9 101
89 178
61 29
97 146
50 61
74 73
99 103
51 149
16 160
7 103
48 39
9 65
32 156
96 114
59 195
1 173
64 18
90 185
44 182
19 129
91 68
64 116
20 94
12 68
90 130
84 57
4 182
53 134
52 64
49 153
81 73
3 66
4 58
3 188
40 34
11 68
38 13
79 189
26 185
1 196
25 10
31 187
3 86
58 143
47 21
56 68
37 25
89 43
18 179
88 10
86 178
96 130
84 41
44 26
16 125
96 154
64 111
30 33
64 198
42 131
30 33
15 86
90 29
99 51
18 147
45 189
93 70
99 190
78 160
26 195
13 147
8 127
28 179
69 152
56 109
74 189
75 28
88 146
66 33
31 24
35 173
54 96
14 35
7 29
25 184
14 73
15 118
57 97
68 76
37 96
96 167
89 112
71 188
86 94
12 190
1 165
99 34
4 91
46 122
2 94
44 18
64 185
12 33
87 163
38 150
48 93
2 168
1 58
47 160
29 79
57 15
77 62
63 49
62 179
89 85
18 62
25 189
40 13
54 52
69 104
31 59
23 45
33 184
65 195
21 66
37 95
34 189
13 174
10 163
39 41
38 33
66 77
38 33
22 162
89 172
36 24
23 156
96 135
85 193
37 12
34 192
5 113
5 19
52 25
4 119
95 144
38 119
98 167
47 139
4 186
43 193
13 56
93 173
85 80
73 130
89 69
4 200
5 120
49 41
34 118
34 29
36 23
61 110
25 47
71 170
62 11
77 93
72 194
48 89
83 189
66 71
9 153
58 59
65 174
61 86
70 174
89 121
62 129
54 117
78 153
54 165
16 71
82 124
81 131
14 20
9 108
11 76
69 72
97 126
87 176
99 191
28 132
25 129
92 79
12 54
25 195
76 84
53 78
52 163
