200
7443
93 90
89 106
68 200
84 146
47 40
38 195
15 131
15 49
76 10
69 128
47 120
28 173
48 136
82 10
66 157
62 173
67 157
27 176
20 94
80 32
14 191
30 200
72 60
39 175
64 199
69 125
98 111
20 13
88 142
44 45
43 81
9 48
45 86
88 25
33 172
93 75
18 122
46 40
55 88
35 152
62 183
25 21
20 71
93 107
20 151
65 73
51 103
58 167
21 100
76 161
90 139
65 86
37 178
85 31
62 40
9 15
53 72
4 67
23 158
81 103
28 23
51 93
9 158
71 152
51 127
67 84
93 176
76 96
73 155
79 133
94 181
44 39
24 47
88 178
22 141
62 125
56 88
79 152
77 22
85 149
96 39
37 174
11 87
41 145
59 198
3 137
21 163
23 83
52 49
82 15
73 170
3 35
100 21
62 14
37 134
71 173
15 49
34 84
76 96
69 79
84 74
74 88
52 121
87 195
80 55
4 189
87 197
6 67
42 161
50 79
9 35
52 176
78 37
34 13
67 157
49 189
99 164
12 93
51 15
75 81
20 93
77 104
53 49
88 63
79 191
10 14
47 62
30 190
40 183
36 12
38 147
2 124
40 64
94 185
73 170
98 31
58 90
90 174
28 66
69 94
7 75
26 151
58 101
66 45
20 142
53 73
39 105
58 189
31 51
70 134
41 72
95 132
80 22
72 101
54 91
2 67
3 69
80 27
12 62
74 114
46 107
34 155
79 17
99 141
4 155
72 82
37 70
19 173
93 93
37 191
33 177
93 132
52 119
59 87
73 72
71 108
14 22
79 49
85 22
27 186
100 188
78 174
44 190
17 131
80 69
30 74
23 27
74 83
78 68
39 127
15 118
35 45
3 118
1 118
97 168
99 47
89 53
79 52
95 137
30 13
