200
7602
24 29
31 159
63 185
64 131
66 75
20 79
89 60
32 122
57 49
74 38
72 145
9 68
58 55
21 99
92 22
38 102
28 54
34 90
57 194
21 86
65 131
81 116
77 138
72 129
6 53
56 120
74 171
11 175
14 86
22 119
5 128
85 185
36 81
100 130
32 44
87 95
93 122
46 85
26 179
86 111
10 112
41 148
35 111
99 188
42 171
44 128
46 34
26 112
89 86
48 120
39 186
86 162
24 98
66 181
85 185
37 185
65 145
88 117
94 73
14 192
43 24
51 34
63 168
63 92
6 189
22 114
93 70
84 178
99 31
45 169
94 58
22 28
30 88
52 71
64 76
30 102
4 105
45 118
91 57
98 64
91 144
50 37
59 161
38 70
93 46
40 42
88 174
32 167
87 170
93 170
36 114
58 22
99 120
51 54
53 152
76 94
8 140
60 87
35 164
97 101
1 171
87 20
49 191
31 95
93 76
79 25
98 107
7 21
29 150
56 196
39 45
62 136
66 159
29 77
77 65
1 58
9 95
16 176
78 28
92 167
62 137
30 74
34 42
79 194
77 107
48 47
18 36
96 197
70 70
86 101
28 54
27 117
86 172
85 169
17 51
48 147
47 70
53 124
40 194
33 157
5 108
22 137
38 47
100 38
87 186
45 128
84 27
35 32
55 131
6 130
79 170
98 197
52 130
21 124
4 13
77 154
60 133
76 129
55 177
54 49
79 72
91 165
58 68
65 184
90 182
90 126
41 53
32 30
44 190
45 21
22 140
27 60
28 24
75 142
45 121
24 140
41 120
98 107
96 118
29 190
92 27
80 21
46 170
13 141
93 90
90 119
67 33
98 15
90 101
15 27
54 40
63 178
17 26
5 161
77 63
56 142
91 64
11 196
53 123
69 45
