200
6635
2 14
69 17
31 172
42 143
7 28
65 50
54 177
81 89
15 102
96 127
75 151
83 174
56 148
93 156
51 110
61 56
8 200
65 130
98 154
21 47
91 41
11 182
95 110
18 51
28 17
4 197
54 89
64 164
84 21
44 50
12 95
50 86
14 132
36 132
8 167
34 140
92 150
24 19
22 128
7 140
100 167
75 32
58 186
73 128
81 173
49 95
30 36
87 156
30 13
93 93
12 64
16 93
27 70
28 56
67 35
67 145
53 64
43 161
44 28
46 171
28 162
44 21
82 89
39 12
77 77
54 39
1 43
64 130
45 121
10 43
6 35
64 132
78 157
25 92
36 34
54 20
64 146
15 97
35 20
55 74
6 158
79 16
89 19
9 124
61 107
77 162
16 114
61 33
35 123
53 177
44 68
53 92
78 192
56 163
19 90
9 189
35 77
45 48
32 81
88 70
75 126
86 130
35 54
24 154
87 150
36 158
54 144
37 158
4 11
34 57
39 132
37 120
45 28
65 71
52 35
62 136
11 129
2 112
88 188
47 49
24 146
16 48
44 70
83 124
74 192
11 189
70 180
5 152
88 69
47 156
5 36
33 174
32 61
47 128
10 107
29 26
26 28
75 183
65 43
9 128
61 29
65 80
85 62
66 194
74 179
1 129
40 117
16 145
90 100
64 131
37 18
69 60
15 36
23 157
42 184
11 63
87 99
79 104
60 148
52 142
53 185
80 45
7 37
97 12
43 137
75 91
3 56
25 10
51 26
35 186
53 63
17 156
25 105
19 40
26 117
54 74
77 67
74 71
61 136
54 162
4 119
61 199
91 145
72 99
8 125
83 16
22 32
29 10
52 113
77 77
87 26
37 181
67 133
36 73
14 14
68 146
70 12
24 108
98 108
35 35
