200
6428
9 45
54 65
51 45
15 52
73 191
50 124
20 166
95 195
30 126
8 35
30 118
17 136
62 122
56 143
13 177
13 53
62 161
56 192
86 43
13 103
26 130
57 56
21 66
83 154
87 150
41 118
26 109
36 94
1 191
24 119
28 167
26 93
71 146
81 155
46 133
11 18
17 27
5 192
22 23
15 23
31 122
14 41
67 31
57 88
96 116
8 143
95 146
80 51
5 161
98 36
75 93
98 31
19 51
88 99
23 126
20 135
40 127
81 51
96 160
19 87
59 173
27 164
37 69
94 71
69 104
15 181
4 12
75 103
84 97
18 97
45 145
97 22
31 70
76 175
68 73
35 127
80 131
100 17
58 144
46 133
56 23
8 181
63 73
42 43
51 70
17 28
35 42
12 156
33 63
10 17
19 196
96 38
90 141
80 124
50 125
90 23
9 20
38 172
77 174
3 100
29 168
61 92
36 61
88 84
7 157
75 152
62 188
41 63
21 150
64 90
80 131
76 140
51 125
9 154
17 66
44 13
98 109
21 196
52 107
27 104
42 102
14 60
43 186
4 182
17 21
35 77
4 40
35 159
18 53
16 102
35 91
29 62
89 79
59 33
74 48
12 102
92 175
7 155
22 20
23 143
43 87
74 83
65 53
67 55
59 86
27 11
42 145
68 10
88 54
26 159
9 71
47 15
1 123
23 157
14 133
31 106
48 122
6 80
15 200
86 142
46 99
65 161
83 10
8 41
13 71
12 168
66 43
76 130
58 127
79 26
55 109
3 86
15 80
14 154
25 59
80 24
45 105
16 163
49 193
90 163
14 23
99 159
45 84
36 155
45 79
74 110
29 38
95 200
72 21
92 181
16 102
23 192
97 93
41 136
90 129
28 79
43 24
61 63
79 133
95 17
