200
6867
5 122
57 135
96 187
26 65
30 131
58 95
13 136
52 43
73 183
34 198
15 177
19 198
41 92
16 134
8 39
49 140
51 68
69 124
37 102
51 159
100 192
61 121
59 29
78 139
36 94
71 127
68 140
64 196
50 175
65 64
4 104
69 181
86 196
36 118
9 179
31 115
97 153
52 132
63 34
46 159
43 165
58 131
12 39
8 79
30 137
54 69
75 78
11 117
44 171
93 40
54 154
42 111
27 17
75 25
30 83
89 75
56 17
46 97
84 148
60 104
75 57
81 65
67 65
36 54
35 198
95 81
1 64
70 69
38 138
18 71
95 81
7 164
97 33
91 16
40 56
45 28
38 198
31 80
60 100
100 77
41 49
84 148
86 157
72 166
58 16
15 188
39 65
39 149
73 177
57 186
58 21
89 152
66 119
40 149
67 190
73 177
19 72
88 167
6 179
42 56
9 139
28 200
11 54
82 35
25 77
57 197
22 20
27 170
51 130
64 83
46 83
35 15
75 88
75 168
78 35
17 134
38 114
72 185
8 50
30 51
83 90
95 55
11 38
74 119
17 30
4 144
10 10
16 125
46 79
37 82
40 199
92 183
39 38
1 77
67 110
75 192
46 15
42 102
73 155
37 74
27 187
35 72
58 200
15 96
51 86
26 87
48 69
72 63
94 73
40 136
12 187
11 18
58 113
8 192
12 146
82 46
26 90
90 160
5 28
65 111
58 191
24 89
21 83
34 67
88 198
88 84
9 43
11 147
30 161
61 161
44 31
42 156
95 15
53 107
25 142
69 29
6 93
70 134
74 54
30 83
63 79
54 80
81 80
6 185
35 53
33 122
85 136
89 43
52 154
99 120
96 16
91 108
56 92
7 147
8 123
96 132
34 69
77 159
29 130
29 75
