200
7638
73 103
69 72
97 52
40 60
93 28
80 21
3 83
12 170
76 38
12 33
14 73
49 180
13 47
86 53
64 48
84 145
56 98
56 130
26 165
69 92
66 66
56 111
10 103
79 19
92 133
20 147
36 196
44 59
38 72
53 133
47 121
67 18
97 80
99 150
10 178
41 185
67 45
2 40
67 142
55 139
49 148
5 57
70 60
66 187
21 186
77 80
27 118
16 126
92 29
31 92
53 159
95 166
81 171
9 32
66 169
85 64
83 41
84 127
36 139
78 51
78 64
83 162
30 167
18 166
50 115
39 178
21 44
3 47
89 85
69 17
63 154
90 90
78 22
1 157
35 79
41 60
7 61
14 155
74 136
97 77
44 85
77 88
95 53
4 134
22 31
81 114
97 94
65 149
66 149
98 137
21 35
90 147
86 84
20 111
91 158
93 133
30 149
46 46
26 13
89 152
53 30
93 72
68 14
88 86
23 150
70 73
95 186
87 86
12 136
7 122
24 30
62 182
77 46
97 84
34 148
82 119
54 197
15 59
24 33
92 91
2 132
72 135
69 54
96 99
44 151
87 143
65 57
79 68
65 172
94 46
99 186
67 28
86 19
69 23
7 197
44 72
52 163
9 74
55 11
27 118
3 164
82 166
68 199
60 162
98 131
99 68
6 133
20 157
70 117
17 24
100 197
89 134
88 181
71 108
20 98
13 100
70 150
40 64
4 87
88 195
74 111
26 77
74 134
89 165
72 87
16 96
47 188
4 176
34 111
71 121
60 86
53 147
32 16
99 158
93 200
60 121
81 53
8 140
42 80
65 162
80 182
61 115
63 157
13 39
17 111
7 134
53 95
85 143
40 20
58 130
71 105
30 47
49 142
37 42
44 23
12 189
98 22
47 164
18 10
15 101
