200
6979
10 118
74 118
63 102
71 54
89 75
19 55
36 105
94 120
73 75
12 18
93 44
11 79
53 178
34 110
42 35
15 197
81 116
71 181
70 118
19 151
97 160
34 81
78 38
59 35
9 93
40 10
3 99
42 96
69 16
60 88
68 113
69 133
35 112
11 54
34 138
36 18
37 151
36 99
7 197
42 79
57 20
41 62
70 34
77 198
100 171
30 185
48 22
80 23
30 111
67 157
8 45
62 97
72 75
75 41
63 171
10 155
97 10
18 183
57 32
67 50
61 132
91 32
19 105
77 192
17 166
64 143
2 109
48 153
22 11
80 102
86 93
74 153
12 145
5 124
55 108
88 22
69 43
78 26
80 67
78 135
94 166
68 36
83 134
44 122
57 116
94 128
6 102
84 96
41 149
95 146
23 24
32 61
74 140
67 114
52 46
73 95
22 167
11 163
15 71
59 170
17 161
13 12
42 63
53 25
16 76
27 42
3 147
95 124
26 135
60 11
69 52
57 127
47 32
7 162
5 92
38 95
3 30
76 42
46 15
76 81
41 161
95 151
44 95
13 176
50 174
46 182
52 195
82 177
89 190
9 12
80 34
14 43
93 115
56 156
65 93
65 131
48 125
14 54
100 43
86 36
72 29
84 62
7 54
60 136
37 169
55 145
57 12
81 175
33 179
6 114
45 41
84 170
96 118
5 24
44 13
61 121
33 51
71 102
11 161
75 142
14 162
51 153
66 26
29 123
50 42
3 91
52 114
8 72
57 157
41 160
45 99
94 130
63 163
29 85
18 152
52 88
40 179
45 187
52 168
14 77
38 57
47 92
39 31
63 123
31 69
14 172
70 12
73 154
44 47
78 132
57 173
43 147
70 131
41 200
28 192
84 132
71 167
65 179
22 90
10 132
