200
7062
6 92
48 193
69 17
53 136
19 43
36 168
47 136
61 10
83 50
83 168
41 91
54 147
48 195
33 45
69 199
43 73
6 184
76 192
5 69
28 101
94 128
95 67
49 189
1 114
12 49
15 35
90 200
68 99
12 25
77 108
72 182
86 56
9 174
75 200
4 91
13 23
74 48
41 72
89 64
63 101
12 77
57 140
78 70
79 192
55 126
65 136
62 55
95 171
73 41
86 137
35 27
55 59
84 105
63 85
27 160
98 161
20 39
7 59
48 115
10 148
40 122
14 76
87 154
47 21
69 190
26 143
65 52
24 122
20 130
19 34
100 41
31 135
78 42
82 148
16 165
20 185
11 15
14 124
11 37
73 135
57 12
57 25
26 80
70 133
34 121
26 156
39 104
83 152
40 83
46 85
3 171
95 114
41 90
56 80
32 78
92 76
92 144
52 67
74 75
96 174
99 108
95 109
38 158
86 138
18 32
71 164
85 44
71 88
73 102
44 38
69 198
57 40
76 115
97 58
93 105
8 56
98 111
70 28
34 156
16 196
21 27
45 80
11 45
67 67
15 131
25 30
92 47
52 139
33 78
82 61
89 45
83 121
86 104
19 24
38 128
22 47
14 30
8 87
38 116
53 168
36 145
2 62
22 145
8 126
35 26
33 162
29 176
2 129
74 63
26 105
73 171
84 117
84 170
43 29
33 148
19 111
99 85
68 50
65 73
67 41
49 39
34 59
70 104
18 135
87 16
40 60
65 17
51 149
24 47
88 173
94 142
84 132
10 191
26 146
27 115
56 159
36 118
88 100
31 88
77 33
51 189
16 158
43 189
19 27
16 174
12 106
38 163
14 24
100 126
25 16
56 136
29 143
73 92
62 74
61 119
73 127
48 186
18 76
90 63
83 51
