200
7224
43 199
94 109
92 199
14 129
28 52
13 69
96 180
83 180
33 28
4 151
38 105
89 196
91 186
92 77
93 46
82 155
58 62
63 97
55 72
40 142
90 153
42 170
44 66
49 126
100 74
46 178
66 113
29 165
100 69
47 162
82 159
85 43
100 165
58 51
37 135
37 194
13 26
56 19
65 121
44 48
100 151
29 42
39 148
17 14
21 149
82 178
26 164
14 130
33 69
8 83
72 33
22 161
72 169
76 15
98 20
80 123
64 84
16 175
57 84
72 147
13 159
5 131
91 37
14 157
69 49
95 150
45 127
41 130
11 124
10 42
6 87
22 183
78 142
50 166
74 63
85 186
13 12
32 87
20 28
27 72
44 58
64 183
81 129
36 165
84 194
34 189
73 111
97 173
5 19
54 145
69 172
36 101
49 86
40 186
43 200
27 103
45 184
72 163
59 151
87 59
8 20
84 182
95 118
32 139
85 128
92 44
89 118
27 47
9 111
44 192
25 74
23 29
49 29
24 25
39 71
83 131
1 198
87 116
46 153
70 55
82 148
47 73
3 126
44 136
2 17
60 178
92 198
64 49
32 176
56 67
17 172
54 105
39 182
6 83
27 125
34 128
8 75
65 42
29 105
26 69
72 156
85 183
85 188
1 85
79 79
2 57
74 103
25 178
86 187
28 149
84 177
53 172
85 49
7 83
73 39
69 42
14 48
61 46
93 29
68 102
60 141
98 169
78 57
45 163
50 132
63 180
30 168
45 50
99 22
74 20
40 176
40 165
28 121
64 116
27 141
5 25
19 37
81 56
64 85
36 71
10 109
83 18
13 65
62 127
86 108
40 154
65 149
22 12
83 74
66 46
57 120
100 86
21 70
28 123
69 104
8 95
72 183
74 78
2 15
82 113
