200
7081
3 183
76 134
100 91
26 97
84 194
23 148
74 179
99 116
41 114
13 89
58 162
12 89
73 143
36 163
37 101
89 167
91 76
89 19
74 21
47 11
68 28
54 95
62 61
55 92
99 28
79 43
44 153
29 114
78 41
65 125
11 154
99 188
83 80
27 196
56 133
9 78
91 74
92 70
14 159
5 62
59 67
60 158
47 160
26 73
81 157
1 172
67 175
66 35
34 73
57 141
4 102
35 126
12 131
56 50
50 176
39 88
73 59
38 165
84 83
4 60
36 69
15 63
6 167
73 84
80 39
7 183
67 196
59 35
42 143
96 11
57 154
56 70
45 183
41 115
91 34
3 44
13 23
49 83
62 188
59 101
27 110
41 39
7 116
39 20
96 24
10 41
27 169
84 198
90 82
63 90
65 78
63 152
83 185
26 101
36 152
27 158
19 20
98 17
24 167
25 93
76 161
87 182
54 173
31 147
67 110
83 147
30 84
56 199
59 26
93 119
20 33
84 132
17 157
46 191
26 78
22 147
28 193
36 85
43 97
81 155
61 22
24 189
70 129
45 62
31 60
90 108
52 173
66 181
35 114
8 145
90 160
4 178
26 191
37 107
75 114
11 63
48 175
5 70
88 36
12 60
61 94
57 198
50 83
7 199
3 181
8 125
77 113
24 176
33 116
79 128
78 192
69 58
4 184
35 16
28 50
19 89
76 15
58 150
88 30
84 45
82 141
72 85
32 160
77 148
91 138
27 194
61 200
55 137
100 82
4 123
28 74
31 89
14 151
52 137
45 152
7 91
4 53
64 141
41 32
59 196
85 16
64 18
51 71
76 125
42 78
5 180
35 47
71 36
69 158
74 48
99 68
89 61
67 60
76 67
74 87
74 157
36 89
72 118
91 121
1 146
