200
7188
75 125
44 172
4 11
56 134
72 134
44 156
14 60
49 180
37 78
100 139
40 182
24 120
91 120
49 189
50 49
51 18
75 100
27 167
7 157
19 177
74 83
63 157
54 180
72 115
20 71
19 175
50 182
57 17
66 36
51 15
65 49
4 57
56 128
2 95
28 25
46 105
57 161
46 39
47 172
77 23
22 158
3 154
25 88
40 101
70 85
76 38
73 21
45 82
68 103
72 94
23 13
65 179
75 161
59 100
87 178
4 119
21 96
48 187
5 47
84 148
22 77
90 133
51 59
86 41
34 47
70 113
27 195
77 124
61 59
7 109
97 60
54 100
28 83
73 195
55 21
82 59
91 92
33 93
23 91
15 111
61 26
21 195
78 147
90 68
56 32
96 141
30 197
2 190
70 176
62 71
28 197
13 92
82 148
99 23
74 74
7 146
68 149
21 84
79 56
57 186
14 91
85 81
71 58
69 68
16 34
45 181
96 52
72 43
18 118
14 34
5 102
27 102
70 165
84 149
61 151
63 109
31 11
59 194
98 166
16 143
92 17
69 165
2 175
75 139
86 168
72 85
65 164
60 195
81 88
6 100
89 74
5 95
55 26
91 175
52 132
82 140
36 114
18 162
86 75
82 127
71 111
80 80
22 188
39 129
86 38
94 171
65 15
28 45
24 98
26 20
65 81
51 47
39 58
20 166
27 83
99 64
53 45
46 107
10 109
97 155
21 158
18 98
78 67
53 99
72 137
51 146
96 47
67 72
30 120
1 77
60 195
5 61
98 90
92 171
16 50
18 57
16 131
28 173
44 196
61 33
74 140
89 88
30 100
67 107
50 35
25 168
11 140
47 32
8 86
99 80
46 129
13 162
63 104
85 99
1 157
68 38
61 133
82 68
74 155
75 111
