200
7620
74 181
91 88
97 108
95 80
90 60
86 28
89 127
52 11
8 23
31 167
73 95
41 127
67 99
94 14
15 112
99 16
9 144
11 41
78 162
90 135
46 104
53 157
14 56
62 39
40 192
97 133
53 27
59 126
41 97
78 155
40 44
10 84
66 166
70 89
11 105
82 170
92 60
13 35
61 93
64 20
88 81
96 56
68 196
49 197
39 26
28 47
3 167
39 157
83 90
22 134
46 145
89 95
62 53
10 122
42 154
71 195
68 159
1 11
48 17
43 71
17 63
24 106
99 115
43 93
4 176
31 86
95 49
32 156
99 151
87 64
14 53
77 142
97 52
62 94
78 101
35 80
15 112
77 51
91 196
52 48
95 41
13 59
81 126
9 10
32 35
70 88
40 174
63 133
54 172
98 71
57 139
14 51
63 34
88 196
72 84
42 181
31 51
46 175
78 140
41 39
74 110
78 14
5 22
100 70
43 137
83 23
84 114
57 106
40 32
77 23
2 15
48 100
83 119
91 63
1 74
95 33
95 131
21 192
42 80
28 123
87 168
73 167
11 171
64 28
28 127
8 69
85 172
54 39
88 16
89 73
86 181
70 124
32 34
23 54
13 188
33 98
16 38
31 125
18 194
52 149
23 167
76 136
20 101
31 58
16 125
71 72
20 13
80 36
61 193
26 121
5 101
95 109
93 51
85 59
59 132
82 47
51 74
87 47
94 137
52 32
15 90
36 150
66 171
78 200
12 64
26 99
78 192
42 188
30 140
86 106
26 39
54 97
30 52
11 176
57 177
53 127
66 15
48 66
34 171
90 52
48 73
83 43
23 129
70 39
41 42
10 138
89 97
32 66
38 81
24 116
22 85
65 162
93 115
97 10
46 180
86 95
78 165
72 97
78 186
66 31
