200
6983
78 90
10 27
9 17
28 126
25 62
73 156
96 27
80 76
25 163
71 47
63 170
14 64
20 57
29 36
69 96
73 49
21 109
45 84
63 29
44 55
72 161
81 146
41 41
86 91
58 37
22 36
28 12
97 171
94 25
15 131
31 69
64 174
40 40
53 25
37 138
17 141
58 13
21 91
26 90
15 101
75 184
81 139
33 131
78 71
23 15
13 35
21 139
36 134
99 66
48 154
9 51
37 82
34 123
61 65
91 39
15 14
31 32
89 199
59 176
53 165
73 62
78 59
72 12
12 88
43 94
84 134
58 63
42 93
95 15
32 198
39 182
69 115
93 94
19 39
99 188
98 26
54 16
72 76
7 14
43 126
48 112
10 56
94 65
96 15
32 77
86 83
3 100
27 147
96 153
59 159
32 184
55 110
1 35
36 59
70 199
24 16
38 147
60 116
32 16
38 120
98 51
40 154
15 42
76 22
83 143
75 116
55 111
5 69
92 66
82 121
97 132
72 53
13 95
37 120
50 66
49 107
53 12
84 156
33 191
88 180
78 199
72 43
43 72
89 66
79 139
69 199
62 23
13 80
35 103
25 69
5 51
90 181
29 94
89 141
78 155
3 135
53 153
34 41
64 153
32 23
60 35
9 18
57 53
24 174
31 56
5 11
24 161
65 121
77 29
63 97
12 157
100 107
24 95
66 30
25 146
2 160
47 151
35 10
52 94
84 79
50 200
2 11
54 16
50 63
26 120
10 183
40 168
91 73
37 12
11 153
79 14
74 32
94 20
14 46
77 106
87 120
36 97
22 155
90 80
45 26
25 97
44 175
47 160
8 193
91 106
73 113
45 65
28 199
9 117
28 87
98 164
59 88
64 50
31 93
59 129
93 11
8 185
3 94
59 25
18 179
