200
7367
21 172
23 96
24 28
54 161
46 65
43 30
96 24
94 23
97 191
52 160
79 195
59 24
25 180
42 184
82 51
58 103
50 19
93 89
48 41
96 56
51 191
96 71
68 117
95 187
63 111
50 13
64 34
96 163
31 195
6 195
4 93
87 136
82 40
89 198
32 119
51 171
32 50
65 70
95 197
61 195
64 188
97 112
19 172
4 93
52 183
14 136
23 73
28 80
92 179
24 181
100 109
67 90
34 10
1 48
67 174
31 151
63 35
35 54
48 49
52 117
9 41
41 51
45 48
59 11
82 155
34 10
81 20
67 43
55 94
100 185
71 25
57 21
12 67
44 195
1 104
33 125
84 172
47 140
18 46
10 195
68 168
46 30
85 22
28 55
15 124
40 112
9 110
24 156
45 30
16 15
20 105
38 186
75 189
51 52
95 20
99 63
34 36
16 150
83 89
9 193
53 152
44 41
77 117
75 170
55 35
17 161
13 44
96 194
95 57
55 47
86 11
9 170
5 147
80 65
30 174
73 97
1 140
38 172
45 174
97 88
18 189
96 23
89 79
43 164
84 136
82 116
40 33
55 159
73 80
82 45
80 29
61 180
85 113
18 25
8 21
26 22
98 65
82 120
16 172
64 154
63 40
54 17
11 174
78 93
53 184
9 77
55 121
63 191
2 128
16 68
35 148
1 28
100 197
32 42
59 106
56 90
97 27
92 134
61 34
30 87
88 64
100 146
98 105
41 35
26 151
87 200
77 46
41 21
5 176
57 40
23 160
70 155
5 57
58 196
39 101
1 59
80 21
72 24
85 101
47 48
90 128
74 166
89 138
77 49
47 105
9 77
79 60
72 131
75 40
12 151
1 169
21 78
81 173
10 182
23 110
90 96
93 159
9 62
5 65
96 69
