200
7227
56 165
86 43
1 21
38 26
89 150
75 68
85 36
49 126
82 123
2 54
14 79
2 199
53 91
71 170
7 72
11 115
99 194
16 186
8 106
67 142
81 47
94 51
80 117
41 77
72 157
86 166
99 151
54 197
97 49
12 78
16 190
75 120
74 120
1 40
32 99
50 18
21 127
72 51
18 97
59 72
99 56
47 75
28 145
30 107
71 17
75 89
88 178
16 17
62 132
17 171
77 39
45 125
61 159
68 155
81 195
8 58
68 115
47 142
79 190
60 73
16 95
1 57
94 158
16 148
54 195
88 161
73 175
22 149
93 171
18 113
66 84
91 133
24 84
30 126
100 149
51 125
69 67
62 30
32 110
40 20
30 155
56 20
93 27
29 75
36 170
33 77
53 134
56 113
82 60
82 122
5 114
4 139
29 160
24 113
17 134
13 167
83 11
100 180
96 63
27 106
47 154
2 70
83 45
71 181
23 69
60 125
44 131
25 33
77 37
47 32
6 55
65 158
68 65
32 192
73 161
36 107
6 108
39 163
85 113
87 13
44 143
35 70
83 192
85 100
90 118
56 51
97 174
69 116
1 93
45 19
37 107
67 177
25 103
41 136
18 68
30 120
85 32
94 25
55 29
73 37
9 190
35 70
61 39
49 89
80 108
41 29
95 131
64 171
31 11
90 52
55 175
77 147
91 189
64 89
34 122
93 23
96 152
8 67
58 72
91 76
62 149
8 147
76 40
20 163
74 69
67 111
83 85
66 157
70 98
95 79
62 36
63 121
52 144
38 66
73 71
13 194
45 131
73 188
38 110
10 41
5 117
3 88
53 146
94 197
75 154
60 45
13 71
49 187
26 146
9 109
45 195
44 155
27 59
10 118
30 188
7 55
80 60
49 148
36 93
34 179
