200
7032
2 42
95 28
67 175
94 104
87 68
6 17
37 137
4 30
95 170
20 186
5 18
36 129
9 75
50 86
95 18
11 95
81 74
84 62
2 67
2 12
42 191
77 84
94 169
29 149
38 102
67 102
26 172
61 122
70 108
80 24
74 59
80 110
41 21
50 13
95 174
87 23
95 118
57 153
39 114
51 41
3 16
79 74
10 187
28 13
61 122
53 180
51 12
45 91
43 83
96 100
18 115
11 56
44 76
25 70
37 98
99 139
87 143
40 18
9 148
38 111
71 143
28 147
72 156
3 190
27 46
1 98
45 194
62 160
61 198
44 28
2 115
66 150
2 178
84 92
72 97
57 197
10 114
3 137
99 52
2 114
71 17
20 28
62 30
27 125
58 180
53 75
86 175
49 95
89 37
37 79
79 142
17 98
9 124
96 183
80 144
42 35
19 190
50 70
82 86
6 195
90 196
89 86
9 35
85 73
21 84
69 141
94 91
11 78
74 18
73 71
21 120
18 99
21 112
12 175
4 92
29 96
14 86
88 149
6 132
57 195
44 133
75 174
89 26
92 168
35 198
82 84
69 65
53 137
45 32
4 46
62 177
18 131
100 175
19 84
36 17
12 16
11 199
57 148
89 13
65 69
55 99
48 197
95 97
58 81
88 29
68 154
29 35
54 12
98 194
94 127
88 81
37 35
55 39
41 11
89 187
87 103
39 146
67 72
3 121
89 191
69 77
29 64
8 46
89 138
45 192
13 191
53 18
47 25
43 54
94 191
90 152
52 64
90 38
54 180
20 161
29 83
24 189
44 96
75 43
54 45
42 135
83 85
6 16
35 197
85 23
81 130
5 104
90 67
73 147
6 104
28 50
68 53
69 155
29 98
16 29
21 60
63 165
71 37
38 198
36 142
