200
6841
51 114
83 177
39 165
67 104
40 31
78 10
24 104
36 109
30 87
44 153
12 119
62 196
69 158
48 59
71 65
64 147
10 162
15 168
73 67
39 36
32 150
100 107
14 134
16 173
56 97
52 98
97 39
30 50
16 185
48 134
74 107
12 39
15 63
27 135
29 44
57 118
29 64
17 30
35 77
49 53
83 167
10 34
15 45
90 164
29 70
48 163
42 44
73 56
19 86
58 105
29 151
53 172
29 49
40 15
75 181
99 77
57 161
87 116
35 145
68 160
29 90
52 187
69 31
67 165
46 174
30 186
95 171
99 147
36 99
53 108
81 111
4 122
21 107
19 150
93 76
21 174
55 21
98 87
9 80
64 80
76 182
42 12
46 72
51 117
83 19
57 138
34 115
30 70
99 160
46 185
27 148
88 31
21 161
28 108
25 131
24 188
91 80
10 26
18 15
71 85
89 171
20 135
32 131
55 181
71 24
3 127
63 163
40 171
25 22
75 136
65 51
91 152
41 41
87 120
91 16
63 55
80 132
72 121
20 16
45 149
80 15
44 196
34 128
69 47
57 115
33 128
15 14
3 64
60 120
34 119
55 124
83 113
46 103
12 149
32 16
51 174
29 46
14 23
59 199
79 178
57 59
57 71
90 32
53 32
98 190
70 97
64 53
71 193
59 38
59 108
87 54
4 142
12 62
46 119
38 130
23 148
65 176
33 127
94 76
64 25
17 44
70 51
40 90
49 41
26 195
5 144
84 28
29 65
32 125
15 69
19 39
26 73
29 170
79 123
21 103
15 71
97 145
44 187
61 128
44 27
8 157
27 96
63 75
49 148
57 29
15 60
81 118
68 111
6 137
21 187
31 95
87 128
98 50
64 166
2 168
82 31
65 54
93 116
62 125
25 20
