200
6671
13 170
80 139
30 10
29 66
35 26
18 125
50 112
25 98
24 81
96 128
6 165
38 178
63 157
73 72
50 176
23 192
71 196
91 147
77 164
83 137
75 17
84 135
76 164
27 94
71 19
63 73
32 112
17 114
53 51
97 41
72 173
17 198
70 159
48 69
100 111
69 113
85 168
53 121
44 197
5 88
52 131
42 175
96 146
30 157
37 165
43 17
6 82
25 163
48 182
34 175
86 122
69 171
91 64
14 133
72 180
57 188
26 151
2 60
67 74
32 89
19 182
10 144
47 186
80 22
3 29
10 96
72 67
16 44
98 176
79 188
98 156
22 188
28 97
10 122
19 58
42 132
64 39
89 107
88 139
83 188
28 78
41 55
99 115
50 56
60 87
23 154
18 18
25 156
3 22
63 200
49 31
96 181
49 149
45 163
6 110
69 18
15 176
93 159
59 136
29 184
67 62
65 126
87 25
37 140
28 184
9 199
19 166
71 166
59 50
48 22
34 27
24 19
62 93
47 166
89 194
35 132
16 143
23 40
19 45
100 35
85 191
12 66
63 176
42 134
94 161
16 82
65 76
73 71
60 145
72 186
54 126
34 114
9 103
97 168
58 95
55 96
9 81
8 192
17 48
97 137
17 60
8 151
35 71
17 58
77 183
32 134
89 13
23 150
26 173
36 84
44 190
35 83
84 193
11 32
21 189
91 22
12 50
23 118
50 89
46 132
23 81
45 114
23 132
42 90
23 141
38 31
48 153
75 12
29 105
97 188
43 143
69 171
93 22
57 34
84 150
100 150
20 108
65 126
60 68
69 46
11 183
21 199
10 64
74 103
15 180
46 46
64 148
6 42
9 76
62 43
17 25
4 77
36 143
37 144
44 176
80 29
60 68
32 106
31 104
73 47
