200
7501
42 97
11 28
59 29
76 104
73 105
44 111
96 79
65 64
48 155
35 26
54 51
95 107
41 23
41 15
38 25
73 178
60 85
77 13
78 18
71 178
34 19
38 69
21 110
94 15
75 105
45 76
38 101
30 56
86 76
10 14
31 14
24 113
24 140
80 68
78 121
34 112
85 36
78 47
70 196
24 120
29 105
51 177
57 146
78 15
84 89
7 90
75 197
67 171
10 86
67 122
8 88
53 121
83 141
64 25
61 169
78 174
19 166
67 60
82 119
4 146
100 65
79 49
73 137
33 86
71 114
17 22
69 178
1 193
86 178
79 16
81 135
27 67
72 132
25 71
57 119
6 110
36 38
82 85
69 38
35 48
89 98
58 28
57 167
18 68
95 176
93 94
78 22
18 198
100 122
19 108
28 108
9 147
82 144
27 87
18 180
49 184
25 144
6 37
51 29
91 199
67 103
38 63
64 155
67 149
16 149
91 32
56 161
88 149
65 175
51 157
84 70
78 63
57 159
59 143
99 79
80 200
60 104
17 171
80 76
64 89
32 145
11 105
38 49
65 62
45 48
29 127
27 106
62 34
11 71
22 122
52 109
44 183
52 168
88 125
59 101
38 67
4 111
100 31
11 146
28 198
19 129
93 93
15 97
61 104
69 23
94 60
87 86
20 156
91 85
89 119
58 170
36 127
61 97
43 133
64 128
26 15
79 174
16 143
30 87
85 84
87 80
69 93
82 32
94 23
14 170
29 151
93 101
57 20
73 128
47 171
33 159
85 37
63 51
87 150
95 157
8 129
79 94
12 150
85 139
26 116
3 179
22 15
30 193
5 129
11 140
89 112
7 48
100 159
67 22
52 91
98 38
13 63
13 37
45 142
24 60
71 54
8 137
89 78
90 166
97 78
