700
24060
59 43
61 191
5 154
98 30
80 140
93 86
28 188
10 115
95 69
84 190
25 161
100 92
63 179
57 79
56 117
92 63
25 99
37 97
86 139
43 99
87 158
6 173
52 17
88 10
53 62
100 73
33 177
32 126
57 15
74 95
95 45
97 91
51 57
37 61
8 100
7 185
58 143
49 112
63 99
11 187
23 167
28 197
28 44
35 34
41 73
7 88
78 58
97 10
97 149
61 146
36 29
73 21
33 176
62 61
53 177
29 29
62 200
41 22
5 98
63 77
26 100
86 101
91 44
24 125
71 72
52 167
24 163
62 179
64 90
64 131
9 162
14 159
71 151
65 55
84 91
10 64
6 161
84 73
81 100
42 170
38 143
3 21
36 194
72 89
56 134
77 140
31 12
81 116
15 30
85 21
6 101
39 158
78 153
68 175
20 160
99 22
98 172
22 27
72 82
53 35
33 41
77 87
3 176
28 137
15 172
39 150
48 25
83 176
19 65
11 181
53 40
11 185
74 151
25 37
33 64
95 170
84 26
20 72
76 31
27 63
96 140
63 138
6 37
68 151
60 123
5 68
71 194
29 15
62 181
83 76
88 162
57 67
30 197
10 160
3 117
33 71
12 178
22 69
1 18
15 151
17 154
33 28
81 25
50 110
4 116
5 145
82 28
100 74
77 177
36 87
90 82
53 57
15 125
81 158
52 142
62 25
20 166
41 178
93 153
8 145
20 173
67 18
37 15
60 146
90 193
41 51
2 48
25 66
15 107
80 168
79 54
61 128
95 148
68 63
4 138
1 112
49 100
79 118
11 97
30 92
44 88
81 198
72 152
60 158
79 36
37 124
64 148
99 57
50 133
86 158
6 154
13 69
70 81
5 91
36 17
85 174
2 173
96 46
77 86
96 161
14 119
56 130
41 115
90 86
10 52
82 99
83 39
58 28
20 11
8 176
16 148
6 58
76 10
80 44
19 57
7 200
1 170
70 153
58 154
98 47
55 46
60 60
40 183
26 83
86 115
59 91
12 143
57 29
3 180
67 15
60 22
35 162
2 126
79 48
49 27
25 134
13 183
88 198
10 179
52 110
14 139
66 127
77 20
53 177
11 72
6 112
68 151
72 122
25 135
33 123
94 21
29 113
48 59
53 185
3 86
80 74
73 75
71 158
82 180
88 128
3 180
60 186
26 146
58 93
63 120
100 37
80 120
12 82
6 103
73 63
29 199
58 109
40 22
59 83
96 42
50 181
22 42
89 145
43 161
43 159
81 68
88 154
51 149
37 192
64 83
12 27
65 195
25 58
53 62
45 90
54 188
93 130
39 120
61 52
23 12
55 123
89 174
51 76
63 22
13 23
22 84
50 15
90 41
29 118
64 33
66 78
71 80
2 61
25 78
45 79
47 174
34 120
59 181
35 200
22 14
4 163
9 27
58 132
73 74
33 190
75 79
50 30
59 44
17 171
43 48
31 193
10 116
72 158
21 107
29 91
37 180
21 191
30 127
30 107
23 169
56 130
75 147
2 121
80 163
41 83
21 11
35 77
64 144
21 60
14 165
48 54
42 184
24 18
23 89
18 179
91 192
8 56
49 67
48 65
5 189
8 43
49 76
27 133
27 190
9 53
12 155
11 95
42 180
7 105
66 189
24 42
42 104
48 21
92 102
13 97
5 193
47 88
56 195
47 32
92 21
12 34
97 164
60 179
29 189
9 80
79 146
94 176
64 10
41 119
3 180
47 58
56 123
93 140
12 21
45 70
96 16
50 63
20 154
81 168
22 164
86 52
91 67
70 103
68 65
42 159
76 167
90 105
70 99
100 174
7 114
2 74
2 116
30 99
2 89
51 93
66 59
23 127
97 137
47 161
5 121
75 149
70 152
82 104
37 199
97 163
59 38
86 160
33 108
13 200
22 113
95 116
67 19
8 142
72 94
82 23
83 185
37 150
82 62
11 74
6 22
52 96
96 100
83 176
20 180
33 165
47 110
73 56
89 199
33 85
90 116
12 153
7 55
3 189
94 47
15 76
63 27
75 160
67 166
58 52
100 142
30 12
52 75
66 131
71 122
75 159
85 166
25 200
6 143
51 108
28 12
7 198
50 179
28 40
28 31
98 177
34 56
50 91
77 67
1 126
20 156
90 198
30 166
35 145
89 137
89 42
67 103
68 176
92 171
76 92
58 100
87 183
71 111
45 132
72 16
72 152
19 45
90 53
48 158
16 93
93 191
5 74
93 147
52 72
54 198
46 118
49 189
56 61
29 188
47 17
90 62
1 28
9 123
36 105
44 159
35 151
52 144
14 138
86 54
71 195
8 72
27 11
27 167
66 64
28 191
44 63
58 180
91 54
93 170
16 77
76 184
50 99
63 120
31 47
38 123
81 178
32 22
71 96
41 55
74 74
39 79
19 170
94 146
26 31
8 180
32 60
32 151
97 99
72 114
44 158
37 21
48 160
20 35
46 104
91 54
23 54
81 80
5 195
15 123
60 58
16 103
75 36
63 156
50 48
52 192
6 63
55 142
28 166
24 109
85 125
24 27
16 142
35 41
98 145
79 62
47 142
72 170
13 96
10 48
76 165
12 59
30 196
8 120
13 69
98 13
80 13
62 66
16 127
13 104
78 69
20 101
65 58
5 191
63 96
89 143
44 32
86 11
9 140
32 100
96 44
90 141
86 186
2 120
38 86
31 131
100 149
23 170
88 125
77 192
73 13
78 90
45 195
61 101
27 43
17 115
4 65
23 158
62 120
50 140
51 21
50 81
85 112
86 13
43 131
59 33
93 123
48 20
63 136
84 121
5 65
58 127
47 91
26 78
16 151
21 54
80 88
15 85
84 179
22 135
10 131
75 179
62 161
12 45
51 127
100 88
37 65
74 74
35 70
64 84
1 199
83 56
26 11
59 139
45 181
52 120
23 149
73 97
65 19
6 119
66 30
83 19
54 198
37 20
14 41
5 114
5 88
57 161
68 50
9 69
45 28
37 148
1 45
61 113
23 187
87 170
5 81
88 19
85 16
67 114
72 60
90 87
93 30
62 73
1 195
60 60
31 63
99 90
83 192
68 129
53 110
80 15
95 132
93 39
44 22
42 74
50 39
46 102
47 35
27 35
46 150
47 136
27 91
78 81
100 22
74 78
46 106
