700
25258
57 94
58 150
68 71
96 53
3 186
86 39
58 106
26 89
40 48
10 64
95 171
6 19
94 147
28 155
50 46
22 115
14 136
71 63
14 41
92 172
14 25
59 14
92 30
6 117
50 108
54 40
57 10
59 155
19 90
57 140
93 109
46 175
91 166
21 114
58 48
76 186
99 197
60 99
74 177
97 144
85 164
94 100
56 99
20 32
17 152
90 52
31 180
32 169
71 162
64 29
8 149
94 84
9 61
54 65
58 154
59 164
95 44
19 74
64 52
66 102
8 70
79 67
77 180
68 18
55 33
13 27
2 104
84 18
50 51
87 127
98 66
93 106
9 108
50 24
23 160
66 186
52 84
20 22
16 95
79 151
6 38
46 85
50 124
74 24
83 104
79 156
99 53
99 115
11 64
93 89
92 77
12 159
70 14
20 39
45 90
47 125
34 20
56 107
51 98
11 66
11 85
32 103
1 143
19 126
93 75
51 157
94 53
98 30
78 180
95 114
66 38
41 24
66 27
100 158
24 80
54 85
33 180
79 34
45 155
20 136
11 54
62 199
4 32
3 91
5 65
46 141
89 98
14 123
59 125
80 81
23 34
2 178
85 33
51 55
76 114
61 154
14 118
98 59
33 151
14 93
36 143
70 51
93 134
2 82
3 69
28 134
56 60
86 28
45 157
91 31
28 128
94 93
81 174
86 96
63 65
57 11
34 122
47 182
95 175
94 43
59 85
22 54
84 75
89 174
34 168
78 149
35 28
58 90
27 90
96 129
70 48
70 21
81 161
55 57
76 109
4 106
91 162
6 91
45 170
43 52
72 62
98 132
39 184
2 17
25 154
43 197
1 155
76 165
11 25
71 59
22 31
15 175
37 75
43 95
37 33
43 167
30 29
35 62
16 172
99 176
81 199
61 193
37 21
12 183
53 71
100 187
10 13
25 104
65 28
70 187
32 195
41 81
44 65
1 42
99 148
94 42
40 166
92 165
10 154
43 177
64 171
81 169
15 153
56 14
75 107
83 56
53 52
58 155
19 40
78 128
24 68
41 101
44 95
45 61
15 47
42 97
80 87
24 101
71 38
81 145
85 165
29 31
79 200
77 55
96 122
19 62
64 96
72 12
9 25
67 151
59 77
50 72
51 72
34 152
34 21
3 122
61 51
28 17
14 192
53 55
15 138
49 36
96 186
56 61
69 93
91 118
18 28
3 133
100 56
52 25
15 190
52 42
31 75
96 11
82 50
100 74
27 54
20 107
49 93
96 82
26 151
92 172
32 63
44 197
54 20
90 163
10 195
43 23
44 94
8 12
89 61
2 155
19 155
75 74
87 82
4 143
76 161
15 64
97 49
91 30
13 95
85 38
97 16
38 44
14 178
50 179
7 116
100 24
77 54
65 106
78 162
22 38
38 105
22 118
3 178
1 38
85 129
43 91
33 57
80 160
7 87
21 183
31 23
93 94
63 68
73 115
87 13
24 154
59 99
3 177
69 125
86 126
55 132
100 180
16 87
30 48
15 136
20 150
50 116
29 200
36 96
88 68
64 114
55 195
22 29
9 175
21 88
25 151
27 181
78 162
54 177
71 80
73 103
80 32
99 164
4 178
78 94
91 190
57 126
59 50
25 145
46 148
69 170
24 159
97 64
62 25
85 100
16 192
58 100
94 187
22 111
43 69
72 153
91 199
9 192
38 36
76 39
94 164
28 111
76 122
97 98
54 63
19 156
90 98
36 68
84 199
10 65
9 73
85 77
71 146
93 70
1 47
47 105
89 59
34 35
72 22
71 161
71 26
25 78
8 159
92 81
57 45
61 18
70 134
93 87
79 103
27 35
53 167
47 45
22 62
6 26
11 16
27 83
7 24
31 132
24 156
6 33
16 85
8 155
10 25
19 69
38 117
19 187
60 11
53 54
11 72
5 145
49 182
17 170
34 40
85 95
91 62
11 147
48 149
67 125
99 30
20 150
100 147
1 185
62 98
70 191
83 199
37 30
64 154
86 32
84 37
24 54
78 53
94 95
68 115
63 52
93 26
68 188
11 94
94 75
62 37
33 137
31 167
53 97
55 55
62 200
56 10
91 41
4 34
91 85
46 160
63 126
4 105
98 18
27 183
54 193
61 94
46 199
81 156
97 24
46 175
8 156
3 75
78 141
24 117
11 182
83 26
97 15
2 180
42 148
41 106
55 67
69 128
71 26
34 125
41 169
38 43
15 108
58 106
11 16
40 57
60 68
77 53
80 115
80 178
26 150
56 46
53 25
62 16
37 97
20 10
77 92
62 52
60 113
28 175
50 53
59 196
96 82
32 78
28 138
52 157
67 172
75 74
82 79
22 109
10 154
23 117
96 193
76 195
97 99
27 165
51 195
73 36
83 36
56 110
68 100
17 71
14 150
33 100
36 180
7 120
85 37
24 96
18 76
66 15
26 96
82 179
27 26
97 40
72 79
10 12
46 183
55 28
5 41
45 95
82 39
17 158
30 124
4 20
17 21
92 55
85 22
78 125
77 166
12 103
83 79
39 194
32 134
88 188
61 38
3 111
59 132
94 179
60 166
77 52
86 150
33 135
21 68
73 99
14 137
82 111
20 123
57 166
11 16
74 15
94 103
80 192
7 166
99 58
61 31
82 106
6 19
87 83
90 58
53 130
60 37
73 23
76 96
13 20
91 117
68 35
62 39
87 75
79 69
41 188
35 159
91 14
55 106
59 152
28 179
57 151
40 195
32 146
83 185
8 147
75 105
7 80
21 37
41 124
91 158
79 15
13 122
94 66
18 98
7 76
57 113
41 104
43 64
87 164
40 87
1 58
66 24
77 39
41 40
80 143
49 200
67 161
75 137
92 142
32 26
83 107
60 100
15 67
87 57
98 67
94 91
61 38
30 146
90 149
12 149
89 187
14 142
84 191
40 109
62 180
43 117
22 111
88 32
17 141
40 133
25 44
2 102
4 177
90 182
49 168
7 48
79 18
47 105
100 160
67 104
41 185
92 45
35 75
46 103
61 173
54 188
56 164
32 162
81 129
83 32
26 186
50 36
70 166
91 145
28 93
22 66
73 51
11 153
43 13
94 42
17 180
53 55
48 167
58 51
54 72
43 69
21 128
30 126
32 122
29 43
13 190
61 11
75 62
51 161
15 132
