700
24688
56 136
56 132
33 141
40 37
95 89
71 87
68 22
14 63
28 158
86 90
86 185
7 55
50 189
52 157
20 153
20 16
51 157
76 191
47 28
70 39
47 68
14 177
80 112
100 147
91 197
42 181
54 141
15 193
57 138
45 178
61 60
60 103
26 192
12 38
66 45
6 180
28 125
24 120
96 94
10 100
8 84
32 92
29 175
26 47
9 109
36 21
96 145
25 104
28 48
18 89
57 16
59 54
41 122
38 25
45 113
21 190
25 126
52 120
76 99
24 89
10 117
29 12
11 95
13 188
30 100
8 53
93 31
6 134
25 99
75 87
8 89
63 27
44 62
62 97
61 44
48 89
86 18
13 116
54 80
32 144
86 83
36 194
76 52
91 137
21 76
26 124
4 152
10 13
57 132
48 177
14 177
75 34
23 21
58 198
46 132
78 192
7 73
1 42
97 58
42 145
27 58
23 99
96 15
24 109
14 196
22 58
53 58
15 30
92 138
17 167
31 18
15 127
91 150
15 159
93 62
21 162
77 180
39 12
44 64
14 39
90 42
22 170
38 12
93 20
40 169
85 108
6 131
74 122
77 148
85 195
54 97
82 123
92 101
66 199
75 45
55 62
82 44
49 157
90 37
41 16
77 164
63 113
87 16
53 60
57 181
69 199
19 74
76 73
70 62
25 49
10 47
21 115
99 141
96 79
30 156
74 151
14 85
73 102
58 187
43 144
8 112
49 124
23 182
53 30
36 47
57 194
92 26
71 106
97 117
23 60
95 28
87 90
4 126
86 99
49 75
46 25
82 186
66 109
38 200
15 13
34 36
38 40
82 104
59 105
94 121
26 177
67 195
24 175
39 56
96 120
2 19
29 183
17 30
76 100
60 124
67 142
90 87
85 123
55 178
97 150
30 186
39 121
78 89
71 24
39 159
6 137
70 142
63 91
7 147
79 55
91 84
18 132
99 162
81 192
63 98
28 152
14 183
42 65
33 180
28 197
6 63
65 32
94 45
96 157
91 70
53 59
65 42
74 12
95 167
85 189
95 126
66 173
16 116
1 153
6 106
95 165
69 120
12 10
21 147
15 85
1 147
69 74
75 126
95 47
42 123
75 29
5 45
45 34
40 78
5 47
53 184
44 118
86 94
77 43
99 19
49 46
31 179
15 169
42 170
30 158
8 164
66 168
44 77
28 74
41 175
47 157
2 50
3 26
47 29
79 166
6 99
48 179
66 165
89 192
79 75
23 81
60 97
58 18
51 76
27 85
34 108
93 64
56 102
21 60
32 131
93 179
66 195
4 34
27 189
12 118
100 146
99 166
41 123
69 15
48 137
91 154
38 57
97 146
72 84
57 175
61 168
4 194
96 35
62 179
79 117
7 22
31 152
10 55
71 161
96 193
4 63
92 79
9 80
10 23
58 73
38 92
13 173
36 28
32 55
60 104
54 164
96 165
60 67
76 94
25 153
51 130
94 53
88 108
19 50
25 13
46 150
46 167
26 85
69 197
97 15
62 15
42 123
65 123
85 123
77 52
38 109
35 162
25 57
83 61
16 17
22 165
76 180
75 180
69 127
19 40
44 152
19 75
89 29
44 137
6 55
38 200
92 183
87 154
70 159
62 167
27 150
53 20
60 175
15 143
1 122
28 120
38 166
25 85
71 70
57 164
18 137
72 68
19 98
65 116
52 12
23 80
57 158
16 145
60 14
6 192
92 120
94 25
14 165
8 65
65 11
90 196
44 76
14 144
94 144
7 90
49 65
84 192
12 185
78 193
45 127
20 191
37 141
23 81
81 12
99 117
6 168
28 191
66 82
8 102
44 181
18 166
43 123
90 166
31 52
86 75
57 192
14 144
32 101
25 171
94 68
47 48
37 172
1 123
1 175
89 156
38 16
48 147
93 78
91 148
37 165
18 142
58 135
8 134
42 186
19 176
67 139
17 184
42 37
10 30
73 138
19 100
8 90
85 114
49 75
23 159
95 182
39 82
93 103
36 104
29 62
93 11
75 200
25 31
79 183
60 177
35 197
21 136
42 99
40 57
89 181
54 56
1 122
82 78
24 64
22 132
75 70
69 133
74 93
53 43
90 119
68 76
75 42
54 140
5 17
58 32
5 53
43 162
58 192
37 105
86 95
30 153
65 111
21 116
18 41
13 86
10 98
86 95
83 119
98 155
34 12
9 150
4 21
60 177
99 178
71 155
13 109
33 184
65 135
1 176
5 141
84 55
60 95
86 27
100 109
81 85
69 102
7 125
57 78
10 84
92 41
49 124
83 80
66 191
52 30
20 12
1 95
95 53
36 34
75 46
23 57
6 37
52 20
12 195
69 84
33 109
91 87
95 56
38 88
92 62
53 167
32 10
7 27
89 47
73 18
64 155
100 27
29 58
55 170
64 68
99 166
99 189
74 41
43 52
18 98
48 187
29 13
71 154
98 194
27 46
22 83
66 110
71 121
31 139
90 119
91 195
87 57
75 22
15 174
29 149
75 129
13 50
64 63
2 154
7 68
72 133
89 153
51 130
7 164
46 190
36 79
51 115
47 139
99 159
54 195
89 60
99 164
51 84
2 129
17 136
79 134
19 64
90 86
30 178
92 134
81 81
56 127
56 83
62 102
21 37
4 11
77 23
16 63
76 23
96 177
43 78
74 192
3 58
72 112
96 200
7 72
88 44
28 118
20 149
36 66
45 123
42 146
99 183
15 166
93 136
94 13
99 185
36 179
47 16
43 29
89 102
47 159
35 188
61 11
93 38
61 78
41 34
47 26
73 122
36 198
60 93
42 174
65 199
10 177
95 111
73 125
28 107
50 85
27 178
38 122
22 115
35 174
66 199
23 130
87 167
80 184
26 150
27 139
98 34
34 74
82 193
6 98
56 75
57 116
20 128
30 72
93 87
94 143
45 76
64 87
2 181
97 51
94 156
31 41
64 110
64 124
92 186
36 76
60 171
78 108
91 135
43 151
2 129
97 48
63 87
3 71
48 123
86 103
53 109
30 80
14 139
89 21
49 57
100 25
1 107
96 30
5 70
39 31
9 136
23 72
25 124
8 53
52 197
69 171
42 69
98 189
69 104
70 20
98 23
35 108
17 117
76 164
24 106
85 86
19 51
25 164
14 44
65 56
74 92
90 30
74 85
