700
24254
3 52
27 187
3 143
70 16
64 128
95 105
81 21
65 161
94 48
10 117
4 124
71 113
2 68
54 73
12 40
83 155
70 181
79 32
47 159
31 127
85 10
1 89
99 47
91 73
67 92
32 105
39 106
82 99
30 196
29 116
4 162
82 115
37 84
30 52
15 36
56 36
94 77
18 108
88 197
52 42
33 164
53 110
85 34
92 23
93 129
12 80
96 70
75 117
70 148
90 16
80 151
11 100
5 159
3 132
23 42
51 66
44 60
8 153
67 197
75 75
67 124
20 159
29 174
6 117
62 83
98 155
41 24
17 16
99 183
74 170
46 180
87 50
6 126
94 172
29 50
10 140
29 159
32 67
95 96
85 42
43 111
92 180
74 107
88 185
5 199
100 97
23 185
69 86
37 163
27 170
59 96
65 131
2 39
41 166
4 18
26 151
43 191
99 110
6 44
6 167
77 98
72 85
84 24
34 58
80 49
28 135
63 90
37 136
23 182
2 176
56 192
12 189
21 52
94 157
47 190
4 79
18 68
3 13
92 78
26 187
30 70
4 195
28 167
25 116
87 144
40 166
70 60
46 112
50 134
64 136
48 177
85 37
5 164
97 49
86 51
79 146
22 104
70 160
32 26
69 178
18 118
57 82
12 124
31 184
76 91
41 21
21 170
41 52
63 39
55 19
64 103
62 66
33 46
55 73
41 78
7 18
7 166
87 31
85 180
43 158
15 109
56 28
81 118
19 86
36 91
49 137
41 116
32 107
40 37
56 137
52 74
11 86
76 143
55 54
17 109
25 119
45 165
43 132
50 169
78 162
9 89
30 145
32 38
43 25
91 23
69 127
29 82
32 196
23 23
97 81
15 83
73 25
17 200
72 64
85 38
96 71
25 169
7 194
28 70
64 151
44 76
73 91
80 92
26 60
77 149
64 144
11 92
52 161
73 133
37 73
71 108
69 90
56 83
56 136
88 27
58 79
6 46
93 150
25 54
96 124
41 169
95 198
70 26
94 89
85 29
61 71
26 154
63 141
73 41
11 169
23 74
64 119
41 162
10 63
11 73
5 124
50 195
82 195
7 29
34 30
86 116
70 118
86 169
50 165
54 197
68 91
99 55
40 53
90 13
54 174
18 92
10 55
5 65
90 149
48 79
21 195
38 175
72 52
94 161
99 76
8 199
81 101
30 12
18 95
46 192
39 35
2 104
68 187
32 64
82 82
6 26
71 40
84 131
10 75
66 143
63 159
32 51
77 195
94 56
8 116
45 31
92 127
42 40
59 58
12 141
87 137
9 192
97 62
39 11
23 104
70 39
3 105
78 90
49 168
35 93
20 102
20 104
12 101
17 194
85 152
42 191
80 200
32 141
77 93
64 145
76 81
75 176
17 17
64 176
77 114
90 57
38 32
61 52
30 128
86 182
86 56
57 178
10 68
83 112
99 113
81 171
2 188
16 155
11 45
80 89
24 196
95 168
3 37
39 26
95 104
1 141
26 76
91 170
28 80
98 45
46 62
66 181
4 116
28 31
64 86
53 103
63 156
30 190
60 163
45 136
63 51
25 93
6 99
100 29
67 198
88 126
61 62
92 104
85 144
94 65
41 22
3 86
76 184
35 43
100 38
81 76
16 92
79 21
35 183
12 161
31 116
92 69
42 22
41 89
24 132
68 110
2 32
46 117
85 197
58 173
76 50
74 187
74 98
87 200
38 121
58 193
25 116
85 117
28 35
71 66
83 130
5 48
55 90
7 19
53 100
88 39
19 136
40 31
47 52
72 155
22 161
12 60
95 89
91 195
9 155
51 129
71 43
69 52
7 117
66 10
21 169
11 173
7 90
70 117
73 85
29 150
69 119
24 151
17 61
50 21
30 15
47 97
18 156
54 193
56 91
19 92
14 121
49 65
57 144
67 183
3 81
54 169
95 37
55 54
89 33
96 51
14 119
86 75
22 137
68 44
86 28
75 170
79 34
34 195
60 19
4 59
63 105
55 86
37 190
9 181
73 184
79 124
84 102
59 15
10 47
45 122
1 133
59 63
94 141
53 82
32 163
34 141
72 20
15 194
2 146
66 73
43 191
2 99
6 197
11 82
54 18
14 83
58 47
62 45
15 180
31 90
24 111
20 55
32 105
43 61
44 47
9 169
79 58
8 86
22 56
66 17
10 30
92 82
46 168
87 130
88 104
89 32
37 188
22 171
69 108
65 27
6 184
61 58
68 67
77 199
11 194
38 76
24 72
47 46
57 173
52 92
93 152
33 179
94 139
93 172
63 69
13 82
89 105
1 190
54 134
70 97
40 34
82 192
39 26
66 186
9 178
79 127
68 187
25 22
26 142
40 88
11 138
52 46
83 41
3 83
93 197
83 131
40 98
22 148
83 118
6 196
60 53
45 149
51 101
85 22
9 97
98 96
83 69
5 186
30 137
53 172
57 199
62 189
73 36
31 73
60 141
54 77
67 41
23 116
14 75
69 152
18 142
58 121
20 197
14 78
46 98
82 148
40 150
9 156
29 33
79 34
10 13
54 13
45 104
76 137
5 179
77 91
29 20
18 108
19 169
95 197
71 74
77 189
18 166
55 153
2 164
33 152
80 54
57 172
68 196
47 70
83 11
48 29
35 57
79 95
55 121
44 35
91 48
19 200
12 12
35 112
7 63
34 182
66 122
32 125
67 15
100 58
72 175
77 67
23 37
69 197
96 185
24 93
71 91
88 35
96 153
13 85
74 169
12 199
64 180
2 89
75 74
62 173
91 160
17 39
53 65
20 194
59 137
97 18
72 58
98 23
16 12
21 72
79 45
91 179
84 110
39 90
65 153
7 33
19 156
9 31
97 96
54 180
47 65
60 43
78 169
2 183
56 34
44 21
57 180
27 102
87 194
84 171
35 11
44 25
28 38
90 176
90 112
36 52
40 23
5 96
100 66
21 125
6 191
19 102
44 102
31 103
75 73
33 48
90 163
54 197
43 193
40 189
33 112
37 57
57 131
86 112
95 88
49 119
80 186
80 199
13 159
33 189
5 97
34 11
67 145
24 186
92 77
96 84
9 182
52 183
74 45
25 123
63 80
84 187
46 121
13 65
30 193
28 196
63 194
63 119
58 86
31 69
64 145
6 68
58 173
44 31
24 23
6 10
59 31
