700
24602
24 95
25 186
18 175
64 71
74 72
66 178
14 48
12 53
11 131
41 28
72 146
82 183
46 190
31 176
49 119
97 33
97 25
71 150
99 56
71 16
22 158
73 65
94 47
95 74
19 186
96 114
69 41
2 159
5 13
33 186
41 90
68 177
15 96
94 45
20 160
41 37
100 176
11 126
67 40
12 134
54 132
9 26
11 59
61 103
69 160
70 19
50 52
93 108
24 114
70 26
75 97
30 12
72 132
72 82
89 163
5 162
72 18
80 106
75 155
40 198
60 184
22 148
53 184
60 177
21 113
58 116
76 45
61 47
15 49
61 75
48 177
89 168
33 130
88 99
54 120
42 12
49 118
39 56
95 63
2 45
89 169
8 119
21 192
87 196
11 108
45 60
40 190
25 56
87 179
57 58
40 34
87 148
72 145
84 21
58 174
44 113
4 43
42 118
50 37
85 159
64 144
36 96
4 27
94 101
52 78
11 167
28 69
85 101
12 45
20 27
29 29
82 26
43 57
40 121
58 147
65 194
93 125
58 90
71 27
40 96
26 95
65 142
87 118
28 52
75 55
12 82
83 42
42 92
68 75
11 99
87 157
15 88
59 181
36 59
59 113
21 105
97 103
22 23
51 109
60 10
14 192
73 154
63 11
87 176
18 96
68 132
84 179
54 115
61 87
72 36
90 95
23 85
84 125
100 174
88 135
69 22
69 18
26 181
91 27
5 150
66 105
75 178
36 168
30 54
62 19
45 114
57 154
84 164
73 167
61 180
83 135
57 29
43 114
12 63
51 80
26 122
96 10
13 139
66 22
13 184
92 184
96 135
100 82
80 151
92 196
72 11
91 158
23 27
91 187
9 127
23 193
40 121
34 157
14 135
10 129
48 156
80 200
42 83
41 31
20 102
73 167
71 92
19 157
36 54
55 26
5 41
87 198
40 124
6 43
5 108
56 162
92 38
55 25
67 128
28 25
9 117
51 17
69 187
67 197
14 114
3 146
71 108
61 44
54 125
49 78
33 15
64 37
12 175
89 58
49 35
38 28
14 33
63 74
38 60
99 187
93 111
24 124
98 56
34 136
16 152
45 15
95 129
37 78
78 180
98 116
61 141
83 103
96 79
76 106
60 106
81 18
6 100
15 65
34 17
15 94
22 146
15 55
44 194
95 95
2 179
88 73
4 153
83 180
53 93
6 124
46 115
39 190
48 172
30 136
71 152
78 30
20 160
26 142
5 36
83 152
77 32
62 131
22 101
39 98
24 68
81 192
16 114
91 164
58 78
25 178
49 165
36 54
89 43
70 28
65 168
80 65
69 48
69 79
46 68
67 34
3 36
91 101
62 107
95 71
71 17
59 61
6 142
98 200
52 23
48 193
83 31
57 193
4 58
17 100
18 149
43 45
17 138
78 140
56 170
73 148
5 15
91 117
33 131
59 109
83 184
24 107
52 54
23 16
1 175
22 181
43 160
3 193
10 19
10 199
51 24
50 92
15 92
38 17
92 96
74 79
33 98
93 20
3 10
25 106
13 100
26 115
25 140
48 172
99 134
6 171
21 101
67 147
66 161
23 23
30 137
63 159
66 16
12 85
50 44
36 156
5 121
52 15
30 34
20 77
27 96
38 15
4 179
19 12
92 136
88 118
51 127
7 43
10 111
48 150
77 96
97 37
42 71
27 88
33 160
68 117
90 66
83 166
71 91
52 56
67 170
99 162
99 190
63 51
6 136
85 135
73 94
46 143
19 186
37 149
85 103
89 124
67 147
56 78
3 94
93 164
60 133
7 32
85 25
76 52
91 192
52 117
98 62
99 189
91 108
54 123
76 117
63 110
16 154
87 167
4 72
43 123
4 179
12 26
30 23
18 51
67 193
12 42
8 47
22 162
53 160
97 91
15 166
61 41
79 44
88 175
5 116
92 119
46 175
76 105
54 87
9 47
5 51
66 105
4 148
57 102
17 18
66 176
93 161
46 95
50 164
55 163
11 122
12 107
18 23
38 157
79 50
76 31
36 97
20 186
42 180
31 137
43 27
98 172
81 123
43 139
52 52
65 25
48 18
55 54
83 182
86 57
78 89
90 21
80 111
71 141
69 198
22 94
61 105
13 147
4 189
13 53
78 113
10 111
41 141
40 197
3 27
25 185
34 68
37 40
62 122
51 102
17 84
14 144
45 150
72 35
42 182
88 59
40 134
19 177
92 141
48 78
81 44
100 199
58 16
79 135
59 10
90 111
23 189
4 65
92 134
23 11
20 159
7 171
85 86
20 11
1 149
91 74
32 129
19 181
100 113
37 151
36 104
44 137
9 75
96 101
40 167
69 36
21 143
19 22
14 72
95 108
73 84
3 175
19 13
31 38
30 85
67 115
24 22
32 197
89 40
48 73
90 65
13 198
78 74
92 116
73 80
69 19
79 66
4 115
19 188
2 130
12 26
65 179
77 25
46 97
31 166
10 77
76 30
34 22
2 78
72 18
41 13
94 174
93 134
76 189
62 176
46 159
40 47
54 40
65 41
67 33
50 44
15 197
35 68
30 106
88 15
66 66
98 108
65 47
91 101
20 170
93 163
60 35
75 20
5 198
61 68
49 54
59 44
55 87
24 143
2 60
48 96
66 17
85 105
35 180
26 55
31 61
7 176
2 162
43 62
45 24
54 139
20 194
41 198
10 56
36 14
6 97
27 25
94 78
38 140
63 162
54 49
34 98
8 135
81 65
27 149
93 154
59 153
43 39
91 53
73 110
68 13
29 79
47 160
98 15
32 191
50 93
54 39
56 100
45 122
96 70
30 100
81 147
57 26
94 107
67 158
16 108
82 158
52 110
36 49
62 69
78 108
22 91
82 169
59 168
67 193
71 178
26 19
10 105
17 89
3 178
21 117
56 172
18 15
33 119
78 141
65 144
45 110
95 47
27 160
95 165
57 20
50 76
78 152
87 37
68 88
14 20
37 194
63 116
9 154
67 31
55 102
61 39
28 138
82 97
6 186
33 161
84 177
93 174
60 68
96 118
43 154
1 106
45 53
71 76
40 137
77 68
8 114
5 56
41 61
92 192
50 86
8 36
33 15
17 140
26 103
52 43
68 179
4 154
41 94
22 160
6 23
76 122
83 116
96 156
62 74
65 194
30 75
36 55
60 38
