700
25406
85 56
56 17
48 127
85 96
48 123
49 62
96 124
16 30
32 123
34 89
9 115
71 140
14 147
50 16
30 155
96 79
60 137
50 64
13 40
92 190
37 68
47 98
61 193
72 159
48 61
26 30
35 72
63 114
58 94
75 86
51 140
65 92
53 183
79 145
28 174
70 164
73 49
83 142
63 182
48 42
25 111
71 51
71 185
94 76
55 22
73 115
55 144
11 158
76 122
43 66
91 107
70 85
86 117
57 53
46 185
48 105
90 19
43 26
14 184
98 75
71 54
7 31
29 43
34 195
32 163
72 98
79 155
89 13
12 20
91 98
74 188
37 117
73 112
10 136
25 45
7 98
67 187
3 85
35 72
91 113
37 15
88 69
31 82
51 40
24 200
42 176
65 172
37 137
48 99
38 90
64 69
62 188
64 159
96 163
14 74
87 23
29 58
16 181
87 111
91 23
95 92
35 110
34 142
85 111
78 65
87 126
5 73
26 80
79 119
21 43
46 63
57 108
20 177
24 22
59 127
76 27
76 122
80 168
27 11
91 129
26 122
46 57
9 68
76 22
94 64
10 93
19 106
73 55
26 165
17 52
54 38
28 93
10 52
9 165
85 179
67 111
74 161
55 85
79 41
21 161
90 66
43 60
45 199
40 52
38 81
51 148
30 51
88 140
51 58
99 137
81 47
46 135
8 166
71 43
62 79
80 144
9 48
92 15
88 21
23 17
78 75
11 48
5 194
80 144
34 81
11 169
100 100
79 14
8 55
19 28
41 166
84 167
90 143
29 146
44 20
58 192
93 164
1 97
94 129
17 74
37 181
16 65
80 196
24 88
1 87
86 33
72 140
59 124
26 38
26 45
28 93
94 168
32 61
2 76
11 127
8 99
100 122
43 104
5 97
6 108
34 29
3 14
15 86
9 25
100 47
14 81
13 162
20 36
65 89
40 52
86 45
3 176
32 155
2 87
57 20
71 118
95 39
65 99
99 111
93 32
37 18
35 175
76 70
26 154
79 45
21 75
51 30
38 97
79 67
38 52
18 185
16 174
51 111
43 96
93 192
3 46
40 163
61 73
2 35
47 187
19 117
83 172
43 185
31 63
84 11
63 53
35 191
10 159
54 96
34 87
8 160
28 69
40 104
96 93
86 36
37 192
15 125
7 149
80 53
62 188
96 173
7 63
26 65
84 160
46 192
99 133
95 135
25 101
25 36
47 115
96 140
29 23
36 47
45 73
45 112
7 154
76 115
58 99
59 183
25 166
34 101
47 119
92 156
74 59
93 98
84 188
39 157
31 20
45 20
17 172
43 42
67 74
60 10
15 82
69 185
30 145
73 186
97 29
53 57
43 184
77 147
63 155
85 27
97 13
73 103
12 84
80 141
40 188
13 35
33 112
49 20
68 200
15 144
92 186
24 69
30 129
95 35
41 121
87 114
42 184
99 77
64 12
97 89
92 37
32 118
80 103
69 166
98 155
60 61
93 11
18 149
23 69
73 96
50 132
69 134
27 60
47 159
36 66
37 97
67 93
55 137
85 11
86 165
95 171
76 132
18 172
22 24
30 103
92 27
69 125
10 91
93 119
83 39
71 191
67 171
5 17
8 94
100 194
69 150
43 28
29 90
67 18
2 67
35 159
10 91
51 47
83 36
64 195
41 156
56 184
22 34
90 125
62 167
48 75
17 118
19 14
74 163
87 117
52 30
18 91
5 140
49 50
7 110
90 111
42 159
56 104
22 36
9 62
30 158
97 175
1 89
55 91
53 20
32 76
30 119
95 93
97 186
95 90
45 184
74 166
39 180
49 12
96 45
45 109
68 170
6 170
87 116
93 103
65 198
52 139
46 136
42 166
87 141
84 181
10 161
30 42
62 57
44 104
84 87
71 74
24 93
1 114
87 37
5 166
32 188
81 156
31 195
20 75
76 142
2 49
31 62
22 31
86 23
96 170
46 119
92 63
82 131
29 176
95 22
20 188
42 145
59 38
56 65
86 95
2 48
68 199
18 13
44 114
92 120
99 17
51 18
76 164
61 146
39 105
50 113
11 150
93 18
48 77
43 100
16 143
60 99
14 102
82 19
72 34
66 119
83 183
72 45
36 103
8 32
36 73
76 165
86 90
100 11
78 72
17 32
7 70
31 161
80 84
65 15
61 72
81 75
83 171
54 181
6 107
43 63
68 98
63 122
38 75
18 189
98 33
51 108
89 70
4 150
50 133
21 94
13 150
16 53
19 25
4 134
63 17
99 159
83 80
10 127
12 74
23 80
52 81
53 93
17 146
2 179
99 129
4 47
92 17
60 102
40 198
35 126
45 182
16 88
21 148
18 187
14 15
100 81
48 16
47 48
80 67
98 157
86 43
9 40
9 55
56 170
85 175
45 67
13 32
27 112
75 75
48 68
43 113
2 11
76 177
96 112
77 113
45 87
52 31
22 33
49 115
29 74
6 161
49 63
10 147
2 89
83 155
19 80
75 52
13 37
100 59
14 153
25 11
83 179
66 117
19 144
77 107
49 174
6 194
37 96
66 99
82 161
1 14
76 179
53 159
73 76
2 143
30 149
21 183
72 140
80 146
77 132
81 163
83 192
43 20
95 71
1 170
67 83
90 16
1 146
39 89
19 52
11 135
33 43
42 53
93 194
28 99
35 16
91 67
82 74
46 31
48 182
65 181
99 158
98 28
92 191
76 82
82 153
65 35
69 144
3 186
81 124
32 101
62 13
40 160
55 136
96 96
67 124
86 95
2 30
52 29
78 154
98 103
95 32
80 110
24 52
41 139
25 54
61 28
79 79
2 181
77 20
28 30
93 140
52 20
5 39
39 171
14 74
65 36
72 110
35 56
53 26
72 163
91 197
84 142
91 97
67 159
88 169
81 56
35 164
100 85
36 67
6 195
5 125
37 51
82 102
68 127
1 123
61 134
30 60
87 179
64 66
94 190
23 10
85 37
74 22
39 91
92 166
44 32
11 16
75 107
2 34
96 109
66 56
70 43
92 53
80 40
17 162
6 168
31 195
90 46
47 30
79 176
75 22
91 135
79 44
83 25
65 197
35 78
57 76
26 10
31 62
66 83
63 38
58 117
33 12
29 77
43 165
98 125
18 200
18 120
61 78
70 15
83 145
50 147
89 79
54 136
