700
25239
24 176
72 33
49 155
47 53
99 191
75 196
1 131
27 19
60 71
6 44
4 179
33 53
41 147
38 85
63 143
33 168
63 161
42 84
57 70
71 48
72 128
63 60
71 192
81 121
59 122
12 14
35 130
97 153
81 144
1 37
77 154
71 29
54 108
3 189
82 56
71 151
76 174
51 57
47 85
31 129
13 189
1 10
37 18
22 159
4 134
22 168
57 79
44 159
61 124
48 119
36 48
76 136
71 31
67 22
25 17
64 56
73 63
63 45
44 105
24 144
34 47
32 40
48 170
64 176
66 160
58 180
40 187
29 76
95 180
86 157
32 53
47 24
16 169
67 174
31 100
65 76
26 79
36 27
53 35
2 121
43 149
40 58
61 80
41 95
97 105
30 17
74 127
9 195
63 19
91 105
36 46
61 88
86 157
98 98
3 167
2 108
84 134
2 88
88 119
12 141
4 73
95 73
87 139
58 72
89 140
7 159
49 92
84 57
42 137
46 59
52 152
63 155
53 108
23 101
2 192
74 53
55 70
4 182
47 43
80 124
67 137
93 26
30 164
8 99
7 83
60 12
56 173
19 103
85 48
61 132
91 59
4 33
63 194
85 55
78 196
73 120
97 45
98 18
78 37
49 173
97 127
85 180
86 148
87 100
8 34
43 37
51 187
59 79
49 110
88 80
25 174
61 165
74 109
29 125
34 76
58 41
49 21
17 177
10 56
13 31
19 183
8 19
37 48
80 10
100 152
2 124
21 150
43 158
41 29
99 28
36 90
99 49
80 193
27 129
17 192
84 73
75 97
24 59
5 110
18 175
1 161
38 27
18 158
27 56
78 71
91 170
8 186
86 156
52 193
45 96
15 130
48 14
45 30
59 69
88 164
29 69
91 142
95 176
18 195
94 75
80 117
85 154
99 117
100 182
84 176
90 199
55 95
85 87
73 50
31 92
79 185
92 127
92 12
95 154
63 130
48 171
66 11
100 105
57 65
68 11
62 154
58 191
49 87
94 167
99 148
5 87
45 13
99 91
65 13
11 125
23 65
97 39
79 128
5 129
55 100
24 58
97 183
56 113
1 80
35 116
1 66
69 129
39 47
58 160
32 23
45 113
50 116
16 102
23 188
32 59
47 124
23 173
85 44
95 24
29 75
79 13
82 66
64 12
52 175
76 58
34 113
15 105
26 81
51 159
79 17
70 161
83 19
52 133
11 45
25 38
16 76
15 194
89 88
89 37
61 111
58 119
50 177
92 151
75 50
94 163
68 67
59 29
46 85
79 111
57 173
34 15
36 115
71 38
73 40
58 36
16 63
77 104
49 69
34 138
70 143
2 194
92 78
58 157
56 161
6 49
57 176
87 131
16 200
85 184
75 188
34 178
19 130
65 30
12 128
75 137
10 37
94 72
12 166
22 173
89 177
64 158
46 90
28 144
76 124
91 58
69 200
16 192
53 41
76 62
78 112
21 44
85 109
79 77
20 48
48 135
69 148
2 137
69 177
22 121
94 144
57 171
10 13
2 170
92 92
67 140
66 65
89 167
10 80
77 166
37 132
31 11
71 84
25 78
74 163
66 40
61 189
39 107
53 113
3 191
63 145
51 187
15 144
53 164
55 28
58 99
5 163
85 122
96 99
28 106
69 166
28 96
58 136
86 135
78 195
37 171
97 15
75 50
7 98
45 64
34 55
81 177
10 114
82 156
62 49
70 167
65 172
64 73
16 122
56 41
79 117
70 67
24 197
58 29
6 195
49 27
2 36
51 194
97 169
54 92
64 139
51 76
78 53
64 180
6 40
93 55
58 172
43 118
56 178
63 181
73 69
54 81
97 110
70 165
15 79
7 81
48 106
32 110
22 37
71 199
9 11
6 143
90 34
37 100
19 142
28 20
7 169
9 125
2 117
18 26
51 95
100 141
59 129
45 124
56 200
31 79
17 34
11 60
92 77
29 152
73 59
25 49
58 176
26 111
46 158
14 151
6 131
43 135
98 130
63 179
24 24
15 197
11 61
81 56
55 25
90 33
78 73
90 59
63 12
89 99
23 95
12 86
47 118
53 145
54 32
45 71
56 31
70 192
72 184
51 56
91 181
67 146
49 185
64 22
58 118
8 107
59 183
84 188
100 117
30 171
53 129
51 181
49 48
54 136
73 104
36 59
35 158
11 45
56 90
21 47
12 120
89 38
86 61
33 160
34 97
93 33
66 124
28 82
18 121
85 101
97 67
1 164
63 13
89 34
15 20
100 66
38 198
36 154
71 23
86 94
75 43
33 129
46 188
62 181
26 162
76 133
39 103
45 95
72 25
35 63
24 32
18 100
21 83
75 101
53 78
26 139
6 109
31 105
26 112
14 169
77 138
94 166
33 169
41 62
64 195
97 194
91 104
5 74
26 181
15 19
27 146
5 189
11 152
88 96
38 97
6 120
4 147
98 151
70 134
84 183
3 122
19 69
99 15
97 28
31 140
21 188
43 132
89 108
94 73
20 70
94 22
100 119
1 75
2 111
31 73
96 86
74 120
9 157
73 36
66 46
27 108
29 92
53 195
87 168
44 104
72 30
90 159
28 55
58 98
15 44
10 39
41 123
3 37
54 76
82 61
12 27
47 14
76 39
66 125
14 106
85 194
88 32
78 172
11 45
48 193
6 133
67 137
98 99
99 81
19 40
40 133
71 125
68 13
69 78
59 56
37 125
53 103
3 107
49 140
29 68
5 108
54 28
58 75
43 188
44 115
87 150
41 160
9 67
38 90
62 151
89 108
51 121
73 113
96 193
92 53
82 36
59 62
13 164
93 166
86 116
2 190
90 119
94 83
18 111
69 75
89 25
65 17
45 97
62 169
59 159
65 181
3 31
60 186
65 50
82 85
19 160
88 122
76 104
99 186
97 101
67 149
88 62
23 183
95 136
25 11
26 30
35 118
59 31
64 124
93 120
2 37
23 27
49 117
69 57
13 130
49 171
27 42
88 69
53 27
40 35
82 27
24 114
36 30
5 177
4 37
33 168
48 55
79 123
2 53
67 182
62 54
45 123
50 63
93 122
36 64
1 27
82 49
84 187
94 189
31 142
22 64
53 18
20 187
43 131
91 13
28 102
42 199
15 62
43 52
15 37
35 140
65 16
60 196
63 103
70 50
48 199
