700
24778
11 178
5 163
72 193
81 105
14 163
41 134
56 182
43 154
82 110
30 85
13 37
42 99
20 72
14 79
96 135
21 31
44 31
67 51
17 170
94 35
78 108
15 115
12 174
60 182
78 56
17 100
27 18
58 191
25 81
18 191
83 177
53 183
57 13
19 100
97 109
55 85
39 87
73 64
34 63
38 68
58 111
59 129
8 23
33 100
75 122
17 87
90 150
91 166
85 124
34 97
59 37
23 76
32 37
40 53
62 179
11 68
42 141
92 131
31 197
79 190
92 129
12 19
2 30
100 20
66 43
56 29
14 153
53 78
52 47
21 40
17 46
56 91
78 69
24 162
43 76
92 95
21 190
91 120
16 68
33 145
21 110
77 127
95 183
75 196
73 136
70 96
30 160
31 69
10 12
49 113
38 32
20 42
66 107
5 108
36 133
37 124
76 144
41 37
26 178
23 115
67 86
48 90
64 161
10 29
15 16
90 165
87 11
15 88
52 21
60 27
77 89
92 164
61 36
5 105
59 174
56 59
64 27
5 65
55 197
86 160
37 86
45 155
51 51
91 44
51 109
52 197
13 160
31 94
57 94
14 88
39 151
31 180
18 129
32 77
40 26
74 198
94 17
61 37
42 176
60 178
51 13
6 94
39 37
97 26
20 101
47 157
19 188
60 17
24 76
51 153
9 159
78 142
91 86
2 24
78 171
94 115
76 10
70 78
85 70
75 103
43 37
73 87
9 153
28 20
24 145
75 79
44 169
64 110
98 21
59 96
70 75
44 52
49 197
7 137
36 67
71 188
14 89
68 179
81 171
93 84
72 145
93 90
85 189
90 171
32 163
44 153
18 161
90 166
15 85
42 143
3 168
59 164
91 35
54 171
2 42
41 149
93 161
42 44
72 147
47 89
12 146
28 102
34 109
63 46
100 21
10 178
9 92
73 184
86 197
96 66
20 14
32 105
87 109
94 66
24 90
55 196
12 153
65 15
70 155
78 139
31 156
51 82
18 78
74 192
64 60
20 106
88 127
93 38
44 137
27 72
94 153
72 60
87 61
59 40
78 98
47 159
90 99
20 23
75 10
57 149
48 179
86 174
32 146
6 167
91 37
21 174
53 94
54 15
2 29
17 177
70 74
7 92
39 121
33 102
5 46
36 120
41 24
85 59
57 165
41 169
57 72
33 170
60 188
30 102
28 121
44 197
18 162
26 67
66 187
25 25
7 184
66 97
52 77
98 112
10 80
92 99
65 45
94 96
55 157
32 144
45 20
26 194
46 35
15 147
7 151
59 98
14 10
43 66
47 53
63 84
61 123
45 129
46 170
90 55
37 42
34 105
11 84
54 128
68 109
33 140
91 70
33 191
50 47
44 13
88 37
15 73
54 62
55 165
81 189
61 165
68 57
47 55
34 199
35 190
9 65
86 90
64 162
43 20
48 43
44 160
14 41
35 41
77 40
60 187
58 88
89 148
61 93
26 34
19 156
44 165
85 21
25 23
25 111
44 83
64 198
72 189
2 178
68 98
94 89
95 90
66 26
99 195
97 120
35 98
10 126
67 185
58 31
37 182
49 115
68 85
59 90
44 39
65 23
50 127
1 122
51 55
98 143
48 136
20 44
14 65
10 175
77 101
45 125
32 133
26 139
41 119
77 157
36 68
43 122
2 164
45 132
28 40
90 141
35 70
65 80
11 27
95 63
12 49
17 21
29 90
77 153
49 101
78 125
31 110
20 11
43 129
63 118
37 180
76 93
93 67
62 198
23 178
5 187
78 25
36 137
29 142
89 92
12 49
82 170
13 200
35 103
57 121
87 11
93 122
74 75
100 187
77 87
85 62
38 136
51 73
94 181
1 176
32 41
7 153
62 176
26 184
28 81
85 55
68 93
59 28
83 55
76 144
25 101
83 198
4 105
13 60
83 181
37 188
91 145
90 151
45 12
86 45
70 22
75 63
67 90
79 127
26 143
1 46
19 48
8 79
97 117
86 62
67 43
34 143
82 166
78 23
70 194
58 71
30 118
51 45
64 87
66 41
89 142
10 14
95 106
34 61
22 188
93 146
94 38
41 28
80 112
24 190
46 128
82 18
32 78
40 171
30 112
78 79
9 32
21 126
73 158
42 10
38 22
16 192
95 181
32 32
28 114
48 165
68 173
69 28
40 183
20 150
28 25
41 22
66 140
31 183
87 109
60 133
58 34
96 64
34 163
44 152
73 51
70 138
39 147
37 153
41 109
30 32
68 173
69 70
18 135
46 185
62 143
56 81
63 178
17 10
47 97
38 117
64 147
99 68
46 117
34 114
52 169
94 150
89 51
33 38
39 197
86 58
52 61
43 51
80 106
29 80
21 75
35 77
90 149
12 178
41 120
83 144
24 128
7 111
5 34
19 145
100 60
12 89
24 79
43 158
62 192
65 151
70 175
65 82
75 68
100 100
77 62
21 159
74 67
45 185
66 147
33 47
57 27
42 40
9 140
51 90
44 61
95 111
50 38
92 130
10 75
3 188
48 83
63 11
10 140
24 12
94 195
11 40
83 59
79 115
98 111
69 86
91 79
72 90
68 39
58 158
52 34
8 148
88 140
59 169
87 101
88 98
30 179
59 131
96 69
28 37
1 19
40 97
31 176
7 77
36 121
100 27
49 115
36 27
68 55
70 49
52 10
56 48
50 155
2 118
43 10
35 160
50 31
42 81
73 83
53 154
13 26
82 17
37 81
98 36
59 122
44 12
28 138
78 164
2 191
75 30
78 22
97 126
77 89
92 194
11 157
8 122
93 66
4 180
64 45
36 72
87 77
9 60
74 141
65 172
4 152
3 54
89 179
15 133
17 51
4 23
23 182
18 129
83 30
29 193
87 83
25 169
54 152
63 103
99 105
27 148
66 159
36 46
25 108
8 117
100 60
65 188
37 90
24 107
26 165
80 180
89 170
77 73
57 114
88 162
40 99
79 115
78 96
77 60
73 113
58 27
69 89
55 130
6 198
84 28
17 107
57 115
73 133
95 132
66 194
49 45
98 70
57 121
10 190
51 89
29 78
42 118
76 88
86 176
51 103
48 113
56 72
30 199
82 102
28 163
7 193
30 115
47 153
3 130
90 62
76 48
27 60
74 31
13 68
95 160
7 160
16 139
3 184
47 199
