700
24005
10 40
2 25
47 174
87 32
90 118
98 83
92 45
56 173
94 195
99 160
16 83
22 19
38 101
14 147
79 199
71 57
39 12
98 91
4 163
14 122
91 10
36 109
40 88
92 172
77 85
55 55
28 178
88 95
63 152
80 84
92 48
83 180
63 139
16 122
46 110
49 179
35 83
46 108
60 40
12 163
57 97
42 61
74 147
4 178
93 35
89 178
19 70
97 195
26 35
39 42
72 70
2 175
83 33
37 200
91 11
73 133
11 72
19 173
54 111
15 123
39 30
54 82
8 87
43 43
85 187
44 33
100 101
82 169
31 182
66 89
9 76
10 180
9 184
42 124
93 23
90 180
45 91
91 72
19 113
24 70
62 68
91 171
96 25
72 40
74 55
37 75
14 100
82 99
89 187
11 135
43 70
30 55
8 194
70 78
7 120
66 100
12 174
7 103
11 13
27 80
35 25
58 132
68 124
1 159
75 144
49 35
1 32
9 26
90 163
43 79
85 19
81 125
47 33
4 34
43 174
34 92
24 31
2 17
39 70
87 104
77 52
29 113
95 181
28 33
77 58
95 42
15 159
87 27
80 143
96 27
10 11
4 110
68 27
13 124
8 194
15 102
27 188
28 149
89 175
100 63
45 54
72 93
80 135
39 154
20 77
42 38
49 134
26 193
62 170
19 121
71 90
90 114
9 157
40 179
54 76
36 35
65 97
41 33
86 21
9 170
83 120
92 187
18 18
46 134
4 75
97 48
99 168
9 57
15 184
3 15
55 127
80 28
16 24
18 33
46 109
91 92
69 48
61 30
39 111
14 138
39 99
35 156
8 152
49 115
91 159
94 105
11 156
36 193
41 24
34 120
93 198
44 170
41 86
2 175
30 189
57 83
91 156
54 153
78 53
46 128
27 163
33 15
66 51
38 58
2 38
69 66
68 70
62 98
74 160
12 35
81 144
13 142
9 185
25 49
78 69
7 65
18 80
57 158
34 40
24 193
86 72
17 166
50 93
88 116
9 188
29 27
25 81
100 166
92 67
40 32
53 98
97 170
75 118
5 182
54 127
48 18
12 21
28 133
51 132
42 109
71 180
71 92
50 168
38 49
36 33
87 33
4 89
66 79
18 34
69 42
21 117
90 70
79 28
75 29
55 130
12 28
1 50
58 182
3 175
8 197
53 144
76 36
32 192
61 92
100 35
58 18
28 115
14 34
22 160
98 76
29 137
41 17
43 188
86 131
34 119
74 106
20 85
62 81
86 32
67 90
27 187
28 169
78 93
20 89
9 43
80 15
63 93
86 153
45 29
74 140
40 192
21 107
95 114
31 58
65 72
27 21
5 166
27 79
16 126
38 112
44 110
92 23
97 23
73 80
29 52
63 91
47 94
76 71
59 34
75 146
22 191
8 138
81 194
100 125
24 66
25 103
11 138
72 33
72 175
19 162
56 52
100 38
79 131
40 130
33 101
28 90
29 156
39 132
15 14
16 180
36 94
5 185
24 153
75 40
66 40
61 51
70 91
62 93
84 174
93 87
20 131
2 77
40 181
84 120
40 21
53 36
20 119
100 104
25 157
54 139
52 181
36 111
40 200
66 171
36 22
21 73
18 159
73 64
20 127
4 141
61 36
98 114
78 66
10 25
72 119
20 31
46 74
77 66
70 77
27 72
91 96
14 78
54 74
68 143
63 129
47 173
32 51
16 82
18 154
96 61
88 134
21 168
81 105
65 117
21 26
96 184
34 103
82 168
3 31
12 113
84 52
19 188
85 148
29 49
29 153
92 148
2 68
4 68
54 146
88 57
87 179
41 46
61 132
43 140
18 34
63 89
98 189
97 146
24 90
62 53
46 159
31 180
40 145
4 186
19 183
62 81
94 187
23 19
66 97
36 59
40 108
14 130
67 18
17 42
77 193
1 16
9 153
3 101
15 66
9 190
43 16
51 168
47 60
100 42
58 95
95 36
34 17
84 141
47 110
97 71
18 144
18 102
8 132
17 75
65 15
50 27
2 44
56 26
100 139
33 162
78 55
56 131
94 148
73 128
88 198
47 81
32 64
10 12
36 165
2 38
91 15
69 67
59 174
9 70
82 116
20 69
61 118
22 66
71 33
6 153
46 186
8 113
70 88
1 14
13 64
12 84
46 22
18 28
60 195
18 112
32 58
28 11
80 112
59 18
85 136
43 77
41 12
76 19
31 79
57 156
24 123
69 55
17 91
28 36
25 190
32 41
99 86
60 146
43 142
58 79
46 127
75 138
28 149
57 183
40 161
73 57
29 148
5 145
60 127
8 87
59 117
55 113
55 154
15 126
79 89
16 28
60 49
90 177
19 197
11 168
54 52
64 131
90 120
50 143
34 98
26 102
47 187
71 189
64 199
81 177
63 23
95 63
55 68
24 81
12 27
22 178
60 159
28 151
62 95
14 66
82 16
6 118
76 40
31 100
66 17
24 122
40 105
89 129
81 55
77 21
69 154
55 76
8 145
22 192
4 34
20 194
11 197
14 114
44 50
40 106
20 72
16 76
88 68
79 13
32 50
21 184
13 90
49 66
29 20
100 55
59 12
21 24
25 139
60 157
88 90
12 12
64 125
46 56
71 89
90 133
46 176
67 111
62 114
82 75
89 39
67 130
48 151
78 47
46 159
89 191
6 41
25 85
27 140
80 116
44 100
34 43
24 95
31 14
84 80
88 33
34 72
99 158
36 191
21 165
100 127
83 142
95 59
37 54
59 144
2 143
34 104
66 112
29 12
54 165
96 107
36 200
65 67
72 193
11 108
63 163
87 191
58 49
77 103
15 110
23 81
96 197
86 82
12 159
1 82
18 174
76 22
60 90
1 184
65 40
33 179
7 59
6 124
73 125
59 172
12 175
93 143
26 127
77 140
15 107
51 28
22 148
22 124
60 117
82 102
69 136
3 191
97 45
83 93
25 89
60 185
62 27
18 147
44 103
96 44
61 85
81 17
54 23
26 118
42 123
56 109
60 129
92 188
69 103
36 57
66 141
80 191
29 175
95 142
91 52
96 158
14 66
70 37
21 17
92 135
44 51
99 20
96 52
98 184
47 161
55 185
1 59
47 30
61 152
5 69
43 195
5 41
30 90
91 151
72 16
71 122
84 174
30 68
69 158
61 66
29 125
