700
24029
54 180
66 28
41 198
19 179
38 26
54 188
84 150
12 160
1 119
40 193
78 68
16 172
5 186
43 27
92 92
34 121
83 144
18 186
79 99
1 47
47 111
22 153
84 196
68 154
100 55
43 32
50 12
100 117
19 148
79 137
17 154
58 125
48 65
56 130
95 196
84 21
14 40
90 147
88 112
84 82
87 101
43 152
89 85
95 89
13 80
18 86
63 97
33 115
75 78
86 194
21 67
95 95
1 55
1 156
22 195
23 68
64 88
97 69
49 195
28 28
36 176
81 154
86 37
41 50
8 41
90 110
24 80
16 99
45 50
66 54
83 163
49 27
9 79
20 30
61 12
18 135
75 164
55 71
61 98
84 110
94 75
95 83
77 142
8 72
20 127
56 168
44 16
45 122
26 200
46 14
14 157
77 66
14 163
68 155
18 139
48 131
59 190
97 139
15 198
40 121
48 162
24 68
73 84
90 72
13 181
84 133
35 14
24 149
59 40
12 154
31 39
51 45
22 51
5 159
94 56
57 58
6 14
5 54
54 144
38 74
80 46
8 20
4 77
76 133
99 25
83 58
7 64
26 67
91 127
45 89
29 181
49 52
91 98
34 86
15 194
68 183
89 119
44 190
65 166
52 148
24 198
50 142
37 69
83 156
1 118
86 81
42 117
62 109
77 107
56 91
54 119
26 168
49 89
88 107
82 79
54 155
84 105
50 117
46 126
12 192
32 103
22 41
81 156
7 183
14 196
45 189
87 58
42 122
22 66
22 116
81 109
67 79
10 100
16 178
6 174
61 181
68 99
72 64
56 65
15 65
47 135
17 193
76 39
39 11
97 114
60 94
39 197
32 145
63 146
17 22
43 143
52 36
43 65
47 85
42 108
82 105
57 153
59 182
89 125
14 173
66 63
93 56
67 84
30 189
58 148
49 144
9 54
78 146
17 31
27 32
1 75
70 174
23 134
35 146
39 23
18 185
70 87
66 146
35 198
51 119
10 39
22 144
56 13
37 185
43 93
5 161
69 43
96 32
23 121
30 138
55 155
98 199
50 37
49 105
81 113
74 112
52 62
9 78
60 193
42 50
74 158
46 156
64 89
66 45
30 130
55 74
30 94
48 84
61 104
47 34
78 23
20 64
84 38
88 158
60 131
70 177
48 124
6 146
58 18
10 56
68 123
93 31
1 181
16 75
1 60
93 62
79 179
25 98
87 173
38 56
40 112
94 174
14 196
74 98
69 151
60 131
57 58
10 200
10 120
19 187
95 198
93 159
17 89
87 145
64 75
41 192
29 149
48 73
46 105
67 173
22 18
23 34
10 94
7 187
92 186
18 178
99 90
48 196
83 73
29 194
60 91
33 130
47 103
70 96
88 182
51 29
20 26
100 200
33 114
32 72
47 174
2 184
51 195
24 145
66 105
37 192
98 73
54 117
57 64
85 168
92 194
20 46
95 77
4 92
66 160
35 54
39 199
26 198
53 131
5 148
63 47
16 42
92 93
59 112
75 155
69 50
85 28
89 159
65 14
16 156
28 195
89 132
75 185
62 200
96 188
91 150
52 41
18 194
86 115
17 33
87 27
43 174
29 53
53 39
63 69
47 26
11 198
42 89
17 67
5 104
5 67
81 169
45 186
89 62
64 77
77 183
12 64
57 39
13 81
63 131
87 90
35 128
71 157
47 88
71 16
89 159
49 106
1 127
86 188
87 72
86 92
26 28
81 188
100 174
34 101
62 26
12 107
48 99
69 22
18 48
8 35
59 11
53 110
15 123
48 14
26 14
92 91
1 11
65 171
96 140
10 200
36 177
23 50
23 50
6 115
61 195
63 162
54 148
77 93
77 85
62 125
82 77
41 162
6 194
6 31
37 92
86 138
36 182
13 49
12 156
19 182
32 14
70 35
48 86
6 157
80 50
45 58
26 84
12 144
76 25
12 40
92 98
73 31
4 31
3 81
57 41
61 30
80 102
66 19
94 75
1 174
29 15
75 13
24 86
38 104
51 96
45 33
54 165
69 117
70 17
22 189
80 125
39 149
2 123
36 172
35 134
60 144
24 31
46 24
61 109
6 70
89 53
75 57
70 108
22 91
67 180
15 51
7 77
48 106
91 42
33 200
16 120
42 156
60 63
76 41
35 100
87 70
96 27
35 134
3 132
82 16
97 129
8 85
87 196
57 161
97 151
27 109
57 176
2 70
37 88
6 74
68 191
38 198
96 125
27 15
79 117
78 34
28 114
99 173
63 86
88 90
77 154
40 134
34 110
84 148
94 161
38 104
93 10
25 30
8 199
36 161
62 181
94 128
44 189
10 118
36 71
48 75
62 109
100 29
18 122
34 62
40 135
66 53
56 20
24 163
78 159
6 37
18 137
74 20
13 51
61 200
72 93
59 148
7 48
91 105
23 68
62 184
26 109
54 99
96 194
44 49
4 175
10 112
11 41
13 73
21 23
11 32
8 196
38 169
66 112
16 116
10 70
26 115
99 168
4 94
40 149
25 56
24 92
79 27
83 19
89 37
18 43
14 184
4 34
72 70
45 135
52 82
3 57
75 71
4 68
64 85
69 44
54 18
97 69
41 97
59 29
77 142
28 175
46 10
87 154
44 79
79 115
33 89
59 70
97 66
68 126
30 135
8 78
66 94
38 49
7 115
48 53
3 27
78 83
46 148
46 188
64 47
91 142
6 138
47 72
33 60
30 157
96 102
82 180
55 26
60 72
69 151
70 40
80 19
87 31
29 80
17 177
35 90
71 67
29 108
91 139
8 185
53 172
87 48
100 12
74 144
64 183
49 197
64 77
84 62
70 71
10 178
18 128
31 162
40 153
36 144
12 163
13 28
85 93
43 42
1 126
46 188
27 31
55 76
37 124
16 32
6 195
4 137
80 27
16 163
35 127
43 24
34 119
1 100
1 73
90 12
24 180
53 65
49 177
89 104
87 168
95 191
27 11
37 187
17 10
68 123
72 175
29 87
97 40
52 54
88 28
59 140
56 38
54 153
2 24
68 113
66 138
48 160
59 136
29 18
1 20
43 171
38 149
45 194
29 169
39 63
19 155
88 165
87 16
68 92
21 136
86 185
25 40
26 136
89 73
86 109
79 199
49 183
60 132
11 52
26 61
63 79
67 91
81 175
47 200
