700
24736
74 67
65 122
82 40
85 43
63 198
19 133
21 109
31 38
48 170
8 44
17 114
47 125
60 41
9 199
47 88
5 73
58 104
90 105
47 17
31 37
47 35
2 108
62 61
8 140
28 124
69 122
64 161
81 26
7 140
61 121
36 89
52 107
45 180
42 62
58 128
58 146
36 141
52 171
100 82
3 175
27 12
96 178
87 105
12 87
12 189
35 127
23 135
79 192
5 44
6 60
20 35
50 71
25 90
76 180
67 67
90 13
60 11
40 96
11 77
73 56
94 147
57 150
30 131
1 162
3 136
100 70
39 72
58 72
10 63
28 38
96 150
15 29
100 151
16 198
24 161
25 162
72 119
8 157
38 117
97 182
71 120
60 194
22 171
88 160
19 107
59 195
57 168
12 31
24 179
66 38
24 196
9 194
58 131
73 38
45 193
24 190
95 190
49 48
40 85
84 119
42 176
39 80
100 166
83 94
6 140
75 17
41 167
31 20
65 185
100 135
52 194
17 142
71 94
28 63
73 63
72 80
66 114
7 97
53 136
79 145
97 55
62 198
82 127
16 138
55 91
16 54
46 180
29 19
72 158
46 24
7 146
91 14
6 40
11 30
34 28
54 127
37 126
30 32
38 144
84 46
93 147
37 27
95 92
51 66
76 30
1 108
27 112
78 159
47 97
68 58
17 138
25 60
71 44
99 52
23 163
4 70
60 75
51 171
49 35
77 37
17 192
12 108
54 141
49 173
78 36
9 83
6 52
92 98
89 155
82 94
76 72
72 74
53 134
85 11
55 107
43 189
93 41
66 12
78 24
36 175
39 66
54 149
74 72
72 117
66 197
60 54
85 80
56 85
53 113
49 91
70 92
16 135
90 78
74 108
34 56
11 138
52 20
67 120
96 45
93 47
39 100
94 38
82 141
75 90
81 119
64 42
95 45
59 36
76 89
5 152
84 80
71 14
84 165
37 67
59 103
1 125
70 61
30 190
61 80
44 50
18 197
64 68
1 147
37 18
99 103
28 157
28 31
13 125
74 133
48 116
61 148
25 175
52 19
48 86
63 99
46 15
18 26
87 37
87 133
10 17
60 15
28 55
28 159
63 188
98 74
66 40
84 97
58 141
5 116
2 115
86 70
76 89
78 122
33 74
13 90
59 153
95 67
34 37
64 73
1 129
6 122
21 32
67 15
93 33
6 178
7 135
60 172
13 116
8 63
21 108
80 55
100 186
19 198
23 133
94 145
34 108
87 168
9 79
36 60
79 163
16 193
11 97
50 122
60 157
51 132
1 148
79 31
36 78
95 54
31 95
58 12
74 38
11 50
75 131
49 125
29 44
42 169
19 64
20 124
12 129
12 162
77 84
86 144
92 18
52 159
38 47
73 197
57 35
100 54
29 24
93 50
45 52
88 53
98 93
31 40
97 40
30 94
74 35
30 71
92 19
32 116
74 96
80 74
65 173
69 101
42 194
92 106
4 28
49 170
38 77
94 84
41 145
56 25
22 24
97 136
10 135
90 74
81 153
87 98
96 20
5 23
70 37
72 140
53 82
87 193
92 31
57 114
3 176
87 50
89 14
26 143
77 54
19 181
7 32
49 172
35 156
12 46
60 129
38 142
69 50
59 162
70 144
57 80
40 17
94 183
18 28
20 76
54 73
30 48
52 152
53 197
66 37
88 66
84 173
1 41
25 195
22 35
19 129
92 200
44 29
9 57
21 62
61 68
55 110
53 24
49 32
46 190
96 123
84 97
55 44
21 155
22 186
83 140
46 60
63 200
98 149
7 46
82 84
42 122
49 107
98 193
94 63
54 95
17 171
77 77
71 196
7 115
30 75
38 164
39 122
44 192
13 154
48 71
5 12
90 64
4 180
33 35
12 120
57 130
67 70
32 87
42 187
21 162
92 136
54 184
21 131
12 34
81 50
16 197
78 160
20 15
14 65
27 192
74 109
47 54
49 82
89 115
46 19
44 142
39 24
32 43
7 64
5 151
12 93
7 73
85 144
75 137
58 25
5 138
43 31
42 117
38 10
18 40
62 163
50 124
61 36
16 199
94 177
50 67
86 170
30 154
27 153
94 128
59 103
70 47
83 70
92 167
46 47
12 129
39 189
33 45
1 176
90 155
53 25
7 110
80 150
44 50
94 112
68 105
61 68
38 89
86 15
26 63
78 183
52 18
38 109
55 24
96 168
15 78
55 124
92 77
25 165
13 189
47 71
26 77
7 190
36 113
69 27
6 145
41 142
98 124
10 121
33 88
44 136
55 190
97 39
12 108
29 149
100 25
50 195
7 49
49 42
17 196
80 179
13 152
53 164
59 18
54 12
56 183
19 143
38 108
61 63
74 52
29 67
75 143
14 78
62 54
38 24
42 40
87 194
42 106
97 40
90 175
96 22
38 169
5 193
17 145
80 90
18 86
14 161
62 135
85 132
44 45
61 170
67 196
69 51
32 25
78 119
64 115
65 24
99 101
92 52
58 88
30 166
18 16
75 174
96 192
51 14
24 106
58 136
5 43
82 33
96 76
23 199
73 112
78 176
93 114
78 105
29 127
27 147
100 22
26 119
35 179
92 88
98 137
73 101
96 67
45 111
1 124
88 199
5 65
26 64
44 17
37 123
16 20
63 79
37 89
46 22
64 137
43 102
22 42
99 182
45 132
86 101
33 112
7 41
46 14
75 95
45 22
96 23
44 25
31 61
65 112
7 65
57 177
5 150
30 167
53 183
72 143
14 122
21 21
41 179
67 117
52 40
63 35
72 56
21 82
96 79
58 26
8 87
45 80
70 179
91 136
39 151
25 142
53 108
44 90
80 186
25 177
65 198
5 80
26 135
85 172
60 76
42 42
98 57
24 14
94 61
41 32
47 118
14 118
91 182
92 44
38 89
51 144
96 115
84 56
73 114
80 82
66 185
65 137
15 93
78 187
76 125
58 177
43 84
2 12
8 95
21 111
2 149
63 180
30 94
53 47
4 160
32 155
96 57
92 33
1 124
45 93
95 147
6 187
85 134
17 14
9 100
53 87
76 136
53 162
59 76
40 152
72 170
51 101
13 68
76 155
41 42
92 124
51 141
29 81
40 35
21 101
30 120
69 194
73 106
5 92
22 169
48 121
83 40
37 146
92 96
41 16
74 80
