700
25081
57 165
91 188
39 111
56 167
22 140
82 90
91 83
49 75
65 184
35 131
6 63
65 59
15 136
84 53
29 178
73 97
28 162
60 84
89 111
41 15
14 44
94 83
6 124
6 107
3 186
79 10
68 167
50 191
97 160
11 82
99 142
75 156
14 41
17 66
48 45
56 176
86 29
20 34
87 152
58 179
96 148
42 143
4 130
16 136
76 78
90 88
5 172
21 56
5 102
16 135
1 39
6 18
35 14
18 155
20 88
81 58
23 114
29 172
75 155
65 90
57 186
66 75
71 121
56 134
29 167
92 97
42 52
73 73
8 83
17 137
96 173
82 159
89 179
96 174
71 128
99 54
77 37
26 53
55 76
89 77
93 105
84 113
22 171
94 130
25 41
66 90
5 131
73 68
67 108
77 29
51 114
100 173
18 126
87 54
1 63
9 131
97 17
49 141
26 76
14 14
47 100
28 139
15 92
84 79
65 21
48 33
12 46
18 175
1 167
68 183
7 16
56 20
97 193
15 129
10 42
67 112
45 107
89 94
87 125
58 96
43 122
36 190
65 59
3 129
99 162
94 26
49 130
7 57
59 164
28 49
73 145
24 186
35 90
13 62
69 190
88 13
57 146
60 176
54 26
39 129
37 163
70 18
4 152
21 154
44 190
42 106
82 53
72 38
93 123
10 184
21 28
35 145
62 149
40 86
65 109
21 133
5 154
100 53
49 193
97 65
94 132
5 34
35 78
60 186
40 157
56 173
36 59
85 75
26 52
14 129
89 133
42 74
64 156
70 59
53 94
92 16
44 179
77 80
83 141
71 179
22 129
17 73
75 110
95 33
21 159
31 150
77 176
13 126
68 74
78 114
31 130
50 88
36 113
54 135
79 187
75 178
42 49
25 53
3 100
68 123
10 37
58 19
39 160
96 89
65 136
25 30
13 75
96 171
62 45
28 161
92 38
94 173
91 154
71 86
45 96
20 167
15 88
54 26
42 90
80 88
29 129
56 20
62 170
38 199
7 61
35 108
48 127
46 176
40 100
38 193
36 19
86 76
92 159
67 50
49 64
55 188
62 183
64 56
4 79
27 12
23 22
55 168
37 142
19 148
23 127
49 190
96 69
3 71
68 62
90 71
63 152
35 179
33 153
35 132
19 132
37 58
93 165
98 136
44 77
8 143
83 110
68 191
89 35
36 92
2 12
41 24
4 63
84 196
82 174
71 166
35 161
2 199
41 148
34 71
49 147
82 179
8 23
4 39
23 81
91 20
95 102
8 45
91 200
84 158
59 196
36 38
83 60
57 129
24 41
21 51
44 60
25 140
28 186
70 68
23 44
61 31
34 75
14 59
68 18
7 50
39 113
93 41
63 44
56 171
70 142
61 97
31 11
100 171
13 64
52 25
42 200
60 50
82 57
45 140
23 69
36 179
61 21
65 127
60 134
87 75
97 67
70 134
30 81
85 139
17 102
27 92
60 166
93 105
95 47
1 21
55 199
81 150
49 120
73 139
78 113
56 98
82 96
70 124
61 22
34 175
32 194
89 70
3 30
9 154
98 173
9 143
37 94
45 124
53 167
11 171
24 54
78 76
11 90
86 54
51 117
14 75
86 47
30 80
61 191
1 55
77 103
60 138
21 188
95 34
70 96
100 10
6 154
36 27
72 70
82 78
9 140
62 176
52 186
26 10
26 184
79 152
31 166
6 178
44 133
69 114
99 11
65 43
88 200
43 79
37 100
88 149
14 151
19 134
96 80
76 89
24 28
85 94
50 97
84 148
76 125
95 165
59 189
100 94
48 56
69 17
82 113
76 179
89 156
88 122
45 165
51 19
71 183
100 179
42 74
96 156
66 167
52 123
46 77
60 110
1 157
83 63
3 177
16 74
85 72
60 137
87 16
93 192
15 14
77 172
88 139
19 12
31 89
30 132
62 169
35 123
29 175
50 138
59 144
90 100
35 89
72 187
89 48
21 123
19 26
66 71
53 192
72 43
43 183
42 14
69 191
47 138
65 157
43 156
16 110
85 177
34 188
35 119
60 124
92 116
14 120
76 62
13 87
5 111
61 100
31 144
26 184
38 66
89 35
14 138
26 73
39 74
90 57
84 136
11 165
70 149
94 92
22 140
54 110
59 166
60 102
26 11
45 168
82 160
82 83
82 33
95 18
73 55
89 71
6 189
83 152
42 74
94 166
7 58
69 33
38 142
1 171
3 92
35 40
73 154
85 121
74 107
91 156
66 145
39 194
86 63
54 25
51 103
95 134
94 87
38 81
50 48
4 146
87 70
58 160
52 54
22 53
83 90
42 61
28 24
26 124
35 54
22 123
71 115
21 74
6 10
12 79
67 174
59 19
56 183
75 53
8 199
25 101
87 43
73 63
10 38
51 45
34 42
70 184
98 20
62 39
27 64
62 150
52 150
41 94
96 60
16 104
14 121
21 91
75 169
31 11
8 152
78 137
56 123
97 29
90 93
83 183
24 120
43 152
4 28
60 171
49 104
19 35
32 100
26 144
42 47
53 98
9 29
56 111
12 199
42 147
13 58
66 60
63 56
26 96
69 34
21 122
19 187
8 169
67 187
98 42
86 64
21 16
34 105
67 187
67 175
64 145
44 70
38 68
63 68
42 68
71 40
14 55
66 125
38 60
79 16
97 192
76 170
54 168
17 151
38 186
85 72
24 145
79 56
24 153
31 89
88 179
7 10
11 163
57 127
74 103
46 85
2 108
21 63
98 71
81 185
73 56
44 172
17 58
90 191
92 93
36 97
50 18
64 156
4 150
13 170
42 117
88 17
44 36
12 132
43 144
56 199
64 45
78 122
10 83
98 111
31 104
70 96
93 35
98 161
41 72
5 113
8 156
39 189
82 85
64 19
41 118
85 130
12 28
89 170
25 32
93 34
1 142
45 44
58 151
39 28
6 175
47 66
37 198
85 161
5 20
26 32
57 73
83 181
29 174
85 35
30 77
57 40
32 111
75 18
35 91
56 175
92 41
40 166
78 148
37 83
80 191
2 180
11 185
76 51
51 27
94 83
82 131
55 110
94 112
96 137
34 12
39 112
30 187
17 36
19 61
88 49
9 70
32 153
60 59
93 38
29 63
96 144
65 75
12 49
7 55
69 151
41 170
56 180
98 93
31 133
