700
25106
25 70
88 43
84 97
82 97
69 83
26 109
80 121
20 105
75 32
82 76
8 110
44 135
100 88
12 47
22 118
56 132
35 181
36 123
7 81
82 140
40 33
56 138
89 109
5 167
65 102
15 55
74 111
26 118
100 82
51 199
3 117
80 49
85 152
19 70
5 64
84 28
11 19
66 153
58 191
8 33
67 161
52 194
93 130
32 139
91 133
73 55
54 20
41 24
98 190
66 57
59 14
43 60
18 77
85 186
34 12
80 32
83 114
78 107
44 93
29 75
65 53
51 25
8 30
25 57
99 11
56 148
78 85
70 49
52 115
62 114
37 49
8 142
16 168
99 112
98 195
43 17
4 137
77 197
22 176
86 46
46 76
85 177
85 188
98 101
33 153
78 41
26 183
82 129
95 100
40 76
41 111
26 145
84 70
92 23
10 110
3 132
14 157
64 167
32 113
17 70
2 110
61 179
72 72
96 22
86 102
12 179
55 135
18 78
22 95
41 38
12 172
89 71
95 100
14 30
16 75
22 87
85 185
50 135
77 76
42 35
48 44
91 56
23 123
56 117
25 144
13 175
37 200
16 38
66 195
91 180
33 89
46 138
90 10
63 184
11 168
19 77
61 125
61 45
100 170
80 55
87 105
100 104
44 187
93 83
53 119
13 99
26 160
100 148
67 131
15 42
93 167
44 37
5 133
75 49
99 52
80 70
83 139
35 185
93 16
53 53
75 164
14 97
77 53
92 70
98 156
41 192
84 51
84 40
16 90
77 127
51 21
44 138
14 30
62 42
39 89
3 88
79 78
97 83
91 75
64 90
60 177
66 136
29 64
74 148
81 81
41 29
73 168
49 191
51 126
73 51
92 80
75 45
57 197
19 182
18 106
1 86
12 17
82 162
12 146
73 19
18 128
68 75
13 185
44 139
26 152
82 67
18 108
38 74
57 180
74 89
77 14
57 149
51 22
77 36
58 102
94 129
97 19
11 42
7 182
92 55
21 12
69 104
14 36
23 125
66 43
5 75
12 42
58 162
4 72
58 54
48 57
80 67
41 130
48 137
6 184
87 43
12 166
57 170
16 38
95 22
99 138
15 156
48 102
16 74
75 125
39 172
78 119
47 130
67 101
80 177
18 107
38 65
5 184
58 141
86 64
48 11
53 167
11 153
87 176
28 178
37 127
16 164
39 135
78 174
13 42
94 99
20 128
33 36
20 125
56 132
31 190
45 148
71 17
40 14
99 200
81 170
80 132
12 138
34 190
82 43
3 155
34 191
87 19
57 66
85 86
55 136
94 52
74 159
63 20
66 73
48 109
37 130
95 151
1 178
16 43
3 124
91 23
39 181
90 12
100 198
63 98
67 166
89 120
56 58
46 153
34 39
20 121
35 91
24 29
9 154
68 77
2 42
52 144
99 142
6 58
21 114
91 99
66 43
4 151
72 78
42 196
73 34
90 36
64 191
39 14
95 179
2 38
74 155
51 68
71 68
4 39
93 47
58 67
73 72
41 57
34 41
83 175
91 155
78 109
60 173
91 191
99 94
97 53
48 37
51 111
12 115
40 98
5 141
92 30
24 25
31 43
75 126
83 34
6 184
53 181
67 53
85 45
87 173
56 11
24 151
12 67
74 91
28 14
56 51
86 60
51 162
83 109
95 125
23 172
73 117
26 195
26 128
31 143
43 88
10 70
90 123
14 156
17 183
21 28
96 57
28 130
55 168
12 164
9 108
87 58
42 68
89 100
30 46
12 105
70 51
32 107
72 15
82 104
83 164
63 140
58 123
80 149
96 134
96 70
61 132
23 193
8 41
41 198
100 92
33 49
41 25
98 104
64 117
35 95
87 38
60 94
41 83
53 58
62 34
16 112
46 32
53 59
9 36
63 118
37 192
90 40
52 162
67 45
4 97
28 34
71 109
18 131
88 77
35 99
71 88
20 55
80 164
4 167
98 16
81 134
84 181
13 139
24 63
100 178
15 112
26 111
72 200
95 130
8 185
13 189
39 194
75 159
92 134
93 99
70 23
74 155
71 79
36 189
9 35
98 25
94 138
70 66
56 20
22 98
93 134
46 36
85 68
44 22
67 184
29 73
65 153
72 114
71 102
35 188
51 31
82 47
77 108
74 122
67 14
49 186
84 117
41 96
7 160
43 134
93 196
72 31
21 103
2 119
34 114
94 27
43 193
94 148
37 178
7 59
36 111
46 147
28 137
67 197
87 32
30 121
78 18
6 152
11 110
17 95
35 145
49 191
43 39
35 72
72 85
22 144
12 104
29 45
86 99
84 152
75 195
74 77
65 60
72 24
20 124
80 154
98 158
42 105
85 15
24 76
16 166
56 198
49 33
57 15
35 144
1 156
95 60
53 121
7 182
13 19
13 184
30 58
40 124
65 125
43 168
2 53
41 118
81 140
13 91
36 134
9 195
52 101
32 116
32 171
55 178
80 174
41 167
94 182
79 106
17 19
6 30
44 81
89 197
28 194
53 155
100 104
50 130
6 14
44 36
73 43
99 74
51 122
38 171
96 45
75 81
41 144
90 22
28 193
90 154
61 95
86 178
8 191
87 125
89 182
54 48
21 154
20 123
7 171
52 85
2 53
31 148
78 66
66 60
6 33
5 32
23 56
42 16
1 70
29 99
39 103
62 144
26 66
1 33
23 182
79 170
59 52
17 92
2 63
29 51
34 27
68 40
30 153
33 112
88 71
89 81
76 184
43 82
41 115
40 192
22 159
16 59
82 134
71 108
78 77
78 88
2 160
40 191
47 150
74 87
91 138
8 70
9 163
66 75
48 112
30 14
34 177
25 111
27 164
13 105
84 22
41 45
22 60
69 158
97 23
34 103
12 41
33 57
51 85
91 179
72 186
42 200
21 108
19 42
8 33
31 177
75 16
5 20
22 137
64 40
62 158
33 129
66 171
76 100
71 104
93 185
15 33
68 23
15 22
50 87
10 159
93 34
100 67
100 174
94 20
60 15
19 161
71 71
30 152
31 189
60 164
64 108
80 103
67 39
13 195
26 25
41 42
25 168
60 58
78 79
46 134
24 129
58 187
11 93
62 127
81 165
32 40
43 39
14 59
82 31
84 74
26 159
79 120
7 79
31 150
53 150
9 22
28 126
39 134
76 87
39 57
53 183
