700
25358
2 179
6 58
66 199
40 64
43 184
76 188
74 52
70 51
68 122
41 174
90 95
89 90
2 130
49 27
87 190
45 37
94 154
20 123
63 52
63 28
74 192
10 135
66 86
72 42
92 85
84 164
29 92
61 91
41 81
48 147
100 83
65 96
36 71
48 146
82 32
69 55
96 66
66 46
23 190
71 186
60 14
70 51
87 69
90 36
45 125
52 21
49 199
61 46
22 170
48 39
17 35
73 163
57 85
35 77
20 50
34 93
69 63
88 175
69 43
82 68
74 134
41 81
98 14
14 134
100 131
42 65
75 123
63 85
22 94
4 194
85 147
81 164
11 71
99 188
50 128
98 21
75 152
83 187
51 34
76 181
59 112
77 111
17 103
48 157
80 48
89 164
7 73
51 169
97 38
65 34
5 193
41 47
47 51
30 141
59 73
69 147
51 11
91 200
27 171
41 83
39 59
34 144
16 137
78 199
46 10
27 117
70 77
9 119
37 80
92 88
44 92
3 69
5 114
57 55
46 29
46 58
67 26
42 57
98 35
30 88
78 81
66 186
9 30
73 21
96 89
81 134
64 75
89 33
70 164
30 96
18 26
92 132
44 103
81 140
89 42
48 65
75 179
7 83
8 181
27 122
75 20
45 35
95 172
79 94
48 193
66 155
6 12
53 24
51 191
19 93
95 39
53 56
51 149
8 169
80 50
47 158
79 41
64 14
60 64
89 48
68 159
52 188
36 17
23 49
64 59
36 154
1 105
50 38
80 24
97 163
92 129
39 129
60 24
40 132
71 135
60 95
33 12
98 53
87 179
85 200
93 29
57 17
100 85
100 188
43 195
87 149
4 78
93 167
70 198
43 196
15 137
94 21
22 93
51 135
24 197
22 149
25 186
71 63
8 156
95 163
28 50
41 190
38 140
15 33
48 200
56 143
56 46
33 39
59 44
66 76
76 136
26 80
11 146
72 44
8 176
91 94
48 149
18 195
41 114
73 59
76 56
76 199
86 134
11 139
34 158
96 80
46 193
53 148
54 37
75 80
74 25
53 140
15 191
66 114
98 27
26 16
58 129
14 165
84 169
51 156
100 97
44 126
83 84
73 200
46 112
65 69
26 79
55 31
28 129
99 191
30 84
59 180
77 142
48 16
27 130
33 55
11 44
28 38
73 71
68 26
3 55
16 72
62 186
87 32
24 143
16 23
35 18
99 132
75 30
76 200
7 50
3 172
49 182
18 142
97 85
22 68
49 169
43 63
22 104
28 193
38 127
7 160
29 19
47 150
100 54
27 189
9 27
64 152
76 123
78 98
5 99
55 173
97 149
26 84
33 173
12 52
23 129
2 23
17 101
83 130
87 76
63 167
80 141
98 120
90 99
77 41
61 133
66 145
87 127
68 143
85 196
72 57
84 127
7 83
71 95
91 149
5 190
44 23
72 146
72 181
99 195
16 98
6 170
1 54
9 53
20 139
82 84
73 22
71 176
80 169
39 180
53 90
32 136
93 139
74 25
79 46
96 14
17 91
82 84
33 58
87 26
38 104
29 44
19 53
91 81
96 128
53 139
66 137
5 75
2 52
5 142
62 42
59 189
25 118
79 49
83 169
56 98
24 88
95 45
57 33
65 21
52 53
74 90
29 149
86 135
57 66
15 133
66 151
46 138
79 175
51 13
32 106
90 76
78 162
7 180
44 55
14 119
65 180
41 148
51 88
12 182
1 158
37 83
81 46
21 146
93 62
46 33
88 51
27 135
44 82
27 93
22 182
97 14
99 171
43 35
28 90
61 81
8 115
46 62
14 24
72 67
5 71
4 50
38 142
43 82
71 10
55 81
54 193
60 48
95 168
8 88
43 71
99 171
2 29
72 29
43 73
53 67
37 45
73 150
55 127
29 23
53 135
14 113
59 183
51 163
29 78
12 129
34 114
41 143
81 101
18 200
7 22
31 82
23 156
96 71
93 27
9 48
4 28
63 133
15 198
41 39
66 67
95 114
87 199
97 35
99 49
34 60
78 119
52 181
48 76
8 154
37 200
64 177
98 120
98 11
68 154
12 178
54 39
15 165
96 145
33 200
36 113
98 140
67 23
2 13
57 51
8 197
38 133
1 84
46 66
70 10
93 122
52 33
2 138
92 91
43 41
11 154
33 133
45 144
11 126
4 122
68 165
46 145
1 62
23 50
43 187
92 130
71 133
10 139
100 46
100 14
53 123
50 14
24 42
10 18
97 144
100 57
61 189
73 11
65 178
45 151
46 170
78 166
23 162
71 141
33 65
50 101
67 190
62 58
17 140
22 64
64 48
70 60
77 92
20 101
35 175
14 109
27 92
55 176
45 10
81 62
27 37
7 65
84 171
14 16
85 113
100 166
43 161
33 126
77 179
31 106
99 17
69 55
56 32
6 121
10 135
89 140
88 54
16 56
26 58
57 100
98 136
8 154
78 161
91 162
23 183
22 12
99 91
10 37
54 98
1 116
74 83
56 89
85 153
56 188
75 28
88 52
65 126
18 61
82 124
60 186
19 79
7 63
99 94
9 64
84 195
48 44
41 162
60 168
10 70
94 111
28 111
78 125
29 142
18 170
69 77
25 101
66 37
37 78
87 174
23 36
5 10
31 157
36 141
80 153
92 96
78 81
24 69
30 75
57 80
37 185
35 72
98 78
84 196
14 95
91 38
52 32
67 73
75 90
36 51
78 119
92 72
26 178
88 139
4 93
86 116
17 119
2 105
100 138
47 153
13 184
20 126
1 82
72 176
91 11
9 110
49 71
37 60
56 49
57 82
74 126
72 84
89 103
10 170
37 147
83 167
83 68
19 173
89 118
69 13
53 172
14 72
80 53
50 110
7 60
10 58
51 180
90 167
16 188
90 168
3 156
89 182
53 187
61 37
55 175
24 42
52 124
5 187
72 64
8 177
3 106
83 182
36 169
32 128
26 38
62 132
85 12
5 184
17 102
29 10
12 194
12 173
83 152
93 57
72 68
6 85
15 12
99 188
40 161
66 65
6 135
26 117
84 74
14 81
29 58
61 148
6 74
93 16
14 79
25 58
65 188
43 22
55 86
65 67
39 171
87 80
9 198
81 30
42 57
95 171
68 70
69 43
16 86
16 11
76 96
5 78
82 42
10 131
74 10
98 50
