700
24749
36 90
96 85
52 14
94 97
61 123
33 170
34 63
46 65
24 143
58 142
83 200
29 122
61 195
5 81
45 174
80 120
7 18
36 170
82 56
9 127
45 120
10 167
65 193
55 172
43 52
52 95
75 148
85 19
92 171
90 148
90 58
14 26
16 108
82 73
8 183
32 132
97 159
57 65
99 40
40 113
11 33
62 46
31 141
18 124
24 64
22 98
9 76
61 19
15 83
67 57
38 86
4 70
47 77
70 157
68 157
26 99
85 50
75 92
45 22
60 139
30 46
62 82
21 19
96 177
63 97
95 42
14 94
67 35
44 111
100 173
31 71
88 90
47 21
23 183
73 115
31 31
32 142
84 126
58 193
69 200
47 55
47 178
79 146
43 115
82 52
48 184
6 152
78 28
75 26
35 162
16 72
55 105
51 38
57 195
1 76
22 109
65 68
50 89
47 165
55 34
53 38
96 119
66 54
84 166
1 187
92 55
35 124
56 135
19 39
87 40
94 84
35 128
22 65
67 140
21 198
49 189
71 55
16 80
42 95
35 55
10 122
16 132
26 54
68 150
86 169
54 93
97 22
63 46
95 164
59 28
97 65
68 195
28 115
5 13
84 150
24 112
28 167
54 70
28 195
28 93
84 35
12 48
17 64
6 48
7 194
53 161
23 104
17 161
28 95
8 187
23 162
94 125
53 77
10 178
87 143
86 162
94 90
90 199
72 147
68 73
72 168
90 179
49 78
83 32
44 76
59 76
6 69
30 142
65 61
61 197
58 79
94 39
54 15
48 92
47 169
49 68
45 103
83 62
23 155
56 151
53 128
20 143
26 10
16 30
90 63
20 165
60 180
14 137
86 43
41 121
69 134
32 101
46 19
43 103
86 28
90 72
100 46
29 123
17 138
3 68
41 46
93 191
66 153
6 200
59 160
39 56
80 135
90 44
93 51
28 34
7 120
72 115
38 48
47 13
51 145
37 25
7 40
76 190
54 117
32 117
64 148
42 131
28 107
97 61
3 176
54 62
20 166
31 34
93 82
22 46
5 108
1 40
23 49
44 61
83 69
41 186
40 173
65 23
58 175
65 95
1 42
22 115
2 61
58 47
10 110
37 127
21 92
13 163
91 113
85 15
44 130
73 163
94 123
18 200
22 198
69 161
2 132
22 38
46 196
60 111
20 135
95 157
37 121
42 188
77 27
27 199
20 136
40 43
83 63
41 10
78 100
10 17
3 172
46 96
89 45
25 47
91 66
71 14
18 50
79 48
59 174
4 88
28 11
30 199
94 197
52 48
24 161
64 31
35 18
68 143
21 61
29 196
99 78
7 45
50 191
27 118
59 110
17 38
76 60
81 19
72 41
41 127
11 191
67 77
42 70
50 44
52 102
46 52
83 64
75 56
40 115
43 174
13 164
38 123
92 133
85 85
57 160
72 182
93 181
83 22
8 166
6 113
67 21
2 114
20 145
82 163
73 120
98 171
34 30
4 184
74 41
64 186
68 63
47 25
58 33
15 142
15 100
92 115
36 35
33 180
83 72
45 134
81 118
97 58
13 190
59 18
11 183
66 117
91 181
62 130
91 200
99 74
52 141
53 199
4 200
88 93
22 91
5 18
70 31
8 68
10 123
81 20
23 185
38 111
19 200
29 110
24 58
33 190
47 132
3 26
46 44
34 178
21 105
11 38
45 91
58 56
84 121
57 58
74 30
24 62
91 142
1 150
16 58
90 153
58 110
55 186
100 181
5 130
88 118
44 41
13 180
30 71
10 83
51 130
4 163
34 99
89 90
44 123
19 85
77 103
83 79
82 111
60 60
58 58
17 125
13 125
71 200
34 164
41 184
10 26
30 75
40 133
30 173
27 131
74 63
71 163
33 164
39 181
54 182
66 181
76 127
88 65
75 66
79 99
57 65
67 190
76 60
41 193
16 162
57 74
89 15
95 87
14 99
6 126
73 78
23 14
75 179
9 102
95 159
12 16
46 79
83 69
61 121
57 111
79 81
24 63
59 80
78 103
86 64
95 112
98 172
89 197
62 168
24 145
50 56
66 39
91 108
86 142
19 128
93 184
87 45
99 64
59 178
56 176
22 81
77 14
64 168
33 11
91 11
10 157
32 24
71 78
80 52
49 94
82 196
31 45
46 168
37 177
74 195
55 77
39 189
77 43
29 185
34 18
20 165
24 87
100 12
75 100
13 183
60 98
89 10
90 38
53 72
37 163
16 20
10 174
49 135
85 142
84 132
71 184
90 56
32 37
80 83
26 21
50 110
38 161
62 94
15 35
53 187
6 174
66 92
76 157
58 35
34 148
60 107
67 86
20 81
69 170
21 61
66 71
44 98
39 85
5 118
39 189
51 169
76 145
8 82
69 19
99 170
99 67
79 185
29 134
91 191
81 79
60 33
88 200
17 41
6 164
73 101
63 75
20 63
31 31
90 192
95 110
13 25
60 164
3 85
42 98
49 127
93 199
43 81
100 154
20 21
11 31
61 188
22 160
67 117
84 25
70 11
19 12
55 102
85 11
27 139
54 187
91 67
59 190
64 101
56 121
44 58
38 128
64 59
59 125
92 89
62 96
98 176
14 121
61 107
78 34
70 29
16 191
69 59
48 131
46 185
92 129
6 99
61 191
59 180
89 92
12 66
44 85
76 66
51 131
28 100
46 99
7 173
20 27
81 54
96 23
46 132
31 20
82 157
64 174
58 189
72 43
75 23
9 75
54 25
76 42
59 125
37 31
4 112
84 75
83 60
3 183
7 108
90 89
34 122
53 81
75 79
75 33
32 126
29 171
13 179
19 164
27 122
87 31
91 117
33 47
79 138
4 152
24 42
56 188
65 91
11 151
75 54
40 139
9 149
81 176
72 164
92 21
94 44
46 161
35 180
39 125
39 132
63 17
69 172
71 79
74 190
44 138
37 118
44 39
34 24
1 196
87 25
24 72
57 65
8 124
59 124
47 73
94 199
62 51
17 143
78 157
42 153
74 81
83 58
70 58
61 81
51 196
78 119
81 34
44 34
25 187
55 157
62 32
56 115
9 96
38 198
77 171
17 97
17 182
41 109
56 125
49 126
38 103
44 90
23 27
39 168
20 128
44 53
21 55
16 149
24 130
96 170
43 40
29 110
12 69
66 118
71 190
