700
25115
55 169
92 176
43 44
16 31
12 184
39 55
59 109
92 190
67 59
100 190
88 75
97 86
40 10
9 39
69 14
40 48
17 196
38 176
59 165
53 121
50 177
89 180
17 151
11 113
58 86
94 111
35 123
94 156
36 20
40 163
55 156
36 98
58 13
100 25
43 98
88 142
48 177
77 43
20 129
12 172
73 59
51 137
19 122
43 132
68 164
66 134
97 12
53 35
64 186
25 195
47 27
26 104
24 163
37 171
87 98
66 144
54 81
6 33
55 123
71 154
57 84
83 49
91 80
53 167
18 176
54 135
40 15
29 117
43 141
31 106
76 78
66 157
39 150
60 93
32 23
67 183
33 102
12 116
88 23
63 21
97 70
93 163
52 27
4 140
41 26
81 181
2 147
52 188
47 176
31 85
2 103
56 46
32 127
43 132
57 17
11 97
17 165
11 66
85 150
20 54
52 176
96 145
94 105
23 186
36 14
69 117
73 110
17 21
21 20
6 39
99 180
71 88
61 28
35 52
41 174
92 121
89 177
52 60
32 130
77 141
73 158
2 73
46 14
6 159
97 177
29 136
71 89
72 161
53 187
98 137
28 129
100 44
27 198
84 133
22 33
49 11
67 156
29 26
45 73
15 153
10 135
25 81
67 197
18 24
15 58
59 159
82 179
69 148
35 24
31 154
48 97
76 164
19 173
50 166
93 101
50 33
73 70
53 25
10 93
64 107
68 21
87 143
61 147
80 191
14 83
81 159
60 121
53 160
32 78
52 184
89 131
36 85
86 126
16 165
100 189
12 154
21 120
23 142
59 106
54 110
83 154
80 127
49 49
24 139
43 160
16 83
21 97
39 58
49 158
38 126
68 57
65 105
98 45
92 45
93 31
62 119
71 60
36 137
45 150
60 176
9 126
94 49
88 150
23 80
94 160
64 16
97 200
84 123
60 132
1 13
7 134
1 66
55 161
90 130
13 99
68 134
20 105
96 49
51 178
18 105
97 161
51 160
38 81
23 34
56 18
89 119
49 68
3 50
10 187
77 136
66 94
100 158
64 140
55 198
97 151
23 100
17 43
81 26
96 167
58 18
75 23
61 32
70 157
12 108
98 163
57 102
74 113
82 149
16 145
2 84
36 57
25 116
10 158
58 34
19 36
92 143
30 10
68 17
90 153
90 19
68 70
44 184
1 63
39 54
85 69
9 18
98 91
48 131
73 151
32 68
42 117
59 192
33 12
79 70
90 18
87 78
10 60
85 72
24 160
53 104
82 152
57 94
79 41
17 167
61 107
7 115
49 72
98 51
12 47
98 166
67 146
48 91
98 164
57 115
85 110
13 146
42 44
57 20
76 87
60 176
38 105
76 78
81 35
37 196
15 183
71 179
17 168
83 96
2 187
6 136
34 51
90 64
75 122
9 17
75 27
17 197
94 170
36 13
62 33
30 78
53 174
33 153
87 70
69 61
88 49
1 50
94 88
10 62
69 135
6 190
28 104
88 102
100 176
35 103
81 156
19 36
34 101
55 49
42 77
15 182
77 105
36 88
14 81
56 127
10 51
75 15
79 77
89 170
32 135
100 97
74 59
49 150
38 12
27 31
15 179
67 143
5 20
40 144
61 118
58 117
74 144
73 115
88 76
56 113
29 61
89 28
79 163
91 149
75 194
36 50
62 139
68 120
34 103
46 64
82 91
24 173
24 34
4 143
96 89
37 84
18 30
33 190
85 93
35 75
91 59
87 141
99 107
59 189
64 39
56 16
14 159
50 38
75 22
11 102
86 81
51 119
79 189
95 108
49 149
90 89
58 133
15 29
60 180
41 125
100 88
67 81
67 110
68 40
78 41
70 60
97 86
27 43
75 19
26 21
14 11
45 77
3 193
41 23
15 179
70 99
20 71
7 122
43 195
86 23
57 143
67 58
24 170
8 109
16 18
31 13
95 102
42 124
31 117
22 61
21 115
17 41
89 42
12 11
38 89
60 133
76 121
85 129
66 168
39 173
95 161
36 126
59 179
9 20
81 124
38 55
39 81
61 89
87 95
23 133
82 90
49 130
56 100
58 134
80 62
19 191
59 12
67 38
77 10
7 15
82 110
80 101
66 86
51 101
77 144
27 166
53 64
14 166
14 75
46 83
61 133
38 14
48 16
19 105
75 146
37 33
32 83
70 81
49 73
89 46
83 156
12 23
32 57
97 95
68 26
75 85
40 31
73 111
64 36
55 53
49 198
58 137
84 79
86 77
10 68
94 35
14 184
68 36
35 177
38 56
50 138
95 25
9 103
75 72
22 30
81 183
85 64
65 28
59 35
18 188
47 140
83 87
96 81
2 64
89 40
83 157
86 61
10 198
52 116
13 144
19 84
53 36
35 197
83 166
56 90
24 12
52 98
29 112
50 160
1 117
75 169
19 101
97 183
15 146
21 44
9 156
86 88
66 142
9 49
17 31
95 85
26 193
5 154
48 198
78 10
3 109
18 86
5 12
54 46
13 174
3 155
27 139
68 112
67 82
19 135
15 98
55 66
97 19
82 172
45 152
94 166
25 166
55 74
32 56
54 104
41 105
38 109
59 65
75 40
59 20
28 170
94 184
51 168
97 133
40 76
1 124
66 25
93 62
34 14
73 117
56 44
68 153
26 40
57 127
65 99
21 75
68 73
78 182
94 173
90 147
18 184
23 95
96 138
27 171
3 184
71 175
41 78
7 172
91 62
74 132
2 72
21 98
58 92
90 24
99 165
16 40
12 21
21 62
21 194
34 14
21 74
6 170
22 131
98 72
28 40
36 27
42 162
50 170
79 163
68 125
76 96
50 82
68 113
60 56
48 21
53 41
67 122
10 187
81 89
8 136
1 93
35 90
96 174
41 160
64 118
29 102
68 69
100 146
47 172
32 72
1 108
9 52
68 135
54 122
64 48
93 23
43 199
49 165
16 142
19 185
43 78
56 71
66 98
3 40
12 56
8 43
19 183
13 96
20 50
86 53
90 89
90 160
89 155
78 90
65 42
23 149
91 167
34 28
79 15
64 175
85 179
6 100
52 169
83 105
34 62
42 92
31 56
62 88
16 174
19 118
9 195
70 172
45 28
12 97
78 199
82 190
19 124
42 104
12 156
2 90
78 26
5 184
99 198
72 166
22 108
43 54
