700
24866
83 120
48 126
70 107
94 194
74 136
11 188
62 139
24 90
33 51
16 128
71 183
68 117
48 176
11 94
35 52
45 166
44 152
47 130
45 148
69 41
91 132
55 148
99 166
67 53
45 68
89 187
81 200
96 129
95 17
9 38
49 195
5 159
52 108
63 10
76 74
28 196
95 87
67 181
6 112
61 129
95 175
87 120
16 18
37 132
96 79
85 146
1 61
27 57
48 141
66 147
98 81
82 141
5 49
13 91
50 162
67 73
95 122
14 57
36 154
81 158
85 52
89 35
24 68
75 48
29 126
32 196
8 186
22 94
73 152
59 33
43 137
92 55
76 94
69 76
25 46
58 166
22 199
19 161
31 153
32 194
91 97
19 120
44 81
88 19
77 200
92 54
16 33
49 130
59 91
52 85
52 28
29 176
84 39
3 65
66 99
26 110
98 31
68 179
91 95
35 46
87 52
4 32
94 71
99 70
69 39
22 41
3 65
96 135
73 162
63 140
73 198
31 37
5 199
70 159
5 123
52 98
63 121
17 135
37 166
90 67
41 127
30 33
40 138
85 190
64 199
55 135
67 30
13 142
99 96
47 52
59 46
77 155
24 183
87 167
86 64
57 92
57 155
15 145
18 60
58 118
60 123
1 33
17 64
56 53
8 41
3 170
6 27
62 124
47 36
32 186
63 34
47 106
84 79
75 173
36 177
92 118
94 183
77 147
29 43
33 66
18 20
97 22
71 14
34 144
41 174
46 13
88 123
90 89
41 129
93 84
50 169
91 191
45 154
15 160
56 183
49 103
61 50
74 75
51 59
13 113
56 112
42 14
45 168
89 152
61 20
49 132
8 65
61 117
90 99
49 53
87 117
37 151
12 82
20 174
53 46
16 43
53 171
75 196
64 87
68 79
93 36
78 188
63 126
19 120
68 54
74 161
79 72
28 169
55 87
87 77
31 47
22 198
18 139
90 200
57 157
39 106
88 56
14 74
93 80
67 24
97 73
53 72
61 186
63 141
58 59
27 92
68 72
29 157
42 66
59 85
60 48
19 172
32 70
88 48
7 85
95 61
84 167
41 84
82 138
89 171
18 13
2 11
53 79
61 143
32 27
42 101
42 137
63 25
65 176
7 21
58 88
60 166
97 27
48 175
33 165
93 149
19 92
7 51
5 141
75 127
99 113
30 111
9 47
66 92
32 140
86 56
37 157
81 155
32 151
20 190
7 104
22 29
50 99
62 92
91 100
19 54
71 156
14 97
81 39
62 147
42 165
61 177
83 153
15 120
38 102
69 19
45 12
36 67
45 81
20 161
94 145
80 138
84 59
45 129
63 11
97 82
43 82
55 128
62 187
54 173
34 74
11 44
7 148
57 143
82 160
46 169
69 124
92 176
2 57
10 76
87 19
4 195
9 121
31 151
74 46
95 15
91 155
55 53
32 41
39 177
95 75
9 126
53 148
36 78
12 47
99 119
52 116
49 139
48 114
89 196
21 151
36 167
5 42
3 130
32 183
39 26
58 66
46 185
64 124
90 175
42 196
96 56
28 188
77 68
12 77
57 141
2 152
44 146
30 76
98 18
66 125
17 84
77 141
42 14
51 11
79 77
67 37
52 165
67 63
27 59
40 190
22 173
77 23
49 20
5 60
84 80
47 146
20 28
48 109
75 102
36 149
75 172
27 180
91 100
69 189
60 198
93 47
53 65
54 114
7 72
40 154
18 153
36 102
12 182
29 91
82 107
2 15
89 141
38 35
88 108
64 105
40 101
26 168
71 155
43 81
95 189
100 134
83 197
66 128
79 59
79 87
92 74
80 112
23 121
15 56
88 84
42 154
34 42
53 118
9 72
30 23
70 55
45 149
64 168
50 34
79 112
9 15
74 50
80 191
10 26
83 184
96 192
1 33
69 180
50 21
11 104
28 107
61 14
62 36
26 163
21 187
72 75
96 147
56 83
11 12
10 181
9 144
99 83
45 198
2 63
46 25
31 149
44 118
29 61
65 133
42 168
58 129
92 135
18 105
61 138
61 89
2 112
14 139
75 52
94 115
52 46
54 103
70 141
14 164
51 85
81 75
32 81
45 199
99 39
44 158
7 19
60 192
24 182
8 147
21 46
56 130
42 126
93 102
2 163
66 160
83 143
100 44
59 98
7 143
76 65
47 138
30 169
94 115
15 36
10 10
70 27
98 173
3 104
49 121
52 134
49 88
40 75
15 193
20 41
90 140
2 126
78 72
67 177
13 127
1 94
82 24
33 91
83 185
89 48
21 184
61 131
81 183
52 112
30 45
6 193
14 164
69 164
51 157
70 71
87 51
85 41
55 28
24 48
14 45
51 163
18 60
88 92
74 170
51 56
53 69
51 118
66 36
83 13
99 158
70 90
56 125
83 165
69 151
15 78
33 75
30 193
30 84
19 162
73 152
18 21
53 178
53 138
70 106
1 170
40 56
72 182
26 113
61 88
99 53
65 97
28 94
1 153
51 25
2 32
69 167
67 144
11 28
86 28
100 148
54 130
9 125
13 81
62 10
14 146
2 198
91 192
4 191
36 200
83 116
90 66
36 50
93 118
33 52
78 181
65 19
7 101
6 157
38 65
21 136
53 159
47 102
7 146
57 49
27 123
87 114
14 91
28 79
54 193
52 94
82 177
32 66
5 99
1 20
40 193
91 155
38 95
61 141
100 41
9 179
14 62
19 144
55 155
12 198
14 86
90 118
15 13
37 55
56 136
66 131
26 31
66 154
5 30
68 142
85 135
44 179
85 96
3 156
58 107
56 24
22 113
24 43
95 79
21 133
100 73
61 21
41 111
22 75
48 86
41 190
88 97
18 46
79 95
98 197
40 180
50 106
58 51
97 124
32 164
54 116
12 182
37 54
16 45
36 65
96 55
36 138
11 196
57 41
53 161
6 69
33 15
91 153
2 32
35 77
27 70
90 59
98 39
7 94
82 102
3 125
41 148
58 183
29 126
31 170
62 195
63 184
32 34
91 34
84 110
17 93
28 22
9 102
17 43
28 183
99 12
100 113
61 82
91 141
58 161
24 132
97 42
72 77
73 96
54 45
51 144
43 15
84 14
87 64
100 106
48 74
58 81
38 189
2 69
70 176
68 150
70 18
35 106
29 38
12 127
79 127
6 90
