700
24452
8 45
44 93
15 91
10 65
2 84
54 177
37 54
67 166
15 174
30 110
77 51
24 153
3 129
66 41
28 147
2 193
30 39
78 70
77 21
43 181
89 99
29 185
65 95
100 170
63 200
58 10
79 65
48 89
46 45
41 149
80 178
65 138
4 50
54 34
13 96
39 173
20 114
16 44
19 156
100 54
61 52
66 198
100 108
93 118
3 179
71 133
29 137
13 90
56 120
57 128
14 148
46 165
15 62
49 150
61 155
3 169
2 198
4 78
63 119
99 103
96 184
87 194
56 192
84 52
23 167
26 28
62 133
51 175
100 103
96 112
28 138
13 195
95 49
21 165
26 72
1 46
53 35
96 50
50 15
36 18
6 33
14 192
92 119
95 31
32 37
27 154
12 32
75 200
84 69
97 150
73 65
90 54
64 141
40 82
1 126
5 189
18 145
43 105
75 11
59 67
62 33
25 29
28 19
99 135
86 163
85 124
54 178
80 168
28 136
35 33
99 76
43 47
67 37
9 117
75 49
65 30
13 98
13 103
9 95
57 133
86 170
23 89
16 13
21 186
11 98
38 131
96 59
52 190
35 171
62 93
21 84
64 110
100 97
29 145
94 36
28 182
55 70
68 155
87 117
13 110
97 65
97 135
72 134
88 160
89 81
47 120
57 13
42 173
58 38
11 102
38 83
19 42
23 10
91 168
45 23
67 194
55 65
32 52
60 195
71 178
85 10
25 135
8 138
95 167
16 153
32 97
15 137
30 58
73 39
95 18
47 88
63 105
87 167
90 108
84 34
65 15
15 19
42 76
15 200
38 67
81 87
45 124
47 43
3 117
1 48
95 146
38 136
64 161
2 88
37 100
46 158
56 59
34 101
92 104
97 55
77 39
68 184
78 117
20 102
3 76
82 181
21 59
18 182
18 149
69 158
25 103
31 18
5 85
36 65
18 200
77 170
15 140
34 157
43 94
34 194
96 51
7 109
86 100
100 63
21 34
93 122
95 175
62 52
1 26
14 33
7 21
34 137
24 46
61 44
87 98
29 85
47 77
37 123
70 72
11 191
67 160
72 70
51 82
68 185
84 178
62 147
31 53
23 56
44 40
47 83
57 31
58 58
24 200
14 130
78 168
96 71
56 89
78 146
73 116
12 38
75 149
66 116
76 142
15 137
56 117
44 196
23 41
28 62
21 133
87 77
4 101
57 39
98 184
16 106
7 36
20 186
68 106
32 73
15 91
10 104
80 150
99 109
94 42
84 130
77 109
15 10
77 139
2 197
59 110
14 132
82 41
73 152
31 13
8 139
79 130
69 68
43 88
47 33
2 169
72 89
28 149
63 31
12 163
24 76
21 78
80 154
10 66
10 121
75 11
39 129
57 189
17 65
74 79
8 79
82 174
39 154
47 147
85 72
35 55
89 88
75 151
96 59
18 160
82 167
25 128
20 88
7 196
67 93
73 34
33 44
12 136
12 40
20 89
3 148
27 200
59 73
21 194
85 113
55 127
21 134
63 177
81 193
91 137
18 165
98 83
53 18
58 121
9 122
6 133
63 46
28 88
21 22
18 184
1 176
35 71
63 86
72 133
63 145
20 179
63 87
40 87
82 38
69 190
42 146
36 58
98 60
68 75
53 180
27 200
6 81
52 11
78 73
48 119
40 44
24 176
82 22
2 38
17 181
82 127
44 179
99 107
61 17
57 94
90 82
8 198
64 152
37 199
67 95
21 111
19 161
31 198
47 12
69 100
96 77
84 93
82 68
59 49
66 119
3 199
36 24
13 51
14 11
81 141
53 134
40 14
88 105
79 56
97 93
93 184
53 14
72 28
4 184
65 11
100 71
83 156
68 131
30 133
78 198
99 31
45 194
63 33
54 133
20 31
39 140
54 133
28 124
73 192
72 103
95 117
45 26
45 97
92 141
22 56
32 183
71 122
98 38
13 76
11 129
72 50
15 109
43 199
78 16
69 56
21 92
83 169
66 195
73 39
87 29
22 68
19 127
10 37
41 62
48 23
11 158
62 49
92 193
25 26
40 118
76 54
6 160
87 37
16 179
64 80
2 21
16 28
26 195
13 14
6 162
86 176
63 28
6 114
26 49
17 37
96 28
26 166
83 189
41 108
97 19
84 29
42 93
87 72
97 179
42 196
16 113
45 91
25 45
93 110
35 40
45 167
86 101
9 11
74 113
44 143
49 11
29 102
8 23
48 21
17 104
85 123
87 41
46 74
42 193
96 32
59 10
26 54
33 50
18 174
56 36
35 97
90 143
65 94
23 67
29 94
28 188
45 98
85 122
19 106
61 134
92 30
27 79
22 14
11 10
43 79
47 10
3 125
78 10
76 188
10 85
61 156
17 81
13 78
85 170
83 91
98 121
13 14
2 122
14 30
16 152
83 137
15 138
88 55
36 73
86 54
66 59
12 103
35 116
66 50
97 188
27 14
83 47
92 89
45 120
57 105
91 84
99 76
74 144
11 157
92 152
96 150
77 14
14 106
91 123
51 52
99 29
56 97
55 169
59 173
51 140
55 154
55 46
83 200
13 32
96 40
80 21
90 178
35 186
50 79
72 73
93 127
23 26
50 90
40 172
15 71
99 52
9 108
81 179
76 165
7 22
29 172
61 104
55 113
94 16
28 166
45 186
88 130
51 166
81 89
68 88
64 69
83 22
90 143
72 51
93 117
66 47
99 19
3 79
73 112
27 73
16 53
77 195
24 35
76 26
45 109
85 131
28 66
59 162
86 156
1 85
3 107
58 55
74 129
80 50
30 133
25 121
63 76
40 180
82 96
62 133
48 42
98 100
8 195
57 191
76 131
37 187
14 152
72 62
75 73
33 21
88 146
98 120
80 193
41 177
64 170
63 67
18 80
14 169
35 165
24 173
68 139
39 80
12 94
66 53
69 146
43 29
81 57
9 45
13 180
25 11
11 40
61 92
59 193
17 111
68 86
30 112
73 75
40 90
9 117
43 24
64 66
76 97
73 40
20 149
69 176
12 13
39 48
46 100
32 74
31 97
81 26
2 48
44 182
86 195
40 97
9 55
30 101
36 92
37 190
72 53
36 155
3 49
62 53
19 178
91 39
33 115
92 93
15 169
43 163
83 108
69 183
74 141
12 139
82 163
3 11
62 187
56 136
