700
24659
61 200
48 79
24 165
14 79
13 115
10 193
36 27
18 102
24 60
46 84
59 54
50 143
22 20
63 175
10 57
71 149
94 200
34 136
30 73
77 179
51 23
89 25
95 39
10 109
28 120
71 179
30 92
22 20
97 59
50 113
20 170
35 152
36 185
22 140
56 66
49 57
63 125
50 179
70 177
45 117
8 56
91 122
70 196
48 113
13 21
87 125
52 152
56 113
35 130
57 61
44 123
87 46
87 170
47 106
34 63
65 91
46 184
27 134
49 25
38 60
75 133
33 189
74 148
45 121
18 167
69 169
58 196
12 110
62 72
49 59
84 50
64 117
39 121
2 13
92 183
71 115
75 147
68 58
3 164
56 69
13 69
48 164
18 57
90 65
11 151
78 163
72 84
88 196
52 169
81 134
78 32
2 123
24 194
69 163
31 197
100 78
88 181
13 62
22 157
33 97
90 50
99 33
90 80
18 83
100 171
25 64
51 192
22 180
90 185
74 64
33 23
62 56
45 44
11 94
13 163
76 157
69 67
8 187
64 195
94 16
24 137
6 42
2 86
9 17
77 130
63 86
4 64
86 200
34 175
13 74
41 22
68 31
80 20
77 195
97 118
8 158
94 49
43 83
70 177
28 76
8 159
25 107
79 191
52 58
19 24
47 68
59 45
38 196
90 143
95 143
24 175
45 167
7 96
94 32
8 197
23 163
57 117
42 194
75 183
28 68
59 32
22 151
23 86
83 115
55 94
70 177
14 119
95 145
20 94
71 106
66 161
57 167
74 12
59 120
27 25
19 127
55 62
85 130
24 21
21 167
86 179
22 114
86 102
8 190
62 101
13 99
44 52
50 91
65 36
74 151
39 152
79 60
100 22
79 71
22 94
69 69
1 116
37 182
74 113
26 190
90 22
78 26
60 184
57 31
70 98
14 137
23 190
30 180
97 103
30 30
13 82
92 175
90 15
17 120
96 59
47 119
29 27
95 194
91 46
47 48
87 86
23 73
71 125
42 118
86 157
28 17
99 39
72 21
59 44
87 157
86 33
83 191
52 156
35 37
23 117
26 182
96 197
46 99
99 164
12 32
29 26
47 110
91 52
45 132
3 26
96 171
20 84
35 192
33 153
41 14
74 63
53 160
34 107
20 67
25 153
16 90
13 159
54 51
9 55
61 121
39 193
84 151
8 164
65 189
57 26
82 164
38 92
4 19
66 102
61 81
31 176
53 44
9 122
59 129
26 172
16 53
80 157
32 174
83 163
93 37
96 70
57 191
85 28
37 30
4 100
63 13
48 137
63 123
45 65
50 19
5 169
5 194
67 189
82 157
50 111
82 66
38 78
30 38
94 23
88 24
31 65
83 199
25 138
40 113
39 90
76 54
70 13
39 24
35 136
46 83
35 85
53 195
89 128
14 75
40 121
83 103
65 24
45 150
28 32
8 142
44 94
9 73
81 101
91 20
49 72
75 189
98 105
87 32
20 173
81 53
3 133
75 191
29 146
34 163
19 156
12 29
53 178
51 129
46 118
11 28
66 123
28 98
38 102
51 65
98 57
30 163
53 85
94 16
68 31
99 185
62 90
54 148
18 200
33 102
25 57
57 35
67 107
85 23
66 71
23 32
50 56
73 88
37 196
28 26
61 178
52 43
15 129
48 88
30 86
51 39
78 48
99 193
16 72
79 141
75 113
35 94
22 126
81 172
47 113
16 65
86 167
77 177
48 200
29 176
3 43
84 156
7 58
49 185
93 74
62 134
69 74
5 145
62 56
51 187
97 151
70 127
85 169
27 114
40 162
69 22
35 12
67 35
36 124
54 142
50 89
83 149
94 41
6 10
97 52
32 33
76 60
2 28
72 129
46 116
10 35
56 117
60 157
39 163
90 70
14 144
38 128
16 200
27 51
13 79
51 119
68 140
5 10
97 180
45 172
62 184
24 73
75 82
83 30
38 186
8 143
68 105
62 84
93 35
67 71
85 153
36 64
3 163
81 40
80 153
45 19
15 139
36 16
50 151
6 108
85 70
60 178
4 173
10 185
78 129
85 165
27 54
91 28
2 67
17 198
25 59
15 12
59 112
6 89
99 71
30 88
4 77
96 62
39 167
3 29
57 71
78 158
95 183
2 97
42 67
69 115
67 87
6 192
85 15
49 31
35 90
62 141
36 32
93 61
16 103
17 119
73 188
71 59
72 197
61 64
5 98
67 19
53 20
79 25
34 181
68 69
91 133
84 56
86 66
42 157
76 142
38 89
59 180
38 175
83 127
6 187
46 47
18 38
94 136
68 200
22 29
6 108
89 102
35 11
69 80
32 19
50 92
78 188
32 29
65 72
96 184
7 176
73 94
31 191
57 179
25 110
54 190
92 104
26 79
50 195
85 118
72 74
18 62
25 25
84 34
23 94
51 138
26 143
87 89
1 182
59 105
25 72
58 180
9 184
16 143
17 143
93 24
4 160
95 88
65 188
22 53
1 10
73 69
24 158
43 187
20 78
4 37
69 184
98 107
41 27
37 77
88 161
14 18
69 43
83 148
22 178
17 162
35 27
24 107
50 41
73 138
45 34
11 87
31 113
15 15
56 111
41 22
11 181
37 168
51 193
42 107
77 165
100 151
97 77
28 21
65 66
18 25
95 125
97 152
7 93
43 25
64 108
70 74
10 139
49 16
74 27
41 54
14 16
59 42
90 132
40 90
54 177
34 38
5 186
50 151
15 183
55 25
7 96
29 67
87 58
67 163
89 40
16 176
28 42
93 22
98 131
88 103
74 109
7 168
7 141
43 41
88 162
80 148
30 82
70 10
85 136
5 180
1 71
14 81
71 167
67 64
35 172
58 20
90 131
30 90
71 153
58 87
19 167
54 42
79 35
29 138
55 159
26 12
95 111
40 133
64 51
10 106
57 125
57 104
43 14
2 98
67 110
39 142
10 58
46 71
84 141
83 95
90 63
42 183
93 121
96 138
29 111
29 107
79 84
5 35
11 155
83 138
95 77
55 144
57 103
5 163
66 47
47 16
70 199
97 160
18 96
19 45
8 68
65 89
35 40
21 176
99 156
72 86
32 96
95 190
48 193
92 15
29 48
96 171
65 77
92 88
87 89
5 92
90 109
54 63
63 25
31 94
18 136
40 27
46 175
75 106
