700
25202
100 166
65 181
55 79
37 97
4 56
80 92
13 80
69 70
100 138
49 123
92 70
48 106
54 151
73 178
69 31
36 44
60 138
74 84
79 187
57 82
12 62
28 67
49 54
48 39
63 134
79 177
70 60
9 63
12 143
55 151
4 102
9 84
72 192
53 115
9 174
15 131
64 62
40 168
73 150
37 117
10 38
98 54
23 16
94 112
62 56
48 150
39 54
77 169
96 171
91 162
86 98
30 120
74 98
83 65
11 100
60 148
23 169
33 144
2 13
80 158
55 176
74 68
57 75
97 33
72 184
41 188
100 40
90 142
48 168
79 91
46 77
48 63
2 22
24 81
65 62
27 182
77 142
28 22
65 20
13 99
72 15
32 168
17 164
24 99
37 25
58 75
9 25
20 129
61 65
85 29
17 24
85 23
28 153
99 12
77 79
11 63
9 11
23 178
88 25
15 178
4 10
16 158
8 77
61 91
96 115
19 75
43 156
58 92
26 16
24 110
48 107
75 59
22 109
56 156
81 98
72 198
36 147
21 78
34 51
34 180
61 103
62 101
92 105
59 49
95 129
16 99
20 183
13 98
5 165
47 200
75 63
35 33
58 77
34 51
6 44
72 61
12 72
89 49
57 53
19 134
70 98
33 197
24 14
90 172
29 133
68 161
81 82
51 56
5 116
76 123
97 110
16 28
62 96
35 104
92 129
94 80
90 67
17 101
91 146
25 175
96 17
74 146
33 165
69 175
85 99
11 165
94 67
32 139
4 184
89 123
40 55
20 103
6 60
65 63
24 114
92 94
89 60
24 136
97 43
21 26
8 110
69 56
38 113
70 67
48 115
4 118
89 117
67 52
78 118
86 97
76 113
93 18
58 130
42 123
53 195
11 62
1 147
90 127
100 48
100 141
19 19
71 179
37 83
40 56
89 180
80 70
81 176
38 42
99 107
70 130
97 120
94 168
93 142
10 70
44 59
98 50
74 119
16 127
100 196
85 104
43 180
4 27
3 25
79 176
64 40
67 181
15 72
63 123
83 66
62 29
13 124
7 67
81 84
62 117
8 132
34 160
85 74
62 66
38 39
69 147
73 162
98 140
73 32
26 70
75 190
24 146
9 11
37 130
12 14
8 24
59 23
61 166
99 90
82 57
22 39
72 162
57 95
66 90
86 32
91 164
8 102
81 188
98 192
55 110
2 91
75 167
58 15
74 13
41 143
13 63
1 148
84 43
87 22
34 190
1 26
36 38
40 173
30 120
3 114
10 30
21 140
72 40
7 178
16 160
30 41
15 34
11 30
27 75
56 91
99 114
49 153
100 112
29 49
2 180
31 45
38 141
12 142
28 107
91 98
7 119
89 13
68 196
8 31
40 41
36 63
45 81
27 152
46 55
78 176
34 181
77 93
16 179
44 92
43 75
7 155
95 71
47 102
67 142
14 104
37 165
84 62
50 117
42 140
48 42
63 157
45 37
68 131
87 199
23 44
5 44
91 189
42 161
72 84
44 155
20 79
81 46
32 40
77 149
78 155
53 118
37 141
65 81
88 130
35 23
30 67
22 36
89 43
23 54
82 161
75 71
93 197
11 70
19 156
17 53
38 101
67 63
10 188
78 137
33 72
39 67
10 14
30 113
24 177
62 185
86 66
9 196
45 118
90 58
15 49
13 151
98 184
16 47
6 186
14 99
52 75
64 19
82 156
10 25
13 139
76 20
94 109
84 144
12 111
1 197
74 185
38 126
42 31
25 58
98 39
39 15
26 93
38 48
18 96
75 16
70 162
62 114
63 45
72 99
82 136
67 152
94 185
56 115
7 16
79 117
19 14
18 165
19 35
70 46
26 75
77 11
65 49
82 35
11 78
100 15
46 164
29 96
97 173
36 31
10 121
2 45
51 34
64 69
70 14
49 68
4 191
82 153
74 42
6 78
66 74
7 80
90 99
29 107
14 70
45 93
87 54
11 194
87 83
57 156
71 67
80 150
8 79
56 111
73 118
41 193
88 140
74 81
13 176
63 133
1 185
96 170
5 146
97 16
80 120
58 77
69 11
9 163
86 145
25 112
30 122
19 21
17 184
94 33
85 198
38 59
46 136
82 144
95 70
73 81
54 161
81 61
56 98
83 12
19 19
53 169
44 52
78 154
98 67
9 83
30 19
99 146
17 19
56 34
61 53
57 14
7 59
77 55
97 88
96 59
35 71
82 84
80 34
95 121
41 76
90 161
56 190
54 39
99 102
98 185
97 107
14 88
78 21
58 194
32 87
70 169
35 166
95 131
40 64
14 66
42 86
88 42
97 39
77 65
69 90
33 80
88 27
35 60
3 60
45 200
17 169
26 135
80 138
41 25
47 11
32 118
48 181
22 120
15 122
9 140
64 165
35 74
26 86
84 135
36 187
52 109
47 51
86 48
96 173
88 99
61 160
68 10
86 158
38 100
6 179
25 200
82 65
73 30
93 20
67 138
59 110
92 122
13 44
70 148
43 45
29 14
91 97
98 19
28 108
9 126
66 147
13 157
79 136
56 122
72 36
80 38
56 53
23 57
39 129
17 47
97 181
17 44
66 47
76 61
26 67
5 22
69 102
16 40
4 33
15 68
26 111
77 27
79 127
12 34
58 133
4 99
99 47
65 92
84 176
13 92
77 182
1 198
96 11
79 39
18 162
80 132
92 178
13 38
73 62
49 187
64 126
96 47
13 72
57 139
17 44
46 19
69 126
62 95
79 138
64 165
63 198
98 193
57 126
11 148
99 155
60 76
2 193
80 196
58 141
37 137
14 44
65 139
46 179
55 21
98 109
74 196
7 149
44 194
43 106
2 46
9 109
84 188
42 57
39 60
43 94
12 191
41 125
28 141
55 31
45 144
92 164
36 189
43 37
77 181
72 91
89 150
28 33
54 76
84 169
15 100
77 45
12 182
22 107
40 160
17 200
22 194
19 107
99 136
63 193
84 10
44 114
87 69
80 100
26 118
42 170
1 174
84 20
87 68
26 164
14 11
83 40
5 147
35 68
91 189
86 190
72 168
94 148
84 44
21 74
21 111
73 151
23 128
91 194
54 195
47 19
91 102
2 67
74 91
24 102
89 18
63 99
49 168
62 87
77 126
25 169
21 135
76 58
61 151
25 62
75 180
35 32
60 132
