500
17610
78 170
73 89
36 90
20 65
65 156
34 94
46 52
74 15
46 161
88 169
49 85
79 43
56 164
9 81
64 165
9 118
55 183
31 85
79 179
94 147
93 99
93 50
99 181
29 157
7 199
73 65
17 81
67 108
63 140
12 126
13 80
64 54
69 88
95 130
77 197
11 180
37 160
90 177
97 30
11 133
17 23
13 169
27 48
60 47
97 160
55 106
37 137
30 170
53 104
6 50
59 166
28 98
40 113
39 182
64 44
14 142
4 81
73 37
40 177
23 164
69 180
89 96
87 163
36 160
70 63
82 113
37 111
68 178
72 185
73 28
58 72
51 186
4 85
89 110
24 22
67 59
35 188
59 31
49 142
85 173
99 94
26 93
96 103
28 140
52 187
99 163
29 129
58 171
37 42
97 148
58 99
33 86
21 111
47 39
55 119
18 185
40 24
28 54
70 106
4 33
43 141
94 165
42 136
76 189
98 51
65 195
49 116
24 64
55 139
91 179
66 88
81 168
82 65
5 87
70 132
91 134
75 30
8 82
96 75
66 124
59 83
7 163
21 17
32 101
37 14
33 70
93 157
55 13
79 200
33 54
94 22
98 143
35 80
20 177
98 87
14 15
87 61
94 44
18 143
10 191
15 57
41 19
96 117
89 70
87 108
16 193
82 88
42 67
85 174
93 129
48 23
58 121
61 116
43 71
77 198
42 22
12 25
65 129
8 55
94 98
14 75
46 196
73 57
53 21
57 183
81 77
76 86
12 28
16 182
10 176
16 185
54 36
43 90
58 153
50 189
48 169
32 143
1 111
90 22
58 189
64 177
43 158
83 166
8 127
87 156
55 156
96 164
26 27
87 22
37 178
61 11
53 176
98 71
32 98
31 71
82 85
91 41
2 177
38 69
37 37
69 149
19 94
89 56
47 137
60 117
12 154
22 105
4 145
35 191
93 94
91 16
18 68
9 112
7 61
80 162
8 169
86 173
64 157
29 185
65 150
28 136
43 62
5 19
16 115
33 31
58 53
86 92
21 64
57 74
55 55
77 43
3 25
78 97
27 57
62 149
86 48
31 179
80 70
97 147
60 45
99 121
74 97
13 38
72 162
60 17
4 190
85 117
58 40
82 188
44 13
84 143
64 195
42 152
23 184
62 53
53 60
29 39
13 100
7 100
62 123
6 143
44 52
68 45
25 152
53 14
80 24
78 42
42 103
38 198
61 74
79 40
64 157
32 20
50 126
38 39
45 11
57 147
72 116
22 95
77 189
64 30
33 74
31 168
82 88
11 116
41 124
11 112
67 45
75 145
44 117
2 53
15 120
34 112
11 143
47 145
88 51
47 191
42 180
64 14
49 159
81 123
11 159
53 78
14 174
81 35
51 55
52 96
53 101
18 129
37 93
36 46
47 176
15 100
68 27
28 172
85 82
56 26
86 173
10 117
59 35
45 134
26 135
25 149
93 68
33 82
62 195
8 124
57 78
32 195
86 173
23 126
26 116
97 125
4 70
61 181
92 122
3 70
67 71
12 33
58 145
47 79
4 104
53 180
70 42
53 77
41 161
78 198
25 54
21 143
93 54
42 53
31 24
23 112
49 138
14 183
22 65
50 91
29 77
29 148
98 124
13 175
19 115
52 119
12 95
13 76
25 51
16 155
21 185
48 110
93 12
50 42
37 90
59 42
76 89
67 33
62 10
100 160
84 196
4 47
48 191
84 23
94 158
78 149
97 168
55 179
32 98
49 98
80 75
85 63
48 14
25 152
28 199
59 129
27 105
78 112
37 98
21 31
73 112
27 189
46 14
78 14
9 99
92 14
80 26
41 57
97 36
55 84
65 33
85 63
80 71
56 109
19 187
96 66
93 177
79 164
35 22
30 151
68 59
38 10
54 156
8 181
64 30
19 38
98 103
59 154
46 177
30 23
17 91
70 183
7 101
57 62
43 177
4 123
86 182
3 68
18 137
31 77
22 118
14 153
85 167
57 157
94 14
38 126
79 27
42 67
69 55
10 43
53 110
74 100
87 74
23 88
24 142
97 162
66 14
49 115
85 108
9 189
63 114
25 179
63 140
1 104
3 25
10 113
52 33
55 192
9 182
64 165
63 131
20 130
10 111
26 153
55 30
35 179
37 88
61 122
22 45
25 103
92 46
85 63
87 108
85 170
44 193
22 100
82 154
15 106
37 23
86 52
29 150
19 178
32 64
87 61
29 16
84 131
44 30
30 169
34 39
60 99
33 193
67 164
88 56
