500
17512
69 152
2 25
58 76
7 15
44 12
84 121
8 19
39 33
64 74
22 168
25 118
64 195
27 168
58 98
79 68
96 49
30 96
28 105
87 10
11 82
42 98
29 105
77 133
97 47
66 76
19 107
14 198
51 46
2 56
33 159
49 62
4 180
93 92
60 39
48 89
59 159
14 163
77 176
53 71
8 124
4 17
72 67
13 50
75 82
41 151
24 93
84 97
82 167
11 26
47 15
69 186
17 30
90 49
91 10
14 155
7 76
16 73
24 166
17 102
44 65
25 111
3 24
76 77
60 131
13 21
20 56
41 53
26 128
60 107
20 47
82 144
98 21
89 79
3 72
34 143
21 63
97 21
29 152
46 129
75 98
78 96
64 16
62 193
61 51
77 68
66 102
55 76
75 199
11 119
13 106
50 65
80 15
91 71
20 57
24 43
59 57
32 101
3 14
94 115
55 59
60 32
23 51
2 136
45 54
94 120
74 167
43 136
39 23
72 113
29 131
37 70
71 109
50 36
52 59
92 172
2 99
48 51
47 20
1 37
19 143
3 58
52 179
89 142
12 143
63 147
65 69
49 145
99 31
79 80
81 109
46 29
20 88
53 112
98 176
50 97
4 54
41 123
19 70
4 156
34 138
84 116
24 72
11 87
7 80
54 44
43 85
93 142
97 20
56 45
15 16
8 116
55 101
59 155
12 133
89 176
100 56
76 50
65 66
58 123
61 62
48 69
23 128
51 49
93 189
14 32
66 117
22 142
35 187
11 185
26 152
9 54
84 20
41 94
96 98
19 112
80 20
14 165
38 49
11 61
30 84
1 79
19 151
78 176
38 146
35 59
99 59
69 13
69 76
60 129
2 84
77 40
87 152
54 46
67 166
54 150
34 75
57 92
100 112
33 50
10 115
84 164
38 116
30 119
57 199
29 25
82 169
39 165
79 47
81 98
37 185
34 126
65 52
88 57
71 106
81 152
38 94
77 98
27 144
22 147
94 175
80 75
39 53
56 149
82 19
17 159
19 48
74 72
5 93
55 66
85 110
94 39
43 115
4 148
84 196
91 126
65 23
12 147
65 74
49 135
51 42
72 197
2 162
41 164
25 186
19 65
73 192
99 183
31 162
49 148
2 79
50 125
14 95
6 155
83 109
94 37
37 14
70 131
69 146
24 164
17 68
87 15
2 139
25 75
51 141
68 196
29 124
61 150
31 194
62 24
92 46
6 14
95 110
45 35
41 25
89 27
100 29
99 163
65 114
94 39
18 158
85 70
42 53
22 47
64 88
4 200
60 177
87 117
80 170
92 44
42 132
50 178
94 109
19 196
45 145
80 171
34 89
42 137
55 42
82 86
93 188
17 135
20 90
66 158
67 132
90 76
15 18
7 36
72 82
75 31
3 75
5 116
75 44
67 195
18 71
62 21
38 182
52 171
23 179
8 100
59 70
67 25
69 79
1 27
66 115
96 64
55 62
10 173
83 99
99 178
59 137
12 176
23 125
59 74
83 113
17 80
27 135
54 143
74 88
34 133
70 110
98 190
56 13
63 190
17 178
26 145
12 86
57 45
74 61
88 197
84 105
3 11
35 97
68 176
82 74
15 10
84 109
70 187
84 136
39 158
13 148
85 26
85 124
99 60
76 191
20 50
83 115
45 151
95 132
88 34
12 192
63 38
55 148
7 25
31 45
37 129
99 64
69 177
17 177
92 123
63 143
71 90
69 118
18 98
12 57
63 162
39 81
38 129
64 27
46 194
83 137
74 117
22 67
5 167
77 119
79 152
66 124
13 136
15 34
20 103
48 200
11 196
59 83
29 25
15 47
44 55
22 176
7 79
31 25
31 94
47 199
8 58
90 32
79 56
98 147
52 27
89 142
50 192
64 31
67 38
54 148
60 22
9 153
38 73
69 187
44 131
52 28
98 27
59 68
85 140
3 32
10 61
27 41
14 139
81 95
5 29
3 200
85 52
87 73
52 121
24 46
53 117
75 64
93 43
85 70
25 110
93 91
27 34
36 33
14 130
26 155
11 170
23 28
72 62
69 99
24 49
87 115
99 55
9 131
60 88
2 151
98 104
73 53
20 101
78 104
74 158
22 73
35 134
86 27
8 75
47 21
72 178
65 15
82 80
6 54
83 165
21 74
99 117
8 82
95 27
92 146
13 188
32 33
86 61
82 163
96 20
79 26
77 89
11 43
50 190
54 188
96 40
65 104
37 75
45 200
53 36
18 96
5 40
57 58
86 158
28 143
