500
17317
2 177
16 21
23 44
14 146
35 130
76 199
5 169
48 46
20 59
89 190
56 64
71 24
83 119
25 124
14 185
16 55
11 31
71 35
86 123
59 96
43 131
100 98
34 137
73 10
53 119
55 16
23 166
26 164
6 40
5 159
99 12
6 29
17 50
15 16
3 29
91 197
81 42
23 152
84 155
41 91
37 137
56 105
90 179
9 92
63 150
80 28
4 39
96 172
60 169
86 92
89 26
72 114
35 188
49 123
94 190
37 57
62 91
98 142
68 153
3 39
41 166
53 24
20 166
67 22
14 29
57 10
47 158
32 68
93 63
31 146
37 54
65 29
49 113
40 26
76 49
72 114
95 156
49 155
2 198
98 81
58 33
56 148
18 54
14 34
17 37
91 169
98 41
53 37
15 24
57 110
31 11
20 194
37 41
56 108
24 52
54 108
11 61
24 145
72 159
91 59
28 91
42 183
68 70
88 43
39 16
62 55
8 16
26 22
81 151
94 60
63 54
26 37
78 137
67 13
89 118
4 66
67 48
58 198
89 99
34 146
51 98
39 29
10 161
47 175
91 106
52 118
74 68
93 165
57 103
42 14
87 127
69 10
87 63
52 48
7 195
87 115
16 100
52 149
9 144
95 188
66 86
61 45
77 49
28 142
58 86
38 161
41 199
7 98
5 133
1 90
74 162
9 56
54 164
59 156
4 147
75 37
37 33
43 96
41 197
25 100
79 164
89 194
41 94
43 21
94 63
77 16
58 147
95 18
38 79
89 197
50 139
12 101
3 114
79 24
87 48
71 199
1 71
85 141
50 43
24 157
36 163
25 86
14 51
26 170
39 52
42 133
99 16
28 100
69 60
65 169
78 31
41 18
39 191
18 16
95 29
11 73
3 107
49 86
52 112
55 106
52 133
50 132
12 75
5 143
37 144
84 139
35 52
35 188
3 113
14 97
62 46
94 142
16 58
43 140
61 90
74 53
57 120
45 180
87 18
8 172
87 92
66 144
33 167
38 47
27 197
14 156
20 78
66 75
23 148
31 15
43 15
15 63
70 39
4 104
58 25
92 179
18 198
68 109
30 187
30 20
2 121
33 32
53 82
35 189
50 113
55 78
98 111
37 156
29 129
99 45
6 162
61 163
74 182
28 113
75 35
4 25
76 61
69 112
19 88
92 157
81 152
65 179
15 172
40 168
64 81
16 115
41 127
18 90
36 61
56 132
44 181
46 111
61 189
93 91
14 104
6 123
5 35
60 189
20 35
71 158
7 74
86 102
4 19
68 168
95 103
94 148
58 159
21 189
1 131
85 130
73 135
90 51
94 197
35 177
25 75
51 144
85 94
82 95
31 109
7 172
86 118
5 136
30 23
18 83
62 176
55 109
62 21
87 106
52 126
79 144
36 117
1 22
52 114
30 10
36 93
65 32
17 120
40 41
94 75
3 194
63 159
5 114
18 139
26 44
82 68
67 161
63 98
87 138
9 77
87 21
66 29
40 53
48 142
29 13
63 101
26 10
40 95
81 179
74 16
96 185
38 38
17 63
89 93
54 146
50 162
25 101
72 187
81 99
64 81
54 53
67 117
49 87
58 198
62 115
36 105
1 78
91 35
40 116
40 188
96 39
10 100
91 78
38 91
61 136
4 35
44 112
17 55
12 167
34 177
44 113
44 134
21 79
75 52
42 102
12 94
4 38
36 100
74 136
45 108
6 109
84 94
53 176
60 195
28 183
33 12
57 106
81 32
54 39
53 149
36 138
2 137
50 179
53 63
38 116
88 131
6 42
72 52
52 42
51 152
23 79
60 14
76 93
73 120
78 159
59 115
92 94
98 81
52 86
61 35
69 22
16 39
85 45
57 101
19 24
16 144
86 38
25 64
66 179
29 52
80 89
64 165
4 189
67 89
78 171
18 75
89 98
40 114
56 152
70 108
32 22
34 41
85 89
15 54
27 44
76 66
6 191
13 69
1 178
6 91
24 141
68 40
81 192
59 192
32 77
8 68
61 97
14 130
79 135
27 73
63 40
42 50
83 101
91 84
58 92
91 141
36 89
42 117
81 32
52 93
20 137
97 93
69 163
87 40
99 114
9 82
58 192
18 143
65 24
55 125
63 155
84 145
2 41
7 124
83 125
87 130
75 172
64 44
3 48
84 143
29 194
73 95
75 61
75 100
44 88
100 167
88 143
50 184
93 164
93 136
11 133
98 33
36 27
50 45
3 193
50 171
55 165
7 40
57 142
71 13
83 144
