500
17419
16 39
10 111
7 115
2 80
29 177
79 118
19 116
63 166
29 90
22 130
51 25
93 12
63 162
51 163
86 124
52 73
20 129
25 15
84 191
74 109
93 149
41 45
29 38
88 132
88 117
87 41
4 178
78 72
67 77
54 48
91 171
87 18
26 43
5 65
7 123
70 144
21 183
52 149
87 137
20 11
50 157
51 88
20 66
35 69
74 192
52 121
42 122
14 115
84 20
23 199
19 189
30 25
20 48
34 68
2 51
65 169
93 33
65 165
70 116
70 75
14 17
49 27
87 117
44 92
2 169
26 56
34 105
52 106
12 185
8 176
33 44
39 60
45 49
88 139
50 91
80 152
94 147
67 170
49 80
62 56
22 148
43 20
63 83
21 101
10 157
59 11
66 44
14 16
72 138
47 136
68 65
2 110
9 37
38 117
83 78
80 102
79 192
48 115
9 132
44 65
39 79
21 27
11 111
22 134
75 200
77 81
13 75
81 90
38 149
54 192
85 54
60 106
100 127
50 99
83 179
17 133
55 161
41 84
87 124
73 141
48 18
11 86
71 73
13 168
54 157
4 32
7 163
74 182
87 99
36 89
85 158
7 96
15 177
68 109
31 120
17 172
51 158
49 88
35 71
12 14
12 181
80 140
29 87
51 166
37 65
38 89
98 144
56 37
46 99
24 168
92 47
32 50
42 162
74 151
57 14
33 52
61 179
72 16
33 111
53 155
49 38
57 47
59 81
1 27
62 88
96 35
52 172
57 41
17 25
55 21
86 45
37 197
29 82
23 55
35 26
36 74
63 54
5 157
38 133
32 128
78 125
10 83
29 137
39 123
17 90
90 98
62 109
5 92
31 181
80 21
19 177
40 94
97 125
13 159
93 42
40 24
76 133
28 150
5 200
36 150
45 43
35 139
86 140
91 168
52 159
3 135
31 149
72 93
4 103
47 29
37 72
19 106
69 133
23 97
45 164
30 57
39 146
81 149
49 163
33 193
57 101
70 86
71 164
11 156
26 109
99 52
73 198
64 83
12 127
83 64
32 113
99 13
65 28
9 130
40 28
93 173
65 132
40 77
48 123
2 108
86 107
82 182
51 116
6 193
12 193
92 139
96 172
90 33
65 107
93 132
5 191
59 78
59 138
9 182
30 22
84 96
57 39
93 122
85 165
53 136
91 129
31 85
61 167
64 113
17 188
89 99
99 40
79 200
61 25
32 200
65 108
100 14
75 63
94 30
96 22
69 25
45 72
67 24
79 22
32 21
62 117
66 20
69 128
56 148
35 49
31 118
86 122
37 156
35 20
56 30
17 28
51 22
46 84
60 31
95 58
68 174
30 90
23 78
46 40
67 193
62 166
65 120
90 191
56 154
28 139
9 165
16 91
57 77
55 148
53 103
86 124
9 83
44 156
47 131
69 167
54 101
42 24
3 51
13 42
45 92
54 25
72 107
92 75
19 72
74 88
84 193
35 153
35 163
20 143
59 159
4 70
36 129
64 77
41 154
58 59
69 91
83 26
84 69
76 61
15 73
100 78
78 45
86 123
42 160
37 111
6 41
5 184
89 80
4 86
25 104
36 81
40 167
96 126
6 141
18 183
21 24
28 134
63 47
22 106
75 189
18 84
33 100
72 94
46 138
98 91
32 95
55 55
78 89
62 60
37 67
73 143
23 127
54 185
71 163
34 109
79 90
68 108
100 31
41 172
73 149
37 100
42 22
18 141
5 79
6 18
89 113
69 24
19 91
26 88
52 79
8 185
96 73
27 179
88 121
82 158
63 101
31 147
68 140
73 186
14 173
7 94
88 87
82 11
63 17
89 29
82 100
2 157
80 56
81 106
43 90
26 144
96 10
9 30
90 24
72 189
85 48
88 116
24 28
87 80
12 161
88 101
80 18
48 173
59 104
91 187
13 33
89 39
28 55
78 170
35 138
80 125
72 180
38 146
33 185
19 123
11 33
64 83
17 58
35 112
21 132
74 126
15 124
45 89
44 105
17 55
65 181
97 191
28 34
24 22
24 183
10 34
83 194
99 111
43 185
22 26
41 133
4 81
6 136
77 79
38 81
44 103
12 42
24 32
16 60
36 132
39 160
34 46
54 154
59 20
98 153
32 177
29 61
67 144
82 11
89 160
55 89
96 148
16 19
45 99
45 154
21 99
66 133
28 71
83 95
92 156
38 12
76 18
31 42
34 58
69 56
95 161
61 42
97 194
22 17
58 84
2 20
51 28
68 179
26 60
32 44
