500
17988
32 99
48 103
77 95
4 27
75 44
88 84
54 143
28 134
94 46
74 176
50 25
43 57
38 108
36 59
77 103
67 17
26 159
97 137
86 127
97 17
24 152
61 109
35 42
28 111
73 180
74 69
33 79
81 107
38 121
70 62
37 75
57 156
76 95
84 161
89 10
83 111
91 196
65 42
10 193
56 55
46 77
68 174
92 198
47 89
40 94
6 90
6 107
38 161
64 185
48 31
72 178
8 107
46 36
45 130
91 107
47 108
8 55
14 106
40 129
65 115
3 81
47 82
74 164
41 110
32 165
78 187
52 175
57 155
33 123
15 17
50 134
23 55
63 67
50 169
54 10
76 14
76 61
49 58
54 114
67 17
88 30
60 29
95 111
40 122
2 22
30 22
38 83
61 104
32 35
47 128
72 156
8 34
18 58
19 132
46 71
84 102
75 27
89 66
36 39
12 32
72 68
75 13
40 81
71 187
40 192
43 87
90 135
25 176
59 14
71 88
73 164
50 198
53 132
4 117
34 194
6 141
71 144
41 180
58 134
36 169
59 186
31 140
50 109
90 182
77 61
85 129
51 13
30 110
47 42
81 146
37 115
1 179
97 49
31 166
41 13
60 95
22 95
37 25
32 140
15 56
18 166
16 42
47 99
46 72
7 193
54 198
78 159
2 141
64 48
42 97
27 136
87 10
92 22
33 36
27 28
22 97
19 169
15 109
70 176
11 46
38 41
98 106
81 175
55 47
67 154
82 165
38 99
17 20
15 64
53 31
27 182
86 127
85 148
6 53
40 146
7 80
36 37
28 24
99 192
77 104
30 159
67 194
94 121
96 101
5 198
47 74
84 148
1 136
69 44
60 112
93 77
40 84
97 114
73 155
57 173
19 37
80 117
40 57
74 126
12 151
33 167
25 133
96 82
16 129
99 169
29 148
72 15
37 84
34 133
57 150
39 68
38 156
94 45
82 73
92 22
50 187
42 35
48 70
55 84
95 51
10 28
88 117
47 77
32 88
63 105
56 196
66 71
14 54
79 84
44 150
29 113
64 196
60 184
10 29
22 162
60 60
32 126
28 110
22 154
78 55
100 67
70 54
28 45
67 198
23 64
63 63
71 18
6 135
47 59
61 159
72 175
42 110
71 177
52 26
68 79
55 39
27 117
63 164
3 89
23 195
76 99
8 193
10 22
65 162
38 174
24 161
57 26
22 77
51 104
33 157
51 178
13 55
64 116
17 132
28 92
76 139
8 17
4 145
50 175
78 57
16 11
57 82
42 198
82 152
52 116
72 75
82 177
94 128
16 104
59 44
63 51
2 161
96 10
89 136
72 91
34 26
86 125
100 165
60 73
44 53
99 146
11 136
58 24
3 57
26 11
3 117
99 121
74 194
80 122
48 61
6 136
56 111
77 147
76 44
42 31
16 36
62 76
54 152
28 22
51 131
100 83
60 122
68 116
19 48
58 189
80 176
64 63
90 36
40 37
75 42
58 180
27 148
96 87
40 101
52 199
45 25
35 28
63 14
90 66
76 74
45 144
44 50
79 186
45 147
88 101
80 99
43 192
79 135
92 82
23 110
87 142
63 178
27 18
64 135
22 31
10 41
72 14
32 76
99 187
60 98
16 54
97 39
30 164
72 79
74 187
8 180
56 164
56 23
80 36
45 145
54 24
15 133
49 89
29 106
1 83
24 175
70 93
15 144
61 112
53 155
3 135
89 137
54 68
51 26
85 126
99 197
92 144
72 154
64 20
95 76
48 164
3 166
2 67
65 196
18 91
45 166
31 103
43 99
32 14
78 195
14 119
28 82
96 51
1 87
60 187
34 42
62 30
42 109
59 78
18 165
25 103
91 108
51 62
34 16
21 128
89 113
79 91
7 43
10 180
69 18
26 91
90 115
59 48
61 112
73 135
82 133
66 62
77 129
13 190
61 103
33 106
14 19
2 93
68 121
34 200
89 66
85 156
18 178
83 173
30 138
79 95
34 139
80 114
76 184
25 178
24 166
95 50
100 169
50 42
47 44
2 160
73 59
90 180
100 74
6 57
38 19
31 183
47 29
74 55
72 36
20 183
38 195
76 155
88 98
89 34
57 119
93 34
81 187
8 45
21 165
31 143
39 185
52 84
64 179
6 69
99 99
18 88
50 44
33 92
76 171
98 51
20 176
46 36
21 42
29 128
94 50
55 39
100 147
73 135
58 122
90 181
60 149
38 31
18 190
50 109
22 175
100 87
20 108
21 100
47 179
