500
18284
82 135
75 121
86 94
89 22
68 149
75 186
28 55
5 180
2 71
17 124
57 114
98 116
26 103
84 65
65 34
74 152
45 23
56 27
69 94
87 14
43 38
30 82
22 63
28 88
97 118
100 159
50 96
28 27
63 104
95 23
98 195
99 81
58 30
40 176
80 72
92 47
17 17
54 44
9 100
93 55
33 194
86 15
27 63
63 76
19 57
45 169
56 168
100 176
39 191
60 198
88 196
10 118
83 13
22 87
39 28
82 180
40 118
8 77
45 141
19 10
24 98
42 51
87 168
79 11
81 106
6 137
65 37
1 16
86 74
3 147
3 190
18 50
88 83
80 170
23 158
98 165
22 126
20 176
45 80
23 184
48 174
62 108
7 83
81 31
6 200
31 176
99 10
57 101
99 126
49 11
45 88
94 86
56 113
50 108
12 190
37 142
72 162
39 154
74 77
93 101
1 105
20 172
81 20
20 40
83 13
65 118
6 21
94 46
24 20
27 169
35 46
33 155
75 163
45 18
4 175
5 186
49 160
85 52
39 159
8 106
26 50
21 186
48 162
32 198
71 159
93 174
14 124
37 98
98 30
56 71
47 83
75 31
40 162
27 35
61 158
57 147
98 28
10 11
52 162
40 120
46 14
32 56
5 107
48 81
51 59
20 56
62 58
52 155
70 39
8 107
34 18
74 30
28 38
45 176
17 199
45 23
94 193
6 196
74 152
22 177
68 140
59 124
46 66
41 133
91 110
96 184
25 97
15 138
90 184
3 134
90 57
72 52
26 158
58 16
67 97
2 98
90 158
18 78
29 62
93 198
58 33
6 117
91 132
45 151
54 73
35 57
88 137
88 98
8 37
57 88
30 153
70 63
45 21
93 146
85 129
73 137
32 166
99 26
81 174
38 20
49 63
92 83
68 97
48 14
35 127
16 40
48 86
58 87
65 154
19 144
25 24
48 177
82 96
85 81
60 73
59 177
98 187
14 88
95 175
94 127
27 93
41 152
26 84
69 82
88 107
34 174
96 117
53 116
40 152
82 42
31 101
88 114
61 70
50 93
48 148
45 70
8 51
62 95
99 117
55 94
11 108
97 93
64 197
73 54
58 80
82 160
73 143
24 17
41 151
31 57
31 21
41 200
1 13
94 25
79 20
19 19
16 149
94 134
10 69
8 146
17 137
67 116
77 16
30 20
11 87
69 115
21 65
85 180
13 72
78 143
27 177
63 26
53 124
88 111
99 105
59 42
39 106
35 85
7 72
62 10
1 166
22 198
21 103
33 159
37 91
46 151
74 58
60 78
99 156
61 153
69 154
81 14
49 162
77 24
46 71
36 123
1 101
75 97
50 62
82 61
34 136
79 15
52 30
79 161
61 76
96 22
95 124
69 59
40 35
65 142
76 51
81 67
25 74
87 61
31 148
11 145
48 27
82 61
86 72
24 181
73 47
58 155
64 69
16 114
88 25
88 154
40 50
24 87
98 104
65 113
33 183
16 48
84 19
46 97
91 44
38 186
24 143
8 143
32 46
88 162
76 129
95 107
41 96
70 194
94 147
91 97
94 105
95 57
31 26
40 134
26 95
11 70
82 120
23 77
93 30
82 104
56 57
100 178
15 197
10 70
5 44
79 160
2 193
35 98
43 168
81 158
63 163
56 176
54 56
43 95
23 189
3 95
31 40
81 134
51 32
20 108
58 200
95 51
67 162
41 196
65 46
33 156
6 170
92 35
40 33
25 130
47 71
14 89
75 43
44 61
79 166
96 74
58 16
90 198
35 93
74 174
20 110
91 135
23 74
91 112
17 114
28 139
66 53
12 16
57 145
82 169
6 100
71 46
93 97
10 72
7 37
28 56
35 37
87 34
38 58
34 160
25 131
97 159
21 175
79 138
26 100
1 162
21 136
77 116
49 122
17 42
96 114
10 105
38 150
90 191
22 177
34 195
82 143
90 80
14 96
52 129
84 56
41 164
45 81
82 93
91 103
75 150
81 52
69 20
83 45
15 172
54 147
58 185
93 140
94 193
52 58
71 39
27 72
58 51
59 46
74 55
67 177
67 67
8 180
27 72
51 63
36 74
83 126
25 68
99 32
83 126
73 109
53 182
70 44
5 164
63 186
24 138
63 147
60 181
89 137
50 54
81 167
9 180
50 105
7 193
15 21
77 82
76 148
29 49
41 123
79 39
22 43
92 42
79 49
4 50
41 184
27 176
75 129
87 39
16 95
91 192
6 129
32 78
31 127
20 144
