500
17143
61 173
34 40
88 18
53 73
18 131
46 144
11 142
84 175
56 140
25 99
4 161
68 123
97 72
2 160
17 187
51 13
27 85
12 74
6 94
63 196
87 93
53 85
66 98
53 161
97 151
65 92
67 78
7 155
97 75
66 92
7 99
62 30
18 191
57 193
46 159
81 14
15 74
17 133
100 58
50 162
41 173
56 52
66 105
81 98
86 157
77 161
10 24
81 131
1 71
43 44
50 178
69 75
89 200
98 127
67 188
58 143
75 171
20 10
24 97
35 79
64 135
20 54
73 62
73 92
45 98
11 156
31 97
51 81
53 25
82 156
49 117
73 34
58 88
9 146
91 19
42 62
35 166
32 39
47 44
54 115
72 28
96 158
20 60
86 95
83 118
34 121
61 39
54 187
28 75
29 54
82 150
34 124
67 13
37 195
21 114
80 128
78 19
6 156
48 158
9 187
83 88
60 86
61 133
17 21
88 129
21 57
74 106
18 170
87 154
91 98
74 53
93 182
55 172
82 10
26 181
95 152
51 26
16 180
15 106
97 90
38 30
65 93
25 24
49 139
83 40
19 11
10 123
75 112
84 17
1 49
65 54
94 137
74 98
25 148
68 116
55 37
87 32
46 85
59 178
85 42
56 104
73 59
28 82
67 104
32 146
65 67
88 94
81 199
98 121
40 162
68 96
66 174
99 119
32 171
72 75
4 103
64 164
62 133
66 85
82 155
19 172
34 142
87 26
87 12
14 157
9 145
96 69
33 88
34 28
20 125
97 198
3 160
20 43
19 73
80 153
92 51
84 168
46 121
69 119
39 171
26 129
99 162
52 25
94 105
18 124
93 172
97 165
48 122
86 13
39 16
96 189
12 145
24 142
74 154
50 131
82 27
40 80
13 77
48 12
55 169
2 173
44 28
19 103
21 71
23 29
42 55
3 79
49 170
38 140
81 94
35 171
13 161
24 18
64 104
48 178
13 47
55 121
13 107
67 175
14 82
26 128
19 72
14 166
51 195
35 99
100 135
45 146
89 61
97 31
53 35
23 68
2 197
50 104
91 192
44 53
9 69
21 176
100 24
67 77
27 189
49 132
21 119
38 166
56 58
86 177
90 137
56 162
34 143
76 169
32 66
10 188
19 117
56 22
100 23
1 27
62 189
23 191
2 93
67 98
50 177
13 62
30 148
50 198
66 185
47 186
40 109
7 158
9 66
38 155
95 106
62 99
97 41
98 154
79 97
32 94
15 197
53 120
47 129
99 103
49 46
39 43
60 25
4 143
77 169
72 83
70 176
88 82
19 130
63 54
10 58
84 67
94 58
10 81
22 193
53 194
17 85
18 28
39 12
9 63
18 36
51 83
100 20
33 159
4 144
21 165
15 68
2 142
41 145
82 103
74 162
48 179
54 27
3 164
100 82
96 110
43 175
39 104
99 68
58 48
69 169
16 81
47 185
37 53
4 200
30 55
1 22
37 86
91 61
14 105
84 84
1 104
88 121
8 123
8 129
60 137
87 13
63 133
58 54
25 94
27 15
38 112
63 116
72 194
1 30
58 93
96 176
40 40
75 97
68 146
46 18
82 122
6 93
51 79
5 145
62 61
22 100
88 81
79 28
3 28
3 40
5 180
31 100
84 34
60 31
56 126
5 62
45 14
27 168
49 137
42 142
56 123
66 110
11 45
64 74
14 163
77 106
88 129
1 35
64 134
34 14
12 107
1 64
73 185
88 19
79 57
52 92
36 67
65 121
61 109
76 142
85 49
86 80
6 67
32 73
37 86
15 10
11 90
72 57
34 151
12 76
94 142
73 43
39 97
39 43
62 135
14 191
90 169
3 138
49 90
76 129
65 121
92 62
92 117
42 85
71 16
60 171
22 127
55 151
51 198
78 159
83 104
12 200
13 28
55 22
19 56
87 181
74 171
55 131
36 93
10 58
59 92
38 151
22 197
18 35
37 85
23 195
84 83
95 48
15 89
61 182
82 47
11 191
18 101
80 44
45 198
27 162
45 118
21 140
98 51
36 138
11 24
7 73
83 61
27 185
3 114
96 140
7 56
37 166
20 88
7 31
61 82
86 198
12 88
25 180
26 110
23 39
99 137
30 165
2 147
16 142
57 122
44 94
43 160
71 78
24 109
55 39
98 180
3 42
30 115
98 96
41 189
48 103
52 183
94 166
35 69
23 116
64 35
79 125
84 112
66 128
16 152
52 16
11 90
13 188
34 181
61 76
38 130
49 90
39 125
65 137
