500
17992
89 133
97 192
14 121
80 23
86 99
49 133
48 31
53 28
13 63
80 41
29 29
68 149
95 196
71 60
13 59
92 40
16 34
95 172
91 41
8 96
10 118
5 151
78 98
62 79
61 92
36 53
52 70
59 124
70 122
37 179
96 124
93 123
20 17
80 45
85 170
24 26
48 162
33 166
89 82
23 156
31 154
26 110
39 28
40 17
14 30
43 92
75 134
38 16
26 85
2 108
30 116
39 86
85 126
69 12
54 58
99 69
44 96
61 163
1 196
47 106
27 127
65 179
53 99
4 134
50 10
81 60
8 98
65 153
4 154
54 28
54 91
72 87
10 78
30 79
19 74
24 16
79 89
88 91
36 11
36 59
5 79
79 12
26 27
24 96
15 198
86 79
22 36
78 104
87 121
64 13
18 150
99 108
35 151
29 146
8 100
45 25
91 128
30 134
52 94
52 177
34 77
89 197
11 183
24 104
71 80
2 194
32 61
80 57
52 67
24 171
64 81
85 82
29 192
87 149
74 65
50 33
57 136
71 42
49 173
94 75
34 133
80 64
17 107
24 77
96 46
12 100
42 140
67 128
73 198
35 127
24 73
29 162
94 101
1 167
15 83
23 72
72 184
27 83
54 100
23 109
42 143
70 107
15 153
49 116
65 139
15 180
24 128
5 74
85 64
63 200
7 178
81 118
25 157
84 199
91 38
65 120
89 90
51 15
83 76
71 154
69 47
15 119
96 163
84 96
80 60
41 166
27 156
4 55
100 154
27 38
85 23
12 83
54 66
76 162
27 83
58 35
53 62
77 112
85 138
98 33
12 41
81 60
57 107
47 199
58 174
20 157
82 95
49 122
84 192
24 189
64 169
72 178
41 122
62 153
61 101
32 144
15 157
74 73
57 20
85 24
10 74
57 41
87 73
58 141
51 196
79 59
53 66
32 88
16 117
35 158
30 127
2 120
46 116
19 35
49 47
28 140
78 53
54 30
83 81
56 185
62 99
73 143
16 156
84 146
5 55
18 15
12 200
20 186
55 173
22 81
31 71
91 193
67 28
15 185
37 118
61 107
50 113
86 94
5 22
34 144
94 116
45 66
43 177
17 18
55 49
52 141
63 41
74 66
94 116
53 28
54 125
20 147
79 32
45 44
79 94
37 197
36 142
94 23
40 70
52 162
33 70
47 91
92 184
98 54
31 200
86 184
18 57
69 60
38 134
77 198
34 176
46 128
97 168
27 27
84 28
68 120
73 26
76 67
56 60
54 138
13 22
85 116
78 60
52 110
40 35
61 80
39 105
14 71
80 193
95 145
70 67
48 90
15 69
45 94
13 189
2 146
51 79
4 73
27 86
68 33
15 19
37 192
28 159
68 127
95 36
61 99
79 68
15 133
21 93
68 71
53 20
89 148
11 187
50 67
24 188
87 66
8 130
10 70
92 165
18 97
6 153
84 112
11 108
22 127
88 196
73 34
43 199
14 40
100 182
45 11
7 53
87 130
65 12
13 93
37 65
49 162
23 60
15 66
39 85
100 22
56 13
78 193
46 37
11 106
20 194
29 143
50 181
58 130
32 148
67 78
32 140
54 128
74 193
66 165
33 72
86 106
71 74
99 103
77 32
81 13
23 12
43 118
12 196
36 122
41 21
95 85
27 26
35 189
15 39
84 105
97 157
12 51
44 135
35 95
32 168
43 123
40 115
66 107
27 136
94 71
3 168
38 121
64 51
52 51
30 89
95 119
75 45
78 73
55 98
75 120
51 19
31 86
12 77
28 184
89 28
67 51
90 185
21 148
52 31
45 163
61 61
63 162
77 71
78 103
62 200
89 92
64 180
10 140
84 165
70 188
79 144
42 31
33 61
24 117
42 200
96 153
30 176
9 196
70 51
19 116
57 167
38 116
59 137
41 66
13 127
91 172
86 122
62 109
94 144
6 131
56 169
72 137
93 48
48 147
85 125
83 197
18 110
70 131
38 150
66 94
37 17
38 180
64 99
17 139
64 28
21 63
30 12
97 196
82 52
90 196
98 14
92 40
14 200
35 190
98 148
36 27
50 125
77 25
90 136
38 187
34 91
2 51
98 159
14 35
88 113
54 171
23 65
8 94
4 172
79 156
96 147
59 132
48 79
14 130
63 131
75 186
92 44
33 82
93 161
74 74
20 15
48 38
71 154
43 50
90 103
71 41
39 170
4 60
77 109
98 74
88 123
88 46
88 133
78 63
1 77
17 39
10 198
62 65
33 173
100 105
