500
18615
14 157
60 158
41 100
98 185
81 100
93 148
78 174
40 182
49 105
64 125
43 17
79 60
59 47
63 121
40 11
97 77
31 182
32 113
64 34
48 94
80 29
36 27
14 195
51 101
64 119
58 32
41 133
90 52
30 60
51 168
24 196
64 158
26 82
31 85
25 105
74 189
72 85
99 144
2 59
16 149
91 52
21 37
36 169
24 64
74 168
85 174
3 154
35 87
75 183
78 195
93 165
32 62
82 25
71 168
63 55
4 62
84 69
67 163
97 192
64 63
17 151
98 24
73 83
73 142
19 67
13 110
96 52
68 28
67 163
15 44
16 160
28 129
77 15
21 127
57 83
75 62
17 141
49 63
82 175
96 106
31 119
93 29
7 90
54 75
39 111
100 123
86 47
86 91
4 23
67 51
31 174
77 117
18 110
41 41
28 150
95 20
48 159
44 101
42 84
72 78
14 82
62 17
74 184
26 166
4 159
77 45
49 45
3 117
57 47
89 119
59 127
1 86
12 38
39 97
97 136
93 34
40 68
52 132
30 104
67 123
70 177
96 83
56 152
71 198
68 170
6 170
87 47
26 181
90 189
44 182
76 148
18 29
47 46
10 20
85 67
31 124
85 33
6 81
41 82
39 196
50 105
30 176
3 52
46 32
90 132
72 36
79 192
98 42
81 175
15 166
98 71
39 171
98 124
44 80
30 22
72 110
24 11
63 79
8 178
73 165
58 175
19 27
66 144
22 51
56 96
76 30
51 164
15 179
89 184
9 51
6 188
95 161
48 109
68 147
46 45
58 70
76 121
5 160
87 178
90 165
94 141
89 90
61 12
53 180
75 10
5 200
87 35
61 162
38 38
61 38
50 160
80 190
33 16
88 121
90 140
42 108
85 117
40 140
41 147
99 12
4 183
87 125
46 10
1 188
29 70
70 84
87 159
78 184
10 14
99 158
88 178
84 59
19 184
73 65
84 184
84 97
89 23
43 181
78 30
87 182
51 41
91 141
31 189
64 47
24 178
37 191
14 44
63 84
60 81
95 118
85 49
82 160
32 142
70 189
7 118
78 95
50 140
100 84
16 181
72 188
89 156
85 133
24 48
41 163
82 56
66 39
90 99
19 200
85 114
94 148
49 61
89 105
10 189
75 147
25 168
95 153
48 144
97 175
97 102
13 141
39 150
9 167
92 28
96 161
2 177
80 12
8 75
28 45
33 195
67 61
65 18
61 132
8 179
98 162
79 31
38 82
13 32
6 52
39 125
76 126
34 154
87 139
34 111
61 38
13 166
80 128
68 23
87 161
47 159
50 94
23 94
96 174
84 60
24 16
99 165
78 186
8 108
14 33
6 177
51 161
68 47
3 134
86 137
81 182
34 97
46 94
73 75
70 72
81 26
19 22
35 70
38 49
46 136
90 58
85 49
22 175
74 70
52 22
3 71
20 107
14 150
55 159
51 120
53 83
61 80
73 155
38 130
75 51
78 165
55 100
83 199
91 181
44 79
61 109
51 141
68 159
3 115
2 157
77 156
72 85
59 102
7 137
62 112
22 191
90 44
86 59
14 11
30 10
21 26
84 196
39 100
84 71
56 39
2 163
98 84
50 80
69 111
26 61
31 40
70 178
62 16
9 158
53 79
100 118
7 23
44 150
80 67
62 91
41 105
20 94
54 86
71 16
5 72
50 164
38 53
67 186
51 148
66 18
71 70
6 63
11 34
99 129
42 14
55 80
80 102
92 66
41 186
91 100
82 169
59 105
14 20
35 127
51 143
60 40
97 97
32 15
37 76
52 174
89 200
44 40
9 82
73 51
26 113
54 182
81 98
41 135
99 151
46 21
7 17
55 17
38 144
92 41
76 62
69 29
49 162
84 61
97 32
40 58
48 128
50 19
33 153
47 66
75 16
8 34
10 15
59 63
29 132
61 128
57 151
58 41
70 181
92 177
79 155
24 192
71 62
73 133
87 197
42 126
6 95
11 72
31 54
56 102
53 140
29 89
89 176
46 187
6 168
22 25
60 162
2 92
31 80
35 113
4 38
82 179
31 22
93 197
51 125
31 145
77 119
25 199
65 136
13 184
88 58
68 129
26 143
13 156
31 34
67 184
23 174
65 84
77 115
53 34
21 29
27 92
62 147
68 190
60 159
32 11
30 114
66 118
23 52
33 41
27 169
77 32
60 123
22 123
18 178
90 129
20 73
12 118
95 172
91 120
86 194
65 186
13 62
20 103
50 10
76 100
63 21
8 129
