500
17333
88 104
42 157
25 161
3 25
70 12
4 25
52 48
88 146
59 73
76 184
20 42
66 70
92 34
45 67
5 174
59 46
87 32
82 57
71 88
68 178
61 116
39 79
90 148
30 111
82 119
33 186
16 161
70 33
71 61
32 10
63 195
50 100
76 161
37 97
2 34
60 85
13 81
1 188
49 161
92 85
3 91
54 143
49 142
23 42
37 69
22 119
23 64
51 73
73 110
24 77
21 149
52 26
74 38
28 162
8 182
50 18
74 83
61 155
36 158
100 189
83 35
85 10
46 60
81 158
58 20
7 189
30 69
71 184
59 143
41 35
56 118
88 121
77 109
30 15
55 97
3 121
38 118
97 100
83 170
64 88
98 138
32 136
79 147
5 81
68 146
24 54
11 144
20 58
1 103
93 185
20 198
24 126
37 44
19 79
95 111
44 33
42 37
55 171
30 73
83 77
73 44
63 27
16 15
57 136
33 182
51 154
5 66
100 120
70 184
54 24
91 148
54 109
70 26
3 146
99 138
77 89
91 187
88 46
71 176
52 12
19 86
60 11
58 12
28 109
55 40
41 80
19 140
9 115
26 87
43 93
10 78
80 175
18 163
69 195
49 200
86 169
30 15
29 159
66 192
70 81
91 146
18 124
67 152
47 189
84 55
79 149
29 175
8 60
64 14
23 92
45 167
39 136
2 85
91 38
11 164
8 28
33 30
27 76
20 57
88 162
15 180
51 106
6 134
73 151
35 37
67 102
4 136
99 56
83 17
87 154
72 68
6 177
51 174
89 16
30 133
56 14
90 76
71 27
5 22
83 144
25 49
88 83
91 75
53 149
48 134
18 60
31 109
6 189
12 31
14 180
37 75
5 180
62 154
59 101
37 135
15 83
52 103
54 187
34 176
19 71
31 104
19 16
12 157
39 103
35 40
95 191
5 148
18 89
6 94
9 35
77 61
11 163
99 90
41 159
8 101
62 191
14 129
98 137
24 113
71 56
81 78
20 75
13 184
2 187
29 194
61 169
93 95
47 106
11 39
11 100
98 140
48 87
39 81
87 169
50 20
60 28
17 197
78 130
55 143
60 91
39 135
8 31
53 153
30 157
88 61
95 125
97 152
81 103
75 131
74 175
24 175
50 87
2 85
86 105
96 51
64 34
83 52
96 142
46 70
63 121
29 29
31 141
87 38
79 127
12 74
34 146
66 24
72 77
56 45
99 87
39 163
90 157
41 165
72 106
78 70
40 16
90 60
10 51
53 105
37 94
6 159
48 131
99 130
92 194
55 136
50 127
52 115
72 39
5 40
13 150
85 142
7 119
75 154
71 75
77 81
25 191
50 46
24 57
24 41
58 49
1 57
69 55
95 35
7 93
87 49
13 97
24 161
55 119
46 61
7 160
75 134
70 116
97 17
90 74
81 196
91 147
19 63
35 123
15 55
80 132
36 155
49 65
76 60
84 174
76 29
23 90
3 160
81 138
12 137
10 196
62 111
85 134
32 139
4 124
44 65
45 183
76 140
99 124
23 167
86 105
4 55
1 193
8 114
51 58
78 132
60 100
18 28
44 32
66 21
73 103
56 170
19 11
42 22
46 155
49 79
10 104
50 18
19 92
59 144
5 180
19 88
26 120
10 189
27 156
23 139
14 114
30 45
36 116
58 191
27 199
8 172
44 177
17 40
71 150
6 42
26 167
88 143
68 110
58 120
38 188
91 164
49 49
77 137
18 106
98 23
78 49
9 128
74 124
61 194
53 187
30 33
26 100
71 49
1 75
33 139
14 196
25 13
100 27
68 47
98 74
91 31
17 92
86 88
69 169
55 63
41 137
20 112
93 192
51 21
48 10
49 194
63 35
57 167
67 103
30 102
63 110
12 192
20 61
70 169
33 33
2 123
34 69
36 152
82 30
94 108
2 169
95 155
2 120
82 55
92 155
36 101
52 147
15 107
41 186
44 126
89 178
56 119
98 57
10 80
91 96
90 98
65 157
69 122
44 15
72 145
47 37
67 107
71 39
58 102
25 60
15 35
30 158
95 25
62 170
15 66
71 143
16 44
97 175
52 78
79 106
67 200
6 105
74 128
61 171
58 155
63 95
60 185
99 102
89 97
27 122
88 15
25 51
59 176
40 129
83 132
10 139
91 80
45 106
3 133
90 193
47 145
38 121
85 73
37 58
29 76
24 189
18 21
39 197
57 95
51 134
72 109
83 77
45 155
22 148
23 96
93 195
60 25
17 194
63 42
63 184
