500
17584
76 86
31 97
67 82
53 200
13 95
8 38
52 94
54 56
31 129
17 65
95 173
5 135
90 151
33 81
59 97
67 199
67 147
73 65
67 105
38 154
22 25
29 15
11 46
65 112
71 117
70 179
19 186
15 25
84 105
68 17
82 111
32 133
91 113
72 126
65 148
47 112
80 133
47 153
35 173
33 175
14 164
94 187
35 195
38 110
70 75
16 52
28 123
29 106
53 176
81 115
13 124
9 49
52 37
42 107
1 156
36 148
86 48
9 29
76 34
12 181
34 37
51 115
46 126
6 134
45 145
22 93
22 105
74 43
32 151
24 109
88 129
22 131
39 77
11 15
69 200
31 80
64 192
47 133
17 138
46 13
68 64
28 23
18 103
52 116
29 106
20 181
58 197
69 35
49 43
90 84
42 105
54 62
96 179
88 32
60 47
30 82
71 133
96 58
46 164
56 95
36 10
53 84
50 165
19 99
52 19
87 118
88 124
37 84
72 33
71 155
75 124
87 82
53 187
8 47
75 87
83 162
31 73
46 130
33 182
8 106
79 185
47 73
63 68
37 24
35 118
72 87
65 187
83 11
80 191
76 37
38 30
100 95
44 17
100 55
60 79
71 93
19 195
8 31
44 116
37 152
42 130
10 189
93 192
93 26
69 119
46 174
81 159
82 146
55 92
17 84
91 181
48 136
78 63
90 65
15 87
56 60
10 143
71 14
21 46
14 51
81 67
26 85
42 45
40 33
79 154
87 63
13 55
59 94
77 15
21 20
19 17
66 131
85 141
40 194
86 89
57 154
85 139
80 132
42 164
7 158
58 165
15 19
28 75
87 161
41 142
60 69
36 38
99 127
47 68
78 63
55 32
80 57
29 191
35 50
6 77
15 157
51 97
26 126
43 151
18 32
20 161
58 33
26 29
68 131
21 88
15 90
13 90
11 174
84 103
65 28
97 62
28 68
34 96
96 183
18 128
4 16
5 130
17 55
95 103
65 133
48 16
89 49
41 188
98 68
94 104
81 133
77 182
66 168
91 63
73 28
30 35
73 15
90 115
84 34
31 96
80 61
44 114
97 81
14 28
53 151
98 95
100 70
79 132
86 174
17 67
14 42
81 77
61 57
6 58
48 31
67 86
1 173
24 98
98 177
100 97
31 41
61 173
22 158
15 159
58 178
14 169
14 98
33 106
2 29
15 123
68 200
1 102
31 175
18 88
23 63
72 89
91 165
70 155
82 152
88 77
86 176
1 126
61 135
80 175
28 23
74 86
4 161
52 103
79 40
46 146
32 185
24 186
99 14
49 109
15 44
40 120
35 188
7 33
69 130
47 175
31 62
56 166
81 198
76 105
79 126
93 36
91 37
2 131
13 26
33 72
87 57
3 90
2 115
92 88
43 161
38 188
37 56
47 144
56 168
8 182
81 126
32 64
90 70
31 13
7 127
59 20
53 124
93 142
88 189
40 138
24 71
89 106
43 97
89 103
18 52
71 59
62 183
54 33
75 187
68 187
82 177
22 167
70 93
2 59
17 16
84 71
65 167
88 156
59 34
11 28
85 125
10 97
19 76
47 38
29 92
39 39
9 125
45 172
36 181
32 165
57 118
4 190
87 185
98 124
21 140
2 75
45 93
94 150
78 190
81 151
62 51
16 77
61 167
10 26
95 52
26 152
83 157
56 120
59 63
38 53
6 112
67 92
87 143
39 13
81 166
39 26
56 65
66 19
85 39
10 29
57 56
46 122
52 50
74 200
71 113
75 24
13 114
29 175
74 196
99 30
93 111
51 71
13 32
44 197
53 30
61 151
89 133
50 113
9 44
100 65
22 145
70 71
56 155
18 98
11 113
87 39
92 53
90 62
59 36
60 104
55 169
28 23
21 117
1 123
8 63
93 83
1 90
37 142
17 176
98 173
55 20
55 18
68 45
51 79
55 96
88 73
77 189
20 22
21 189
93 142
70 111
64 197
89 137
56 185
8 182
88 12
18 60
1 12
13 53
2 37
57 49
48 88
10 143
93 121
86 53
2 113
50 143
88 69
46 99
98 93
1 136
14 60
6 61
48 49
17 98
22 198
90 34
33 18
59 72
22 31
4 171
46 92
44 30
37 81
26 184
6 154
58 85
61 85
64 173
36 98
56 185
100 93
71 154
10 34
70 140
86 156
30 198
87 143
1 142
5 12
72 40
82 28
38 55
56 49
52 76
99 12
85 111
30 137
36 167
58 160
58 14
20 26
27 43
26 57
78 120
