500
18512
42 49
89 126
65 60
83 95
13 98
54 45
48 162
2 86
60 36
36 26
96 42
19 86
6 100
18 30
64 182
81 69
46 184
61 69
13 42
71 124
32 68
15 92
67 192
3 50
19 198
90 79
44 115
81 10
97 199
65 68
26 23
68 34
55 158
46 141
98 57
97 138
83 197
36 74
78 46
33 161
32 167
45 44
94 24
97 125
45 111
16 81
12 36
17 97
21 52
91 179
77 74
60 132
27 44
90 127
38 58
12 13
87 68
55 90
50 131
93 194
37 182
93 162
70 22
6 162
23 137
87 145
41 156
10 190
45 139
14 118
72 109
46 60
39 22
8 122
95 13
23 83
96 118
99 82
35 143
2 72
57 161
75 81
39 71
83 86
61 132
77 103
92 24
84 48
100 98
20 107
76 198
89 103
68 44
97 178
84 153
47 175
75 88
97 162
91 17
56 107
66 33
54 53
43 49
78 121
82 29
99 177
92 85
1 134
42 126
40 39
42 101
45 31
5 60
29 193
9 68
85 126
84 40
54 99
37 176
68 103
62 128
22 13
22 185
42 109
42 160
58 37
2 113
15 117
21 92
70 163
95 165
54 86
56 19
49 35
19 126
61 123
12 59
88 114
46 175
77 36
46 196
96 80
99 125
50 143
93 137
18 42
58 170
10 68
65 52
66 107
14 91
41 178
41 140
78 59
25 111
68 54
87 192
20 65
95 34
45 185
84 74
82 69
99 78
13 58
64 72
76 108
9 37
69 88
98 120
94 171
59 143
28 16
74 114
54 30
22 177
32 143
26 72
99 97
25 101
65 59
57 178
48 135
20 138
18 105
96 112
3 186
4 135
83 65
94 27
3 104
32 127
76 98
50 103
84 180
22 148
62 89
88 39
92 41
89 154
91 190
100 140
64 167
80 75
73 174
45 66
99 159
4 112
81 154
92 26
77 34
57 134
16 146
71 127
77 162
64 144
84 145
22 120
53 153
23 18
67 84
32 189
32 200
62 176
62 29
47 163
30 126
51 61
7 59
29 118
39 168
17 112
23 126
89 182
77 135
37 52
8 135
7 22
8 87
52 54
27 32
9 146
90 96
66 168
4 71
86 89
48 146
39 29
52 102
21 89
87 104
86 169
73 200
78 193
92 189
22 34
16 76
50 166
21 157
70 88
10 157
53 28
87 183
73 139
91 75
73 134
73 51
89 172
69 75
38 127
71 18
63 56
53 85
89 121
19 16
17 178
87 78
77 33
72 83
27 99
47 14
97 184
63 29
51 57
42 85
87 12
11 103
65 171
68 145
3 10
76 190
3 132
95 81
84 160
95 73
22 130
96 166
60 16
5 179
4 37
18 82
65 175
32 113
17 196
15 136
24 133
25 96
38 150
11 43
74 15
4 104
23 49
14 126
83 86
51 41
75 109
57 191
75 52
69 40
26 163
63 81
78 67
36 48
90 159
74 17
25 84
1 151
2 110
85 192
41 151
19 129
68 197
52 136
21 96
63 104
94 141
95 148
9 118
4 37
53 58
98 186
41 143
90 56
86 121
52 147
81 47
73 122
78 36
18 127
33 43
27 92
96 101
67 39
49 196
77 127
82 110
10 120
4 167
31 180
37 169
49 132
100 39
58 66
10 18
45 136
14 106
53 101
23 101
80 140
74 46
78 110
48 81
67 105
82 28
48 77
16 10
72 88
39 74
73 118
37 58
37 149
62 65
84 124
33 133
13 133
97 130
66 18
68 41
90 61
35 181
42 69
79 65
38 150
46 146
89 50
59 180
5 166
29 134
31 107
53 104
65 149
57 51
99 83
52 105
77 154
73 176
63 84
56 120
78 181
45 122
5 155
2 86
61 12
39 103
59 171
98 50
63 135
38 113
28 30
22 126
34 135
18 63
80 54
68 24
14 66
75 117
57 197
20 63
59 48
53 71
9 161
42 96
76 50
88 36
90 103
50 35
90 191
17 10
16 63
18 183
79 98
46 139
52 148
37 97
29 171
98 27
98 128
5 78
96 180
71 50
44 94
73 139
23 133
55 145
74 146
24 49
17 26
51 85
65 114
85 150
71 85
26 61
51 137
84 71
25 185
8 90
97 102
18 156
71 100
24 127
33 26
32 30
22 110
1 162
61 131
90 166
37 161
50 194
8 52
11 176
27 176
63 42
76 55
7 120
57 171
92 98
41 27
60 54
62 65
18 123
76 111
54 85
71 130
11 74
68 173
49 77
87 133
10 188
84 14
82 14
99 159
