500
17099
3 10
9 105
72 13
99 87
4 68
23 173
69 90
13 198
35 145
4 40
31 18
32 135
65 156
82 24
74 176
33 153
53 76
51 56
65 104
99 48
36 12
57 186
39 129
33 129
61 131
3 56
8 69
2 131
55 196
37 158
20 134
85 60
72 83
48 11
38 155
12 93
7 54
74 67
27 42
41 14
21 126
50 121
70 14
47 114
35 68
78 144
96 49
20 47
2 126
42 199
62 29
70 57
28 11
75 40
26 131
71 40
11 184
44 151
33 51
37 200
21 64
83 15
63 107
22 178
6 65
13 71
26 27
19 49
85 96
73 107
10 162
82 71
87 32
57 39
83 193
71 56
78 139
2 192
3 167
50 131
80 174
69 112
98 31
15 31
89 35
39 13
80 20
55 62
73 106
57 132
79 71
78 120
1 52
24 56
34 188
21 77
23 20
80 139
27 99
86 136
47 152
39 186
18 20
31 177
56 116
13 130
17 48
10 172
45 189
62 44
59 156
53 154
15 60
3 74
36 105
19 83
18 146
41 139
90 199
24 128
20 167
98 140
15 85
81 104
57 122
23 93
96 195
24 180
64 136
40 60
60 65
18 95
76 29
4 130
60 21
77 139
55 180
71 158
66 113
5 148
51 144
97 68
30 184
75 72
59 112
91 193
75 85
77 162
63 89
32 94
55 126
91 175
22 153
62 175
4 64
73 55
84 157
32 169
58 122
37 110
82 85
48 163
68 38
32 33
57 159
29 123
41 96
94 29
81 48
32 49
47 68
33 18
85 11
26 81
50 195
2 193
41 61
68 53
6 198
28 35
14 190
99 115
41 176
92 158
77 150
35 191
46 126
14 176
77 59
6 200
4 63
11 92
53 160
3 77
40 77
56 144
38 139
54 30
76 161
51 127
97 87
56 107
8 133
40 130
49 103
25 72
18 140
99 21
45 100
100 140
4 130
18 73
19 11
73 65
47 128
65 101
71 43
60 48
39 143
97 104
33 89
42 57
52 184
46 114
19 160
55 75
59 134
53 89
3 175
61 108
28 58
54 132
57 63
97 131
49 32
91 15
18 152
26 16
15 70
87 24
14 85
48 58
29 55
87 182
27 109
62 68
13 165
49 12
61 17
37 86
76 162
57 187
76 106
37 71
32 168
29 96
51 46
25 186
76 63
63 146
83 98
70 45
70 104
7 161
47 141
57 106
83 107
54 168
25 11
38 117
48 81
32 194
71 114
59 45
69 183
75 116
57 23
1 52
44 31
11 36
80 143
46 26
60 105
17 141
3 189
78 59
98 45
89 93
42 69
63 106
2 42
85 111
85 144
55 145
75 171
4 55
58 21
77 179
10 180
99 58
75 15
4 145
23 119
70 192
77 14
81 57
93 162
60 26
90 127
40 100
58 130
100 80
76 23
89 16
41 91
55 36
59 169
53 116
54 118
77 178
14 182
26 116
36 103
70 162
42 60
91 80
25 148
40 85
82 34
40 108
25 190
33 191
80 49
68 161
34 22
48 104
4 18
3 37
41 61
21 106
87 96
45 83
63 198
19 58
65 196
65 14
86 49
95 10
39 154
91 124
16 167
78 176
65 78
77 142
12 81
44 52
3 173
19 178
54 62
52 171
32 191
9 100
42 108
51 32
20 14
81 134
88 187
94 103
42 156
22 50
31 55
20 96
31 88
33 110
58 121
27 189
19 151
65 171
71 129
23 12
6 150
19 60
89 42
40 13
31 32
17 193
67 192
59 61
28 19
43 71
8 66
81 106
89 29
84 162
48 96
17 158
31 134
22 192
43 173
18 163
18 73
30 77
95 172
14 162
94 72
23 67
57 40
70 196
69 24
95 108
93 28
31 180
45 117
53 178
79 112
36 124
74 74
36 87
42 121
61 95
25 81
45 80
33 85
62 17
71 48
89 78
87 135
67 84
15 176
46 144
82 40
23 195
59 40
33 49
39 69
93 117
33 153
20 159
42 113
24 70
45 46
21 160
13 76
82 112
35 67
11 73
20 41
40 183
97 170
90 179
4 81
95 166
1 130
31 156
88 87
35 111
29 130
75 200
57 88
39 135
77 49
66 17
5 197
57 44
57 107
90 127
27 21
35 16
2 178
23 163
35 148
81 133
26 37
42 184
25 77
2 101
47 15
48 105
32 98
39 172
88 62
6 34
91 185
24 153
46 101
97 15
85 15
89 89
70 112
63 176
41 190
27 126
87 71
45 53
49 156
82 109
81 64
77 60
90 31
98 42
