500
17556
81 197
31 116
13 103
94 176
47 139
63 197
55 169
58 17
91 41
89 151
11 140
81 48
56 165
4 18
33 76
95 83
29 124
42 27
79 179
63 53
6 100
10 111
24 36
93 25
67 61
100 19
1 32
45 133
7 165
67 96
72 113
23 167
94 182
93 183
12 58
20 139
3 189
39 117
23 183
96 158
42 48
55 187
38 82
73 65
54 54
25 193
45 73
68 60
20 81
15 105
12 174
2 105
82 37
61 46
10 76
50 82
39 38
100 130
16 95
51 134
45 51
31 133
23 142
65 16
72 117
82 25
86 63
55 191
16 78
89 89
30 103
25 74
88 65
20 184
75 126
52 152
90 139
96 146
42 75
34 93
46 70
86 67
87 111
6 57
67 66
28 131
49 71
28 45
45 39
65 167
95 45
35 160
55 18
9 177
22 155
19 45
62 197
79 140
26 17
51 135
97 191
79 118
18 72
100 44
25 67
69 95
78 75
62 61
41 170
97 96
37 177
17 162
2 33
32 78
89 174
72 35
69 120
31 19
10 190
34 29
2 140
10 56
78 86
92 168
83 136
2 108
90 190
35 100
28 48
59 121
33 158
56 25
5 61
73 61
99 96
39 160
12 62
58 74
16 57
87 102
26 194
98 154
46 24
31 179
36 155
44 99
96 123
65 134
40 129
84 167
11 165
21 171
18 91
58 81
48 60
97 135
17 65
16 102
70 194
94 102
2 119
54 116
70 77
90 40
24 24
56 59
3 180
17 34
98 99
11 81
11 71
62 119
81 63
19 52
13 62
100 140
57 71
42 124
99 148
62 24
26 66
83 92
33 130
43 75
75 19
87 32
27 69
80 100
14 27
80 105
18 51
5 124
54 49
36 36
38 68
51 23
81 52
86 69
45 134
89 89
76 141
31 113
92 153
7 38
49 143
8 63
61 160
18 134
68 32
25 81
37 40
16 139
42 51
14 130
48 155
39 24
45 31
8 132
2 185
17 74
55 104
85 106
15 46
12 141
85 147
25 153
82 41
45 15
79 162
67 199
17 187
33 24
61 161
40 91
86 20
90 88
96 166
46 70
63 189
16 15
25 24
43 173
67 140
49 39
72 113
98 164
76 32
43 145
33 57
75 82
66 27
64 188
27 161
62 86
8 33
36 10
52 55
24 23
20 13
41 84
60 110
47 143
12 125
17 194
88 113
50 184
24 98
12 110
55 25
81 199
50 77
69 84
20 73
94 105
56 39
71 74
88 195
45 142
68 51
12 187
37 122
1 85
96 95
94 119
27 192
65 12
65 182
39 80
9 129
80 136
95 75
48 191
93 88
48 190
65 192
2 177
42 128
47 34
77 116
17 60
95 60
82 172
32 103
24 88
91 28
42 93
94 187
17 38
4 17
48 51
9 120
85 118
43 96
24 185
48 103
79 97
95 150
98 68
73 59
11 122
84 195
64 168
53 18
20 114
79 130
10 176
22 127
53 60
8 190
7 124
15 33
26 179
13 43
21 38
47 92
43 187
50 158
68 191
36 115
18 159
48 125
90 139
56 63
67 189
32 57
72 37
78 25
83 47
64 198
52 171
44 36
86 33
67 75
83 158
52 164
89 175
96 140
70 19
36 168
91 49
52 53
42 146
95 68
3 65
50 125
78 188
41 184
89 58
47 73
38 52
69 148
92 45
60 135
83 40
88 169
36 96
26 138
78 70
93 55
87 116
44 56
78 109
56 84
76 197
37 153
13 186
82 132
13 109
55 160
57 101
87 181
58 137
19 153
59 85
66 197
33 83
37 114
71 91
64 129
19 136
53 182
4 75
3 100
61 148
18 67
34 41
94 62
73 102
51 35
98 13
19 29
37 106
25 119
77 105
13 136
44 189
7 88
59 122
25 142
62 83
87 108
23 179
22 185
17 190
61 96
52 15
6 82
39 149
57 134
16 116
99 148
18 59
64 135
20 115
88 124
92 40
85 20
26 110
75 104
26 97
25 89
68 152
4 50
17 94
11 130
22 97
40 121
81 183
91 54
37 164
33 77
16 38
55 143
88 59
28 154
67 94
91 50
20 136
86 196
17 96
44 188
2 172
11 132
44 192
38 183
93 151
52 81
63 169
85 77
32 117
77 178
83 53
74 128
83 143
34 12
47 146
69 15
99 16
85 37
31 133
5 112
88 104
28 106
1 41
92 121
14 123
26 58
90 126
58 83
4 92
46 127
92 73
99 148
3 104
22 29
5 163
50 103
52 42
70 101
59 36
