500
17327
57 113
38 168
83 51
21 136
67 81
87 111
75 176
14 55
73 76
34 163
52 77
41 107
23 174
8 19
50 183
40 171
75 10
17 77
80 46
39 161
64 41
18 99
73 134
39 12
29 103
13 73
37 12
76 83
94 146
2 91
43 127
83 65
82 10
49 171
34 93
20 175
58 158
78 85
18 125
97 14
21 107
65 179
81 48
82 71
15 100
1 94
96 175
21 185
94 55
87 190
69 111
71 108
40 157
36 143
57 47
78 122
62 64
89 174
81 38
11 76
26 29
14 126
8 132
77 85
44 161
91 161
27 33
23 112
73 153
85 77
23 134
75 58
88 75
100 50
46 26
82 157
89 56
9 183
50 158
12 75
60 110
79 21
40 109
92 192
41 79
67 146
39 63
92 153
46 169
88 132
22 30
35 48
24 116
73 192
16 66
50 127
10 68
58 173
90 88
95 136
40 149
27 152
87 86
57 50
53 124
71 163
59 73
61 96
6 167
29 185
69 134
38 21
55 98
64 183
24 32
59 43
36 145
53 37
77 116
99 25
8 138
87 23
28 180
61 165
55 27
52 110
3 100
2 56
69 14
70 110
54 191
85 17
54 133
35 189
79 87
32 72
87 175
86 78
75 66
72 42
83 110
45 162
2 54
31 145
79 58
17 182
16 41
5 70
45 185
19 194
65 163
7 71
79 169
55 103
35 117
18 103
41 81
20 193
26 87
47 40
61 179
2 46
8 194
90 140
75 194
73 163
3 128
69 10
16 48
42 126
74 154
41 45
20 128
29 200
82 113
18 50
53 148
1 174
92 30
61 137
1 35
52 126
68 156
79 159
29 41
24 44
98 63
48 165
52 144
7 87
28 170
53 19
38 186
37 188
76 122
39 100
57 196
78 90
100 178
44 133
13 34
59 194
79 116
38 137
62 196
64 128
59 135
29 133
33 120
88 90
52 184
5 185
37 88
9 72
80 66
16 17
15 177
90 130
62 111
46 145
25 51
87 131
27 98
17 184
49 30
45 130
25 93
4 15
90 66
34 28
61 131
91 196
16 156
38 79
83 101
69 82
74 175
96 55
47 159
28 80
63 174
99 153
86 67
41 137
100 178
49 154
4 140
80 173
60 82
33 17
62 139
8 158
7 77
98 105
29 117
61 161
50 107
88 54
90 92
39 176
85 137
64 112
77 184
82 119
61 67
48 94
16 84
92 137
50 26
10 179
2 110
74 79
42 149
67 102
65 40
88 50
85 38
88 161
61 59
27 73
57 68
64 21
43 142
15 182
22 122
74 118
65 192
51 157
35 130
45 77
32 177
41 168
64 195
47 75
10 118
25 142
54 134
36 179
27 130
61 134
46 61
31 84
23 96
2 174
25 97
33 186
60 65
14 115
99 191
81 143
24 62
77 82
99 170
98 166
12 46
37 19
69 80
8 17
58 37
44 49
98 21
70 26
18 158
33 134
90 110
67 153
80 157
96 67
58 89
61 23
98 132
93 138
31 104
46 176
79 174
32 51
40 134
58 98
82 68
79 139
50 21
31 87
71 200
97 76
24 64
53 40
9 138
61 81
35 78
45 184
11 151
59 51
13 71
69 22
22 92
81 188
18 123
79 121
97 147
87 83
11 18
54 188
77 177
63 14
72 33
58 115
60 171
5 10
38 161
67 69
50 179
11 23
55 93
19 43
73 19
23 10
1 172
70 39
4 21
51 115
42 180
91 84
19 38
70 90
50 10
1 160
54 56
24 59
63 44
4 99
94 130
84 106
64 63
2 33
38 183
17 182
37 177
61 159
51 121
37 84
62 187
12 84
82 43
3 105
80 127
61 86
99 19
94 133
30 150
60 174
24 93
25 75
15 139
52 113
9 96
30 190
1 37
11 43
20 160
42 117
7 16
47 74
5 194
69 122
45 171
60 77
70 169
20 125
30 49
38 73
36 177
4 153
46 148
68 120
15 110
40 12
4 86
89 146
46 92
17 124
68 89
79 70
95 24
60 94
72 160
97 51
4 129
18 130
46 169
80 86
96 42
37 168
20 193
45 34
60 186
51 199
55 80
84 20
85 186
20 200
42 173
91 185
25 192
52 112
36 138
44 30
40 89
47 52
100 147
59 77
1 120
61 168
85 52
23 164
24 143
22 118
48 173
45 48
11 182
4 115
32 28
6 189
33 115
48 190
11 70
33 158
98 40
9 163
76 120
92 55
53 100
41 51
36 147
86 200
1 107
28 79
33 125
25 64
77 138
61 168
