500
17792
82 152
86 18
84 64
92 170
79 173
46 27
45 23
78 71
71 80
61 179
67 95
6 143
99 187
91 115
81 105
61 111
82 140
75 79
43 86
32 171
88 69
37 152
9 146
64 56
35 171
32 55
24 53
87 97
100 85
35 144
23 194
43 195
26 152
37 102
51 45
20 157
38 35
24 189
2 146
72 164
96 195
50 30
63 88
26 155
88 131
96 156
74 94
55 51
21 79
41 52
82 173
87 49
47 186
27 122
73 32
80 51
65 197
2 32
75 61
81 121
63 16
89 95
72 21
97 37
64 58
91 46
23 119
14 108
28 13
85 89
19 183
52 68
69 104
26 196
20 198
68 158
87 119
77 120
6 171
26 41
41 46
49 131
59 136
75 29
48 86
2 153
76 79
53 175
84 142
16 136
92 154
48 63
19 99
81 27
13 50
3 71
65 52
94 127
75 44
34 56
93 150
82 67
94 65
82 28
40 63
76 45
21 90
82 47
68 42
90 35
90 131
64 164
5 190
30 183
31 56
24 196
73 192
81 59
39 152
57 168
28 129
58 64
76 34
14 40
20 58
25 171
49 195
84 98
39 47
17 47
48 143
85 129
33 14
44 73
74 127
11 184
74 138
41 150
4 125
11 121
91 128
9 59
91 199
70 143
8 158
60 17
66 116
85 74
12 61
62 40
72 140
44 74
24 29
1 122
63 92
42 45
53 126
78 170
18 118
31 92
96 138
23 28
17 152
1 62
98 175
12 125
8 119
84 113
88 45
18 11
5 173
9 84
81 94
4 47
68 15
98 88
98 47
92 34
69 136
83 169
34 180
20 106
83 41
8 96
96 189
76 19
37 148
15 17
81 119
67 88
90 49
4 117
31 147
68 57
82 16
70 98
19 111
3 52
27 182
69 142
18 191
93 20
38 179
90 190
33 73
27 114
35 136
19 149
20 66
15 196
38 115
99 120
65 177
35 139
31 109
83 115
90 104
58 191
62 144
48 156
15 106
51 151
96 121
55 93
32 170
23 112
85 169
67 18
48 171
95 49
57 152
21 29
7 81
88 43
85 25
5 151
45 54
37 107
51 167
10 19
87 59
41 191
45 46
74 149
5 142
38 178
88 77
62 21
25 194
87 116
45 119
25 141
2 158
97 135
73 141
88 188
12 27
18 77
49 135
28 138
39 142
42 134
44 53
57 175
22 23
41 148
22 10
34 188
69 138
37 74
28 167
65 20
76 29
12 35
32 174
35 67
62 78
89 190
38 157
43 90
73 188
2 118
18 43
55 104
46 146
89 154
45 170
24 110
67 92
13 68
47 45
39 58
45 166
11 32
13 70
72 25
89 19
10 42
68 34
14 33
94 76
48 17
77 21
36 131
49 132
32 138
48 147
55 59
13 167
75 74
97 179
98 73
60 44
10 161
52 85
65 138
49 171
57 147
23 195
12 165
62 76
98 54
90 105
53 131
40 165
39 68
53 189
66 140
64 34
100 83
51 178
86 71
54 192
98 81
62 177
99 22
1 153
31 86
97 125
29 168
92 134
35 94
50 106
68 56
90 148
76 24
87 152
2 30
79 70
34 185
27 39
50 74
37 148
13 93
46 101
32 118
70 89
29 186
19 64
1 114
15 125
13 54
13 174
67 63
50 64
46 17
96 156
36 86
25 172
44 147
20 32
78 24
1 177
9 29
30 34
85 20
1 38
37 105
93 65
76 11
64 129
36 59
36 86
36 125
41 191
93 49
79 108
14 180
27 11
53 177
66 96
88 174
45 50
33 81
26 79
48 189
14 112
18 40
49 158
57 42
14 130
26 150
96 189
80 150
46 44
15 84
5 37
13 35
43 30
46 163
59 153
18 14
6 118
69 57
71 141
47 83
89 63
42 112
15 99
7 10
46 87
97 136
6 61
90 148
22 60
21 68
46 34
19 55
83 181
81 196
87 38
32 63
79 22
78 121
73 84
24 64
97 58
45 128
1 75
23 109
74 45
31 25
98 178
64 128
30 96
61 81
86 59
40 60
49 94
27 36
37 168
100 112
30 173
19 200
89 86
56 199
53 28
46 141
77 77
16 29
6 88
36 172
36 55
59 46
93 129
15 30
19 57
88 60
78 103
94 134
43 125
84 92
92 180
91 143
82 35
67 151
44 117
14 134
100 36
75 92
44 112
3 140
95 45
12 74
1 74
35 155
10 141
81 88
67 151
41 182
76 188
94 146
77 14
35 93
70 142
49 74
67 160
43 142
2 167
47 174
