500
17764
83 86
42 137
90 133
96 155
1 185
51 56
49 106
70 67
85 64
51 108
94 77
73 145
11 10
31 156
90 36
64 16
6 183
12 167
77 126
94 112
86 100
87 58
99 76
3 106
94 143
19 52
85 72
78 95
77 114
41 144
28 146
72 156
92 40
67 138
47 86
9 193
12 94
24 78
61 162
27 98
89 164
84 58
87 120
93 187
52 166
34 187
5 70
53 136
23 183
93 42
91 117
38 98
90 105
6 184
58 61
53 157
17 169
3 14
39 132
15 95
50 11
35 111
17 186
4 184
55 51
4 79
37 65
91 138
41 135
22 23
24 142
14 82
13 60
35 29
6 88
30 164
60 68
32 148
64 54
63 198
9 189
42 72
8 47
22 145
55 181
88 48
76 87
23 106
43 169
36 118
24 172
81 156
89 96
30 124
30 169
88 98
24 186
31 121
13 116
10 76
72 49
29 105
80 55
50 11
29 118
18 40
8 101
40 107
46 178
25 39
3 163
8 122
19 93
7 119
38 139
77 103
40 101
17 46
80 51
97 145
14 56
26 133
80 46
24 151
31 196
59 72
75 46
74 196
18 80
94 124
76 153
65 97
87 158
2 184
28 106
95 41
11 183
73 15
70 165
8 171
65 190
5 76
64 199
71 26
87 129
74 171
53 166
46 133
86 90
6 142
71 195
91 90
85 169
95 190
25 16
78 127
31 164
20 11
24 199
39 174
33 66
85 177
95 55
88 198
18 103
10 41
40 195
63 45
30 105
71 184
96 30
85 29
49 12
36 74
85 19
50 29
9 21
15 43
83 51
52 154
36 41
98 67
98 156
27 10
73 13
51 160
31 167
47 198
63 31
16 44
67 74
95 11
88 65
41 44
59 188
61 50
28 94
3 91
92 43
63 171
73 120
56 13
46 75
36 29
69 34
49 30
27 194
29 103
41 95
46 81
17 129
78 114
76 139
1 152
58 169
39 140
48 86
84 40
7 59
25 104
44 195
14 70
91 113
21 128
82 45
80 174
43 72
69 144
18 117
11 36
34 137
58 108
93 128
95 39
86 115
21 116
24 105
71 170
9 46
69 168
24 141
19 194
41 121
78 105
3 177
43 104
25 19
95 74
35 144
89 185
22 153
42 161
82 141
35 144
93 97
18 71
91 156
46 86
10 152
73 123
54 141
54 58
75 32
60 123
73 171
69 129
69 189
100 125
50 85
71 98
85 133
34 38
44 43
39 80
1 68
17 157
17 77
50 119
95 154
51 117
53 170
9 72
41 28
22 148
49 64
67 127
7 28
96 112
75 140
89 59
33 166
5 26
26 182
93 135
94 157
37 46
29 192
82 71
40 39
66 138
57 67
37 93
35 180
32 182
1 77
6 72
83 164
27 68
42 69
58 140
67 154
26 188
68 66
12 158
94 95
85 164
83 66
97 142
61 98
79 23
25 128
72 182
39 63
94 52
24 29
93 188
84 26
60 10
28 33
88 34
62 178
90 108
90 64
73 154
82 134
86 50
14 108
75 126
26 62
94 57
62 164
36 109
40 130
3 121
82 149
85 159
65 100
54 180
9 155
79 127
64 137
37 197
23 150
92 34
87 190
13 180
46 171
21 66
7 132
57 110
30 53
59 110
70 133
12 121
16 139
29 59
42 105
28 76
49 173
50 188
53 146
72 115
97 44
51 80
39 62
57 194
36 176
53 59
10 169
6 37
90 108
19 199
3 57
47 137
31 75
38 127
58 194
51 29
30 92
61 164
88 72
10 95
66 76
64 98
51 182
35 115
36 193
44 33
88 174
21 94
70 157
99 38
38 164
13 179
88 157
41 192
67 134
4 187
47 121
30 195
98 171
33 53
97 145
85 111
85 165
69 59
9 164
67 152
85 77
14 100
3 55
57 178
27 146
64 73
27 105
77 101
47 71
61 45
20 179
26 137
46 51
5 105
18 88
93 139
84 24
30 158
21 178
26 110
79 175
79 197
62 62
86 72
75 92
34 155
14 117
48 90
87 171
61 46
51 156
7 134
96 146
47 13
66 65
87 188
34 153
70 111
91 127
17 26
82 82
44 84
69 182
49 82
15 121
61 126
8 102
74 46
35 52
85 197
65 196
35 45
83 93
37 173
47 101
50 77
59 72
35 12
59 88
42 11
40 166
6 22
54 107
84 111
85 60
80 38
100 31
48 88
96 135
42 77
62 164
99 83
19 42
67 112
4 161
79 45
10 56
13 90
61 68
41 115
12 159
97 34
