500
18158
15 49
52 115
82 139
29 124
75 136
94 30
51 161
88 146
95 13
68 18
57 168
78 131
71 101
21 175
9 157
94 49
80 93
98 26
9 196
49 101
85 175
93 134
48 158
7 116
56 49
97 115
70 90
91 115
11 114
100 90
1 85
61 125
83 21
37 65
21 56
8 175
75 21
34 155
88 16
2 116
77 104
2 196
84 166
86 155
29 87
95 161
61 146
64 189
32 138
96 87
53 20
65 70
88 90
86 99
7 69
26 100
57 101
38 108
93 152
30 92
57 141
58 25
97 94
73 127
71 58
100 88
59 151
36 150
61 188
91 23
22 49
38 114
13 143
23 51
18 189
6 194
64 53
49 74
43 94
43 156
19 197
11 122
100 58
54 78
44 102
27 156
30 64
39 133
96 31
83 26
84 20
35 55
65 23
82 120
98 41
5 104
3 200
38 175
96 160
18 174
59 103
14 147
41 108
85 38
97 168
77 64
3 136
25 40
5 91
39 103
21 163
45 200
20 142
54 94
92 150
99 10
69 146
83 199
90 148
95 10
29 114
78 159
96 153
83 19
62 186
70 57
20 124
10 46
94 193
83 38
96 96
27 81
89 135
86 181
81 86
23 110
17 57
25 24
5 79
52 82
33 156
57 200
6 168
5 68
57 188
95 30
31 60
38 151
92 20
66 51
6 100
33 83
43 128
30 90
49 141
20 74
35 52
77 99
49 192
18 180
28 151
78 38
57 76
6 95
78 13
74 170
1 105
42 64
11 152
61 19
75 58
48 140
83 10
13 55
92 103
30 167
23 147
9 107
14 176
30 85
25 59
44 62
74 159
58 180
69 102
79 193
47 140
66 108
91 199
68 35
60 198
57 148
51 130
97 63
22 188
6 37
99 189
8 120
72 181
88 91
40 33
50 138
31 97
95 63
51 171
38 65
40 154
77 84
47 76
45 36
9 168
51 112
63 132
81 41
23 42
47 104
22 157
7 113
24 62
34 141
31 187
76 74
51 144
88 132
92 120
68 171
1 25
29 99
29 190
76 200
4 118
31 124
91 195
95 25
70 90
75 185
46 40
18 60
76 180
52 35
69 200
29 15
35 166
6 46
12 31
96 146
98 106
90 180
69 18
60 161
22 149
79 136
60 45
4 80
5 56
69 130
7 94
41 140
30 182
17 146
36 85
50 29
79 31
65 122
6 149
24 17
100 114
84 110
53 91
52 185
16 192
38 54
57 119
79 13
87 85
71 162
34 96
52 104
68 81
37 129
15 98
4 88
84 65
71 50
16 104
38 183
82 19
45 26
55 103
65 10
47 164
52 12
95 80
38 114
32 152
22 13
31 200
12 32
5 18
66 28
24 97
25 102
15 128
45 198
31 176
56 55
72 135
65 87
19 167
68 188
54 135
87 89
19 142
5 188
78 141
95 122
23 102
93 107
28 62
62 109
89 30
4 112
94 167
85 47
15 164
53 87
37 103
18 79
97 24
15 32
24 28
76 169
100 75
23 155
45 47
87 27
32 180
31 172
76 48
38 32
92 113
56 155
88 86
96 159
30 32
26 172
42 180
70 64
73 59
82 67
18 96
2 97
76 166
64 180
50 41
92 166
11 183
22 51
29 138
30 40
18 156
36 154
65 51
62 112
52 135
59 97
96 185
85 47
94 100
87 24
59 70
86 164
26 28
84 133
95 182
4 184
59 53
59 174
62 30
3 20
31 55
6 194
11 87
54 128
48 106
58 46
81 19
54 114
82 158
1 58
50 134
79 105
20 93
19 129
38 177
80 50
48 189
29 157
99 100
89 140
61 43
38 85
63 88
98 20
2 92
61 28
99 19
100 150
62 73
79 99
63 20
56 40
67 56
78 190
46 84
94 70
70 184
87 187
21 155
58 137
30 69
29 18
15 156
63 155
92 69
63 75
14 87
25 13
45 80
94 58
76 162
33 148
18 77
74 29
62 150
20 73
72 96
52 125
56 191
97 67
58 98
17 159
35 95
48 183
7 166
59 183
51 112
6 38
33 79
49 28
73 198
30 196
87 79
7 40
8 121
91 119
67 13
59 11
13 27
96 74
9 154
88 178
20 34
9 120
45 116
35 198
23 64
46 104
69 162
14 24
8 153
44 85
64 114
67 116
79 155
78 82
16 166
36 99
81 101
18 185
80 160
76 117
40 77
88 163
87 34
87 55
100 77
61 22
17 87
59 178
12 124
79 50
56 147
45 86
91 55
70 32
6 35
7 85
98 16
37 96
