500
17747
87 53
47 119
75 79
37 65
87 77
54 188
24 153
48 91
26 168
16 116
31 115
77 182
91 67
70 181
27 102
37 96
78 159
28 106
76 198
35 54
59 186
32 136
56 133
97 50
17 69
92 174
4 112
63 48
9 12
44 128
34 130
12 54
9 140
68 198
73 141
27 84
70 13
99 161
12 172
17 197
36 189
63 90
66 138
65 46
78 125
22 69
97 130
33 27
37 50
14 15
86 173
25 122
24 130
95 177
48 75
9 166
99 28
75 119
30 48
88 180
19 116
48 77
66 28
62 95
44 144
72 77
58 134
17 189
25 121
51 138
21 136
99 178
92 54
12 164
23 145
94 84
51 13
35 138
87 69
65 145
99 70
34 63
32 129
25 47
15 128
12 137
86 159
37 85
3 89
49 79
75 190
35 106
36 11
93 154
49 133
74 97
22 11
13 115
14 72
81 78
84 71
13 52
55 132
84 141
88 83
19 11
33 180
40 24
22 147
17 116
9 175
62 179
16 61
8 157
91 103
79 44
4 92
58 174
56 170
30 127
28 120
40 138
31 137
88 56
27 94
19 160
54 171
64 182
6 23
60 162
28 58
43 194
35 10
55 47
50 18
96 196
16 135
65 62
87 150
35 87
33 120
22 36
31 60
23 93
44 124
51 139
20 196
69 51
60 185
41 13
48 112
70 84
36 11
92 82
65 178
34 46
21 71
93 169
21 136
78 108
20 41
89 125
27 17
87 126
86 71
75 11
93 96
22 30
74 152
84 24
50 108
3 19
4 83
43 36
81 96
72 99
38 181
30 85
55 57
92 162
79 70
20 130
36 48
60 65
18 146
60 137
99 159
79 182
19 87
60 51
24 86
13 178
3 136
98 194
35 61
96 117
60 130
82 126
76 116
61 62
97 186
1 124
1 190
33 85
4 86
19 187
78 189
41 155
64 146
35 78
34 123
55 155
39 120
51 127
99 182
41 53
97 20
13 40
11 122
69 50
33 180
14 196
70 197
62 84
81 123
48 155
64 125
9 135
10 181
95 115
73 48
3 168
22 82
11 101
98 32
70 198
50 30
73 196
95 132
77 83
38 153
88 24
39 40
100 17
81 195
52 11
53 27
25 78
41 145
68 60
65 23
48 66
46 164
97 182
13 79
85 102
76 92
27 100
15 48
8 140
67 179
79 74
36 138
27 158
65 168
72 166
75 144
28 54
38 55
76 99
31 200
77 111
89 62
67 101
77 198
53 137
15 180
99 186
19 105
67 57
15 184
54 168
64 88
37 18
97 136
31 167
4 66
3 38
25 42
43 29
20 66
29 10
1 134
1 13
22 50
31 125
29 88
28 90
52 85
34 80
80 19
34 54
27 70
40 133
53 167
61 94
71 57
95 23
48 193
43 162
6 75
45 69
47 194
92 198
31 52
38 120
96 74
58 29
54 64
18 128
40 125
35 79
100 33
99 96
20 51
7 13
48 168
79 71
42 156
53 65
76 121
99 131
89 170
98 179
91 78
56 155
86 28
48 129
83 155
61 112
40 77
55 168
27 141
78 99
29 191
3 67
8 186
66 32
56 55
23 96
33 167
58 81
79 180
18 31
48 12
91 103
81 116
35 56
58 74
81 150
14 91
25 80
92 72
2 152
72 146
3 56
60 49
11 30
100 38
94 106
66 150
63 15
84 83
93 146
37 38
68 20
32 151
47 30
89 57
97 18
59 139
67 189
87 171
48 81
51 77
45 16
40 164
19 117
41 157
36 87
33 127
93 12
16 87
24 116
32 107
15 118
56 127
31 189
76 75
17 199
32 169
87 144
30 158
39 37
14 74
95 121
95 155
56 13
57 53
78 41
70 30
54 50
38 112
59 62
85 100
4 112
43 109
99 119
71 96
39 153
17 123
41 131
8 41
43 98
94 27
50 190
28 71
38 28
34 120
97 84
99 12
73 177
32 93
84 112
42 39
26 90
30 112
1 59
53 46
17 67
1 163
27 108
32 130
9 114
91 39
37 74
84 196
53 98
70 93
8 34
14 183
90 138
81 19
32 65
27 180
81 124
98 74
71 68
58 186
69 132
43 62
59 178
33 165
46 153
76 135
92 170
52 66
56 168
56 145
91 139
66 27
73 113
58 35
18 126
41 105
11 173
19 97
91 192
26 10
79 90
56 53
84 101
4 59
56 124
81 94
56 26
20 35
57 87
44 170
95 172
8 85
99 62
61 154
60 16
87 117
78 149
7 149
72 11
35 113
81 113
