500
17942
55 173
65 32
82 82
98 149
10 104
67 28
50 37
91 100
39 100
92 63
4 24
60 97
88 134
47 147
11 154
85 97
56 92
40 105
97 87
91 197
74 63
23 191
94 10
54 60
50 165
40 168
37 27
92 119
90 93
32 26
16 42
94 187
53 182
78 108
28 164
60 46
6 154
33 146
34 135
74 177
53 20
30 39
17 196
54 167
28 156
93 197
19 143
43 23
11 18
88 127
71 158
95 172
50 140
76 147
31 77
38 139
66 112
41 55
99 58
51 169
6 151
47 159
58 75
88 98
4 105
72 81
16 164
62 121
37 150
47 18
75 107
28 47
98 158
91 73
98 99
93 73
57 102
90 188
26 23
92 152
47 42
29 58
75 134
24 90
2 49
94 111
50 191
39 136
60 144
51 109
45 97
14 174
71 36
44 110
92 149
20 93
67 195
62 132
30 113
7 122
5 175
40 126
74 40
12 149
55 135
16 167
88 48
52 78
65 42
4 21
24 43
62 55
60 142
58 130
53 57
64 103
98 82
21 123
71 180
19 197
65 133
54 76
86 142
52 21
11 114
47 169
73 17
49 61
81 59
82 33
35 90
79 38
86 178
17 165
24 151
61 112
11 66
3 181
47 78
41 51
100 70
30 103
57 143
92 159
27 15
27 136
89 150
74 167
47 36
92 41
53 32
20 95
15 28
45 136
54 117
25 40
71 10
46 49
1 185
12 164
49 116
88 109
69 74
55 41
45 169
24 119
84 41
22 63
27 71
36 84
36 129
51 47
72 83
86 10
85 133
96 61
55 77
98 128
56 24
61 99
88 100
57 165
35 28
55 81
68 57
13 122
35 183
96 167
85 38
46 150
44 107
46 26
46 37
73 132
61 23
50 102
94 81
30 56
92 98
3 78
26 22
42 60
8 98
25 164
86 178
36 50
73 102
50 135
45 28
31 198
98 19
87 75
96 71
35 191
9 169
28 71
65 20
62 131
30 143
66 115
66 189
51 189
90 52
44 84
51 111
16 185
69 11
80 20
57 61
46 154
94 87
65 55
5 102
61 91
32 128
61 70
92 140
28 20
2 119
5 129
93 138
94 119
28 130
99 20
22 147
85 130
15 21
79 22
100 156
48 32
39 35
33 161
24 119
69 172
24 157
27 114
7 163
56 38
48 23
58 85
77 42
56 14
100 70
23 23
82 73
56 158
43 174
29 100
71 130
62 104
9 164
29 111
10 103
93 185
65 103
79 195
54 46
8 115
56 150
58 171
23 154
46 172
73 19
78 80
11 152
45 78
25 98
49 99
3 55
83 103
39 184
8 70
34 130
82 125
69 50
81 115
50 126
37 110
9 10
25 117
37 80
89 105
48 112
68 112
65 41
36 175
79 176
28 114
3 85
71 75
45 152
13 171
73 117
39 24
84 116
79 25
84 21
15 163
96 149
21 189
83 42
66 146
89 80
11 167
98 83
71 122
12 30
90 15
77 50
15 152
33 37
40 130
67 86
25 56
81 148
36 23
61 16
13 100
77 128
71 185
13 13
53 30
74 183
17 182
23 43
36 134
31 177
41 127
4 156
84 164
8 186
62 138
79 30
94 142
88 33
65 79
98 175
9 157
25 133
28 169
13 176
79 46
76 45
62 15
56 97
97 119
86 80
27 95
25 177
6 35
1 106
82 142
2 186
28 42
8 39
8 108
61 126
8 103
62 109
63 138
47 145
41 83
83 75
79 123
71 30
52 41
39 141
83 57
27 195
52 17
47 191
12 188
33 74
100 77
99 121
93 41
100 19
7 150
1 36
58 169
34 183
26 184
59 165
39 21
18 116
56 37
6 19
61 21
91 143
58 55
21 131
16 78
54 111
80 58
90 109
62 84
68 78
16 143
45 116
8 77
61 26
98 15
39 141
26 150
1 160
60 155
39 75
5 106
99 71
31 75
81 71
28 85
54 15
68 51
80 35
10 26
27 116
12 43
60 100
84 62
59 38
7 49
87 135
62 166
90 38
61 98
69 157
15 67
15 25
71 198
29 141
53 28
12 78
64 16
96 96
79 56
61 110
100 116
9 64
7 171
85 34
36 118
93 192
8 144
21 67
97 128
90 94
48 70
29 144
38 103
71 129
36 200
7 168
13 117
35 42
84 37
46 92
91 46
87 194
7 40
32 129
65 66
70 40
72 123
98 49
6 40
72 77
91 81
47 178
3 66
13 114
45 169
81 77
20 132
21 55
56 92
27 141
59 17
16 88
27 119
