900
32036
81 60
12 30
80 50
21 111
47 185
5 102
21 29
24 198
96 31
96 59
93 114
72 172
61 115
42 105
39 115
42 58
22 182
38 44
4 185
45 44
81 143
25 54
70 184
89 100
27 63
80 122
13 90
81 77
49 184
85 27
34 166
50 84
98 20
2 154
35 158
93 169
94 52
13 25
91 21
57 171
7 88
97 158
74 55
15 96
98 67
10 16
54 162
56 23
40 177
99 70
74 176
60 184
66 37
47 159
55 51
37 15
3 156
90 129
42 117
81 94
74 100
46 179
28 135
56 142
33 184
29 38
55 134
92 199
87 90
97 141
73 130
96 89
70 11
17 31
87 196
84 173
52 66
57 177
6 75
49 160
72 170
71 170
9 163
76 140
27 110
96 160
18 110
15 118
66 53
72 147
65 183
51 30
5 14
97 28
84 158
59 150
88 100
20 22
20 142
82 131
21 112
25 145
11 143
53 123
43 118
98 66
18 66
49 94
63 166
6 184
8 102
6 106
84 117
40 41
30 176
99 37
40 129
95 42
14 166
71 164
96 160
46 195
43 125
7 168
54 174
23 20
20 45
52 169
40 165
92 11
42 43
21 173
89 92
47 66
78 191
75 37
84 85
29 130
86 129
25 40
15 123
44 169
75 174
90 96
29 148
70 146
64 187
32 33
75 172
33 87
7 155
10 156
5 162
8 94
4 139
2 68
92 139
94 26
5 153
16 154
100 139
11 126
51 143
42 94
12 142
37 147
72 194
74 91
48 192
86 186
49 116
37 126
96 200
45 62
52 169
44 101
73 157
21 13
92 36
18 108
90 155
65 101
34 94
87 26
92 21
29 22
22 182
58 38
65 85
50 60
48 60
93 174
99 198
67 75
95 92
67 90
86 162
68 197
34 122
77 61
95 149
92 11
46 75
17 89
72 107
21 61
67 51
30 162
38 17
89 197
14 159
17 88
39 172
50 28
79 77
22 125
18 54
78 155
14 194
20 172
40 59
19 100
15 154
81 98
95 120
78 99
72 111
43 165
59 107
99 131
96 109
6 45
40 53
98 103
52 139
18 153
2 99
98 174
4 34
87 192
76 32
72 106
38 72
2 110
10 117
5 46
88 129
36 32
13 110
66 167
61 167
34 200
72 42
51 138
60 11
51 89
8 51
20 51
83 175
3 138
25 111
100 182
50 44
74 161
9 75
95 153
67 143
56 51
62 200
16 21
8 49
10 30
66 103
62 61
1 156
87 167
89 123
87 128
96 106
20 97
100 131
25 112
58 78
56 148
99 64
83 93
98 77
1 14
78 167
80 54
11 192
51 76
56 91
92 13
40 168
19 99
35 177
53 50
26 59
83 182
3 57
56 195
8 11
63 98
32 87
61 163
10 46
72 87
44 86
100 35
89 26
21 162
50 187
99 25
89 60
80 88
58 173
26 156
86 151
19 31
52 198
34 62
26 39
79 199
48 150
19 166
88 181
53 67
71 80
71 168
32 91
74 149
35 170
89 53
70 140
7 23
93 194
20 167
7 125
21 138
41 196
27 130
83 66
58 45
58 178
68 131
19 42
93 134
28 70
78 27
44 11
83 90
90 142
51 37
16 36
95 77
94 89
43 128
33 126
37 58
31 37
74 174
22 58
48 15
27 125
49 130
74 181
67 155
34 115
8 159
63 13
57 148
78 180
86 124
34 31
61 77
48 153
98 158
25 21
54 99
4 130
64 117
85 92
79 50
1 76
23 179
39 120
93 159
88 101
58 63
4 168
87 124
56 130
11 173
47 160
9 79
44 111
40 26
12 198
5 92
2 87
3 140
93 152
87 197
49 120
11 174
70 24
39 158
99 109
11 29
37 177
5 155
83 175
96 128
88 110
50 33
99 200
16 57
3 27
33 104
47 181
42 117
16 45
98 121
3 185
99 186
87 76
13 131
97 200
57 150
18 86
35 105
28 106
4 40
99 11
52 27
32 168
64 112
46 197
61 195
1 26
81 28
18 90
92 11
89 22
62 149
80 24
66 64
93 171
50 74
72 96
55 32
59 152
18 152
88 86
98 80
60 117
78 52
84 11
65 87
31 50
34 85
17 75
55 135
72 145
78 160
38 153
2 28
97 127
57 60
29 179
82 15
28 140
62 65
54 104
29 55
10 68
41 97
53 95
17 143
89 200
4 121
92 17
15 93
64 129
57 98
88 187
24 47
89 133
98 151
3 85
32 99
24 192
26 48
2 146
5 174
97 30
21 136
11 145
90 159
48 25
18 140
8 76
73 96
44 119
26 127
86 65
73 53
74 21
37 152
2 30
36 171
30 93
40 188
49 110
49 92
46 67
89 160
5 159
24 169
89 29
29 60
20 137
85 144
22 113
6 111
36 60
49 118
65 135
53 45
82 151
3 82
84 168
69 40
20 176
90 44
30 198
47 19
50 13
30 195
36 156
46 94
88 96
47 111
52 67
64 64
46 172
54 110
64 126
51 126
40 135
85 51
86 57
91 137
27 164
74 36
95 13
89 37
77 14
84 53
56 19
33 43
21 86
4 88
84 100
31 151
13 138
64 180
37 66
88 101
58 161
86 81
98 144
41 25
29 164
30 15
68 79
96 46
10 84
4 36
95 128
58 49
33 63
83 89
51 127
23 86
77 32
11 66
16 132
85 129
30 193
76 14
19 167
97 39
68 155
11 175
22 84
59 87
26 135
12 120
64 95
29 173
89 160
62 52
56 18
89 190
11 156
23 90
77 158
83 160
18 93
85 91
18 13
95 31
99 15
64 159
38 10
60 57
33 196
94 159
68 124
75 12
22 184
13 172
40 152
28 186
25 104
93 120
1 152
97 109
96 128
81 70
62 137
13 113
15 127
94 84
64 53
84 70
29 145
39 54
3 26
17 200
54 178
56 71
5 160
34 49
8 156
40 83
48 159
44 72
64 176
50 28
76 195
7 150
5 153
95 118
39 94
47 81
78 49
96 179
20 161
59 116
95 158
9 75
58 82
19 196
53 190
39 64
29 110
12 20
48 122
13 62
45 97
99 193
86 41
36 161
50 26
84 21
70 195
23 143
24 99
64 77
50 134
97 150
59 187
28 153
83 160
35 100
95 58
26 120
30 197
91 110
55 85
39 26
81 96
17 75
11 81
57 111
31 90
2 118
31 180
40 75
97 200
71 158
69 46
10 150
73 102
15 79
17 89
56 114
62 23
72 107
62 109
10 35
19 17
42 109
17 55
29 198
60 97
97 22
86 80
33 25
78 54
45 155
79 161
38 200
85 26
22 11
90 65
94 132
90 159
97 32
65 21
28 150
75 97
31 153
12 94
19 58
94 56
90 181
17 12
57 139
72 21
72 32
54 85
61 73
7 82
99 43
32 189
23 194
18 56
55 12
69 44
94 100
95 159
26 163
90 132
26 192
17 95
77 169
76 57
99 48
10 59
20 51
8 177
67 99
99 189
17 120
21 60
9 101
100 153
30 126
6 109
11 144
65 81
35 150
51 177
93 101
45 141
26 42
1 72
45 152
20 168
72 86
69 188
87 52
55 40
22 92
81 65
18 34
99 37
36 45
89 167
14 43
50 48
61 15
16 181
44 193
58 141
9 184
8 164
32 178
97 40
54 73
9 176
5 100
83 192
28 45
55 126
15 47
69 179
99 159
92 43
79 23
33 109
13 51
5 119
59 146
71 47
93 184
23 67
85 46
21 69
42 118
42 47
56 103
30 196
29 66
39 51
26 129
10 58
14 157
34 172
89 32
46 141
54 16
71 98
52 13
63 133
26 166
36 189
31 151
55 68
2 98
25 44
5 156
82 186
74 27
34 179
64 124
63 173
41 34
79 55
87 106
28 132
45 51
19 128
35 40
25 26
11 69
67 120
75 178
91 158
58 181
21 108
28 194
96 20
22 127
33 111
94 89
81 158
87 141
66 190
20 151
81 103
43 84
76 144
78 93
25 174
44 66
25 173
29 76
46 64
14 196
41 141
22 127
20 119
36 177
75 26
2 137
85 123
49 29
98 142
89 101
57 115
13 84
85 67
81 111
38 45
14 180
