900
32111
84 166
87 59
3 171
99 51
76 54
20 143
17 102
32 59
72 128
35 123
54 85
97 24
29 126
7 133
18 65
3 124
55 92
99 45
80 31
86 55
27 45
61 90
73 174
92 124
85 158
100 107
80 69
56 26
31 34
68 160
16 130
90 141
53 156
6 72
54 44
72 87
13 69
74 108
52 30
65 184
3 118
58 97
97 32
61 79
70 38
54 171
30 69
39 183
55 143
95 79
99 62
32 191
68 118
52 182
76 25
90 49
74 20
63 116
72 194
3 93
74 132
74 165
41 125
37 10
36 175
78 102
25 10
62 115
22 139
13 138
73 172
78 155
74 188
47 87
61 43
82 95
42 174
62 139
36 148
89 78
2 192
92 84
77 75
86 141
16 136
9 195
20 15
9 117
55 146
27 111
80 180
13 168
63 135
42 29
17 136
56 30
2 95
74 173
53 114
33 65
69 105
4 28
70 126
67 139
98 142
27 139
34 157
30 125
96 33
70 115
6 132
46 97
94 88
92 71
96 62
30 62
50 94
47 60
11 155
59 46
33 45
73 83
33 63
48 159
89 42
5 67
19 172
23 160
83 164
66 25
2 134
84 101
98 98
3 110
9 21
69 19
83 113
1 71
59 19
7 88
67 107
61 188
42 168
75 189
19 170
26 98
4 125
73 83
44 78
92 89
81 140
4 101
55 88
33 10
23 175
87 139
52 103
96 144
67 26
93 66
65 157
68 125
74 16
17 65
89 199
80 142
57 25
70 67
61 160
72 54
76 135
97 140
57 77
65 75
37 93
8 20
14 163
52 59
92 75
79 62
79 44
73 172
71 120
35 163
94 73
65 178
7 39
38 62
9 85
23 169
47 106
50 61
98 100
89 40
45 158
27 115
37 147
73 147
34 94
36 122
26 97
81 102
91 118
41 118
48 103
90 113
56 197
54 32
32 19
76 89
87 30
29 146
91 24
30 165
48 185
61 178
62 137
60 23
35 176
73 102
53 112
59 70
55 20
89 184
45 96
21 108
26 33
21 67
60 47
59 162
89 143
76 170
14 141
75 181
65 41
32 199
43 66
79 13
45 119
40 74
57 51
5 64
78 106
93 53
37 196
53 136
42 84
33 83
40 175
67 80
9 131
91 84
9 30
66 191
69 82
11 94
40 189
49 106
46 98
60 131
28 175
57 24
1 83
20 193
92 71
93 173
33 117
45 60
21 200
96 149
60 87
77 172
23 157
11 104
64 159
41 110
90 35
46 83
14 147
89 166
37 85
47 154
60 190
3 108
62 146
32 25
40 182
57 149
82 91
85 63
68 127
29 165
21 60
54 170
6 86
31 70
84 165
91 81
47 43
80 10
34 36
25 20
29 99
45 11
71 45
36 166
28 143
70 52
56 200
16 90
37 137
26 130
80 49
57 30
50 75
42 75
3 118
48 45
17 46
54 60
46 98
30 158
18 71
28 114
9 107
55 185
45 146
38 108
18 69
73 88
39 116
41 60
9 90
9 16
33 117
15 192
24 78
9 72
33 139
62 160
20 61
84 134
17 81
93 116
14 105
45 30
6 183
5 29
7 172
97 146
89 117
98 66
32 150
54 110
51 14
88 129
56 200
56 76
48 59
93 77
94 22
66 93
18 98
30 188
91 142
3 165
13 103
82 91
95 72
96 151
46 44
59 157
11 63
24 148
29 174
15 58
45 149
85 99
69 183
9 156
32 84
75 51
56 191
49 65
19 78
12 127
34 176
17 145
56 80
49 60
25 31
52 21
84 14
4 59
79 44
74 85
5 56
55 88
100 120
31 159
8 45
73 26
85 79
75 56
97 115
24 121
79 176
35 43
91 167
30 78
80 160
78 73
40 119
37 136
23 197
67 122
67 96
74 194
57 198
67 97
82 150
43 26
1 184
90 165
52 149
52 25
57 30
75 85
43 70
17 135
78 80
29 70
56 62
20 115
98 190
23 107
6 133
78 52
95 172
89 134
73 142
86 28
79 77
57 75
54 98
63 19
22 82
54 73
22 188
88 167
71 196
22 166
74 38
17 187
63 110
29 98
1 89
36 166
80 117
81 49
73 185
71 92
62 131
38 167
76 126
47 133
52 76
67 23
64 61
96 157
43 69
100 63
19 10
22 27
34 51
48 135
24 56
52 57
54 108
40 135
62 123
62 113
43 140
25 131
40 67
96 56
35 193
96 107
44 86
22 140
73 179
85 16
82 165
92 34
9 123
53 84
55 119
40 113
62 29
7 166
69 123
41 151
59 71
98 112
2 32
93 19
3 107
69 100
36 171
47 33
63 70
78 30
63 83
76 113
48 51
9 101
90 103
51 150
86 116
10 77
3 141
97 194
67 150
52 131
31 167
22 86
47 84
69 92
54 169
33 150
39 98
82 109
81 174
97 121
19 71
67 130
95 88
99 84
2 169
41 122
28 172
72 171
26 74
77 69
85 10
18 124
75 51
76 149
88 172
21 114
46 81
88 162
25 174
89 39
43 142
66 54
49 75
86 29
35 167
70 13
62 118
4 185
62 69
3 104
42 50
50 98
27 43
13 129
60 144
59 194
20 93
4 187
45 136
6 109
79 35
50 183
92 140
40 77
67 74
81 180
38 166
70 130
67 180
77 155
35 47
9 47
2 22
2 134
42 34
16 113
44 78
43 88
76 171
2 28
75 64
100 124
17 162
7 68
24 94
65 162
53 19
15 198
40 144
45 71
13 182
74 13
57 172
92 151
89 62
46 15
76 18
56 50
88 169
58 95
93 182
15 64
5 13
15 31
52 192
28 147
30 70
11 188
65 68
17 177
2 75
89 197
13 44
14 89
66 28
31 24
33 190
93 60
58 149
65 51
2 164
68 107
37 19
69 26
66 30
83 59
89 108
100 102
55 125
47 102
57 71
40 173
65 142
14 156
49 77
6 159
29 128
28 183
9 146
18 36
44 76
29 148
82 64
16 130
46 116
93 146
37 109
4 70
18 114
50 167
51 100
10 91
72 145
76 90
28 78
96 140
77 24
13 49
3 133
64 92
63 80
87 36
98 177
98 63
44 98
66 96
47 158
34 14
35 11
51 55
41 70
41 129
35 57
12 128
48 125
18 65
56 136
24 42
81 56
17 188
77 48
50 30
76 197
41 23
56 70
80 144
49 11
40 123
50 175
38 115
54 42
53 192
3 59
85 119
74 159
85 31
66 10
78 42
89 114
48 184
10 126
85 89
62 27
69 143
86 171
12 34
2 85
38 118
35 114
93 69
100 67
79 53
50 57
60 179
64 136
33 55
23 194
43 98
94 108
58 61
73 27
52 136
19 187
24 60
86 116
44 154
65 139
2 84
13 120
31 71
50 196
61 77
17 110
53 53
23 200
35 196
44 61
23 108
13 122
74 161
6 99
58 151
9 190
61 47
65 191
19 154
58 130
81 169
63 28
34 73
87 79
4 185
35 157
93 148
96 92
84 145
8 180
6 15
1 113
2 143
21 39
60 35
84 17
38 178
67 160
42 46
50 63
99 30
90 92
58 166
51 180
50 130
71 107
60 119
40 47
53 19
96 67
88 189
78 192
51 19
65 53
18 141
3 186
70 176
24 87
69 92
89 84
25 12
72 110
18 50
13 186
12 71
100 155
69 33
45 62
13 152
54 187
49 95
31 198
50 151
95 156
32 32
37 196
17 200
86 101
50 40
48 148
55 12
54 19
18 93
100 39
57 14
22 34
67 51
21 128
53 42
39 75
8 183
28 110
84 162
12 173
24 185
21 83
84 140
91 45
55 173
38 176
34 50
25 167
54 182
31 152
44 156
4 47
81 32
20 181
70 40
60 20
46 16
65 185
91 75
99 11
45 82
72 191
68 161
58 66
95 136
99 66
52 88
46 82
37 177
8 135
29 73
64 43
85 42
34 50
71 193
36 183
74 187
85 23
23 37
72 156
23 133
25 163
55 159
39 78
100 185
81 162
100 34
72 38
11 35
62 54
43 133
84 123
15 131
42 56
35 106
87 130
23 170
73 183
90 173
37 130
85 27
55 198
67 110
44 140
18 44
