900
31870
89 133
22 112
12 82
83 122
28 55
88 46
64 19
65 175
36 167
7 182
57 43
83 15
30 41
52 93
7 188
54 103
49 161
86 99
37 180
92 116
96 157
32 80
43 10
16 152
83 68
88 122
35 181
37 44
6 58
1 151
40 49
56 55
69 159
45 14
99 167
50 115
58 124
60 19
63 179
36 100
95 70
1 25
38 77
74 76
33 88
80 58
78 146
20 21
13 51
7 141
48 39
36 36
30 44
15 71
2 40
51 189
15 53
71 178
39 10
96 119
8 172
39 126
5 25
37 199
78 179
69 88
94 76
21 163
73 123
77 90
88 80
51 139
56 133
69 93
69 153
44 117
70 65
23 79
74 130
66 125
70 150
4 98
35 10
88 60
82 24
68 65
7 97
85 38
49 186
89 26
91 168
93 10
47 178
83 191
32 143
34 118
84 121
86 29
33 114
54 89
42 194
28 126
10 155
26 48
28 152
58 25
37 199
64 146
98 155
87 75
83 189
20 139
49 34
60 110
85 122
35 81
28 114
32 143
92 52
33 65
2 44
51 29
72 112
11 55
15 162
95 180
31 28
70 177
98 149
48 132
36 58
21 37
66 58
77 178
64 72
90 188
72 158
36 176
28 142
31 48
24 190
33 165
58 145
12 157
89 94
11 32
96 45
85 84
30 168
9 157
95 54
46 185
29 46
21 71
57 164
51 31
32 152
24 174
81 62
90 36
48 166
33 60
92 121
7 168
15 165
20 192
54 123
22 147
2 163
39 155
57 178
38 198
85 104
22 144
53 84
99 184
78 11
74 44
28 173
31 152
34 195
84 132
20 127
23 140
84 178
25 135
11 183
79 76
72 110
7 94
31 72
47 40
73 121
35 151
78 68
35 23
94 28
67 144
86 162
19 91
10 150
41 92
12 124
88 25
32 42
75 164
93 122
7 114
11 139
100 168
85 94
38 135
98 145
69 139
38 184
32 199
12 94
87 162
91 180
90 134
18 165
95 118
27 181
8 163
45 176
82 92
1 81
14 25
26 43
47 38
27 133
83 54
24 109
58 46
30 166
20 51
54 139
59 115
58 38
4 134
74 72
53 200
22 151
52 130
40 135
69 29
7 101
61 189
66 43
92 143
87 42
6 17
50 131
1 186
61 167
91 151
17 155
75 125
68 158
14 173
67 112
43 138
85 61
37 46
81 115
63 26
95 117
65 169
18 159
4 19
98 83
96 23
55 124
14 90
67 191
40 58
13 139
82 168
15 19
2 100
45 107
65 75
80 55
86 90
41 22
79 126
50 22
20 89
91 193
56 199
72 128
62 117
43 28
45 103
18 103
62 12
33 85
37 65
56 66
25 63
40 128
36 78
72 141
47 43
71 181
8 163
83 84
48 45
5 115
12 117
48 129
45 171
60 78
86 152
30 141
77 94
97 49
21 20
36 177
8 70
20 85
99 131
12 90
69 47
10 101
35 83
69 59
66 37
74 140
43 148
84 119
80 59
78 69
46 21
10 62
22 141
39 132
61 61
43 93
90 99
62 177
20 37
91 119
9 60
25 130
23 51
82 104
76 113
9 86
85 41
12 49
70 94
25 27
23 187
37 147
78 95
43 114
92 137
18 93
69 18
91 70
18 194
36 183
17 113
50 160
71 11
6 59
65 167
47 155
73 22
36 151
55 200
41 54
87 41
43 194
96 169
72 25
90 173
7 107
24 70
30 142
45 152
75 85
50 20
43 70
38 188
10 175
39 178
48 43
24 88
68 148
20 154
45 183
1 71
61 187
86 189
75 181
15 80
28 188
87 130
74 93
28 100
97 132
51 76
83 115
10 163
64 49
63 148
91 75
37 69
61 54
24 26
91 117
66 43
98 23
82 135
1 187
7 196
98 35
5 71
99 66
24 184
53 189
36 141
72 95
78 63
18 154
81 103
48 146
79 189
58 68
93 130
17 32
19 18
58 182
60 152
10 167
25 184
44 179
29 126
95 58
54 159
69 164
85 149
21 172
4 63
37 74
76 56
7 11
41 90
95 13
58 101
100 40
53 94
70 99
69 142
11 58
52 24
25 132
41 187
26 44
31 133
55 186
22 135
54 149
1 11
31 136
26 80
55 191
46 86
99 176
96 73
11 87
9 63
37 70
88 156
11 15
32 111
53 43
22 158
78 147
11 159
59 167
58 176
74 175
47 44
34 200
90 74
56 38
46 125
34 174
86 86
50 180
88 75
46 176
25 200
26 50
72 194
13 123
67 172
7 185
37 161
91 139
10 169
96 193
6 33
86 60
77 143
90 127
91 93
66 33
26 190
83 97
91 12
81 103
17 191
71 38
47 98
65 110
7 101
36 181
20 117
29 169
67 86
91 54
33 173
36 30
52 148
46 57
74 175
11 87
14 23
89 51
6 30
72 24
30 73
77 143
74 143
17 76
82 120
34 187
66 50
28 44
67 33
13 46
25 24
73 133
96 106
10 85
58 60
90 116
7 20
16 177
19 159
45 115
50 10
13 140
52 60
51 198
81 74
35 59
25 39
1 107
66 38
55 97
24 189
56 188
32 154
14 75
71 101
90 102
56 173
95 15
84 139
28 10
80 134
82 30
17 157
93 196
31 71
39 189
28 180
81 125
15 38
25 18
51 184
23 40
19 67
71 94
96 92
99 20
58 129
79 135
70 56
3 196
83 150
18 70
69 166
12 75
40 88
94 32
25 55
41 19
46 95
60 189
42 93
15 65
67 63
46 98
48 163
78 153
82 18
21 119
57 199
11 185
88 62
10 26
77 59
77 181
8 34
25 55
70 162
59 29
72 154
15 74
59 47
90 153
92 109
97 135
95 162
85 192
71 181
43 113
87 126
15 86
86 27
27 33
57 63
53 104
27 191
50 150
13 24
17 140
7 76
49 73
28 151
32 98
27 187
14 176
38 191
95 47
52 11
89 93
46 89
96 95
48 137
39 91
53 138
14 26
30 13
91 189
29 70
39 126
21 71
68 106
23 161
24 135
11 181
14 46
40 170
92 142
15 152
97 192
97 66
39 200
57 74
80 110
63 77
89 39
18 87
75 37
98 63
63 27
74 79
96 82
99 54
100 102
67 137
38 65
53 31
63 55
98 119
81 180
85 62
31 41
58 139
24 118
19 123
37 141
4 52
92 175
97 107
76 161
27 41
51 79
53 154
35 150
6 43
1 13
7 158
50 74
97 170
59 91
24 78
12 173
84 197
91 196
75 130
47 102
17 68
54 155
48 46
38 95
52 131
56 85
12 89
4 129
56 118
1 111
16 135
90 81
61 145
36 46
57 125
63 188
8 122
52 62
29 90
92 79
96 195
13 152
31 139
61 107
36 109
11 54
75 10
88 176
12 146
50 111
71 48
90 128
58 103
65 135
3 104
57 29
13 63
58 132
63 181
4 104
42 28
42 55
74 197
18 38
84 133
9 14
19 157
79 40
83 15
67 45
3 58
69 118
12 193
43 106
68 138
33 70
64 89
30 105
29 169
56 162
62 92
25 174
57 164
73 64
20 167
92 104
53 101
88 49
5 199
60 111
90 38
32 80
77 21
79 129
51 138
20 148
1 115
70 145
30 133
95 73
18 31
56 39
53 153
80 75
80 176
86 195
65 158
45 160
98 11
77 60
30 141
21 186
94 56
12 126
8 171
70 128
24 61
38 112
38 136
1 26
15 134
65 75
58 194
7 165
55 80
6 20
19 191
41 36
5 200
99 27
83 156
28 71
100 73
78 93
44 162
19 72
94 119
60 200
72 41
81 162
16 69
97 122
58 54
73 169
28 192
43 173
67 160
45 68
28 195
43 200
54 19
45 72
78 171
32 128
97 177
63 96
33 151
62 173
92 85
87 199
24 140
59 142
46 150
64 86
51 107
3 74
48 143
96 78
61 199
100 31
38 29
83 162
42 50
78 156
30 170
65 63
74 155
5 190
37 195
47 129
99 81
71 114
33 169
59 195
91 80
23 75
66 146
73 72
80 125
51 36
95 99
56 196
14 161
72 47
8 131
15 184
54 118
64 75
81 112
6 68
77 53
