900
32069
33 123
22 89
84 36
99 92
75 96
74 180
33 137
23 32
58 114
63 115
74 75
62 79
8 198
37 147
100 54
99 186
31 24
49 33
52 71
29 181
86 140
25 128
63 86
57 72
17 194
69 114
23 95
50 100
49 36
70 80
16 118
98 124
16 189
92 74
73 93
12 41
81 112
37 88
73 16
46 163
16 95
19 22
23 42
11 158
69 175
29 97
98 199
46 89
79 110
46 27
98 16
44 126
11 158
44 65
33 21
11 143
1 38
15 158
85 22
61 170
99 25
71 33
33 44
15 104
86 151
16 38
60 85
35 188
52 62
2 35
59 200
61 67
39 161
80 60
91 141
42 98
92 117
2 196
6 36
84 164
45 155
52 126
66 127
72 43
71 42
65 72
61 184
53 60
17 127
49 87
90 112
2 72
9 31
32 172
24 86
78 72
5 164
41 128
56 196
98 114
90 122
72 31
23 186
54 70
10 108
11 12
86 108
39 146
27 121
47 79
15 87
96 190
51 80
77 123
85 43
71 142
1 120
86 29
63 30
22 10
63 20
81 60
73 108
36 176
23 58
79 199
16 133
19 126
38 108
86 107
73 177
41 162
86 134
37 98
32 96
84 175
34 135
32 100
70 122
48 99
93 46
90 15
37 192
20 49
10 140
35 151
81 25
9 199
90 103
22 63
93 44
46 132
60 127
48 132
90 40
83 136
37 184
47 193
24 114
35 144
64 104
91 192
47 178
98 147
89 60
9 129
31 23
95 186
74 79
45 65
19 176
41 69
80 15
21 164
78 56
53 195
97 28
60 112
58 194
9 88
20 37
100 150
48 58
26 174
51 108
6 35
29 100
39 155
63 46
65 173
89 89
56 182
100 111
88 29
81 111
96 14
1 88
89 188
99 181
69 61
6 40
90 14
95 68
100 156
70 15
31 70
27 33
79 59
35 126
33 107
16 198
13 191
15 151
89 142
93 93
41 164
18 189
48 144
54 177
25 13
19 85
56 94
34 196
30 145
56 163
99 197
26 199
91 163
90 33
52 82
46 144
94 123
8 88
21 174
57 200
29 161
91 118
85 110
83 46
18 140
14 137
48 149
79 76
78 114
28 184
51 41
8 108
87 168
36 36
42 198
74 14
62 49
35 166
73 79
41 78
43 84
10 63
61 134
71 46
19 104
41 116
62 134
23 57
60 180
64 27
14 113
86 137
91 120
89 177
16 129
93 90
2 128
28 46
94 120
59 20
91 141
40 92
11 125
73 171
29 97
35 163
100 177
32 179
72 91
96 160
58 131
68 74
53 157
14 87
68 117
72 51
79 28
19 75
9 93
59 160
80 20
5 159
87 114
41 80
72 113
28 140
41 34
30 199
84 129
42 179
64 150
42 187
14 56
98 44
63 164
60 111
89 136
5 146
64 72
22 26
97 150
2 184
18 77
74 158
59 71
20 20
48 47
100 190
38 127
63 43
72 189
28 179
35 151
58 183
65 120
39 92
60 127
14 31
10 48
80 86
57 33
83 168
94 96
100 178
49 110
65 78
93 24
65 173
50 69
13 117
31 90
36 96
52 21
54 130
35 136
79 86
88 87
31 143
56 188
10 188
58 157
9 131
6 136
36 96
48 100
42 55
48 46
59 133
64 152
47 174
72 64
68 170
11 74
53 60
19 17
23 87
33 136
7 196
31 132
59 188
96 189
52 35
86 143
22 172
99 73
69 197
99 10
46 153
12 178
86 173
3 50
42 117
55 194
26 70
58 99
35 17
73 18
66 130
22 161
69 148
46 144
95 119
70 186
99 156
7 96
72 132
57 129
82 77
56 36
92 112
24 68
60 132
61 150
11 127
70 147
82 63
42 180
16 132
62 115
92 94
85 176
52 155
95 174
44 89
77 103
92 35
2 171
64 83
24 26
72 17
84 162
85 13
87 21
91 108
61 179
30 163
82 17
43 194
24 42
13 191
1 134
28 13
39 81
41 158
22 154
69 63
74 176
90 40
56 33
75 45
21 199
15 126
6 169
62 68
14 158
20 184
10 194
80 188
4 95
9 50
15 193
87 154
97 27
47 92
66 102
63 100
59 101
67 162
75 155
39 69
64 148
31 17
14 46
12 26
87 163
50 103
99 93
25 69
54 96
30 190
32 79
29 133
24 91
55 137
16 171
62 52
8 159
2 50
8 26
85 72
7 179
92 59
33 175
12 180
68 144
24 135
79 59
77 182
4 46
80 52
78 59
22 140
12 182
61 130
96 80
18 118
73 127
64 188
95 73
35 191
68 196
62 186
52 14
76 58
4 136
75 63
3 42
90 111
17 151
52 75
47 111
59 157
49 154
90 120
34 49
30 40
51 158
45 125
71 17
18 71
60 103
52 152
12 78
83 15
75 141
5 126
19 10
97 39
76 115
65 50
49 27
90 174
50 152
20 66
89 12
61 103
33 132
70 124
49 20
79 47
21 197
78 121
9 50
85 189
96 188
67 29
63 46
37 168
79 150
49 30
98 180
86 199
29 195
48 30
35 104
6 119
46 82
18 164
74 193
11 81
41 10
43 108
23 146
8 153
92 138
23 109
31 81
44 78
4 44
98 150
90 157
86 27
9 175
90 30
82 147
70 62
8 30
42 86
99 147
5 12
11 150
72 176
17 115
20 162
96 139
9 54
61 80
58 82
38 182
30 53
30 52
90 164
12 39
19 117
8 13
60 56
68 72
20 173
29 41
84 185
40 189
40 104
9 190
43 41
80 150
68 176
93 11
59 174
25 116
78 153
30 101
65 34
18 77
42 139
90 192
53 88
5 143
74 117
17 180
5 36
41 62
72 116
36 53
8 117
81 85
99 59
59 87
15 200
70 64
56 51
68 130
52 20
23 135
78 81
47 23
37 177
65 198
61 155
64 85
85 103
82 48
93 90
42 71
15 138
82 113
18 169
28 197
80 141
42 16
23 141
19 78
53 59
11 82
43 193
33 97
96 194
60 199
47 128
52 167
8 28
78 138
62 53
74 118
69 107
55 127
7 154
45 75
9 181
70 102
14 191
91 150
33 15
45 178
98 51
46 174
55 50
26 165
36 177
49 109
62 72
65 138
47 44
76 175
15 37
76 193
92 19
95 59
66 115
86 198
91 190
67 15
42 132
46 198
77 117
28 199
68 41
32 77
66 94
9 143
87 14
55 42
9 119
47 181
32 197
77 180
68 62
21 77
45 127
67 138
94 105
64 142
49 158
41 193
47 146
11 12
95 157
74 179
30 46
4 188
73 60
42 82
46 52
99 21
8 134
23 43
84 106
25 17
79 117
60 137
94 72
97 30
35 79
25 194
44 123
17 96
81 78
21 157
21 30
83 165
91 117
96 72
54 160
90 89
31 81
19 44
48 93
21 162
9 108
10 133
67 197
37 27
92 189
12 106
64 163
88 198
29 40
93 190
80 161
37 25
44 142
79 163
15 92
34 36
31 160
58 176
30 188
49 136
83 150
19 73
40 181
86 79
53 66
79 128
71 132
84 36
11 154
22 91
48 112
47 163
27 40
45 33
71 16
83 44
24 200
54 148
16 74
79 179
33 127
38 69
69 138
23 39
53 12
26 193
43 29
57 155
73 126
48 82
12 179
37 136
21 129
45 192
5 17
39 173
78 127
90 52
51 105
9 177
7 110
68 139
86 35
83 133
29 60
100 118
51 195
90 82
29 92
99 73
86 185
4 30
53 99
34 98
75 56
45 120
6 150
10 198
17 104
69 85
3 106
80 25
21 152
23 185
47 20
70 34
62 187
49 150
61 30
59 23
24 59
15 102
73 36
12 37
41 79
94 128
8 138
97 177
74 144
29 132
82 11
81 142
2 107
94 149
42 25
64 157
89 13
19 175
1 75
26 80
58 73
40 48
62 145
24 116
41 137
31 194
2 85
51 51
10 15
1 40
28 138
56 24
54 106
53 44
54 19
20 182
45 155
78 133
73 80
14 27
96 191
89 18
52 151
82 140
87 130
7 71
25 166
58 40
29 154
91 178
47 82
82 98
49 170
13 133
67 95
64 105
13 172
19 70
