900
30907
48 122
52 76
13 54
36 25
26 165
6 40
95 69
31 87
14 165
70 19
84 157
44 38
51 62
16 21
98 83
38 127
60 32
34 23
25 72
93 123
45 87
63 189
55 137
20 22
47 115
96 40
4 69
31 199
63 165
11 40
89 85
73 64
92 147
52 80
92 160
25 68
83 39
91 86
11 31
35 28
36 62
8 12
94 13
93 45
72 60
92 187
61 34
94 159
49 59
76 108
96 54
29 84
73 85
11 148
10 140
79 199
61 16
57 24
15 15
90 98
76 157
68 54
43 14
60 83
69 126
48 76
76 42
29 64
66 23
9 82
30 140
21 13
62 142
72 131
39 158
97 55
68 116
39 24
54 128
68 12
44 153
29 61
41 33
37 198
31 18
50 103
36 22
87 20
67 172
9 37
39 116
60 41
15 169
55 130
5 46
73 132
2 39
18 126
76 64
61 103
82 71
29 39
81 199
73 53
97 63
3 42
81 188
21 20
95 189
23 91
77 184
47 142
11 185
89 152
97 64
8 167
85 132
1 40
31 45
11 143
21 88
53 77
95 100
62 131
34 20
17 58
39 187
24 187
41 47
95 114
2 116
38 45
89 199
37 132
35 84
49 60
97 69
2 188
72 74
32 151
98 24
52 49
43 184
75 74
46 81
87 126
64 149
22 148
37 101
69 39
8 123
96 36
48 143
64 74
18 39
94 62
79 43
52 84
57 118
81 100
4 110
1 163
23 136
40 90
100 37
55 142
76 100
76 109
36 98
37 65
42 163
41 126
44 94
80 176
78 120
30 168
76 133
71 124
23 108
81 116
90 31
31 31
21 102
36 83
70 51
63 12
9 92
44 163
79 53
72 51
80 111
12 141
31 35
94 147
43 93
97 75
4 144
89 100
94 51
82 194
99 79
79 187
11 85
67 53
82 121
24 62
46 67
37 184
78 21
29 120
77 71
49 30
35 179
36 171
28 91
58 119
59 44
12 97
12 101
14 198
68 81
89 124
27 80
55 71
71 143
51 15
6 33
4 138
20 133
90 12
10 65
50 18
93 88
63 77
18 189
36 159
16 113
23 22
98 127
98 187
25 170
29 179
19 66
33 56
59 151
42 123
70 77
41 106
18 185
39 19
8 190
78 120
26 197
36 35
29 21
17 163
91 76
70 161
26 159
53 107
66 79
60 29
15 142
88 172
87 165
72 131
91 155
90 135
19 124
7 76
55 25
53 163
59 106
81 174
22 28
75 66
89 47
69 97
83 161
51 94
79 125
84 167
38 76
63 112
49 197
94 90
69 116
91 176
9 131
98 125
41 11
95 76
65 76
60 80
45 125
39 120
84 184
45 96
24 147
40 57
58 53
3 124
4 103
60 64
89 99
32 143
58 56
84 147
48 139
82 43
25 75
12 43
32 38
70 33
52 144
51 101
41 94
64 126
44 120
5 89
52 163
86 13
91 177
30 69
64 22
61 127
71 100
1 45
3 153
15 66
92 100
24 23
54 71
57 170
24 57
8 95
8 186
83 103
39 140
77 195
46 11
100 16
37 88
87 66
81 88
6 101
86 93
13 84
33 92
49 44
55 132
90 127
43 63
68 56
26 40
13 149
89 37
10 96
23 88
85 68
99 174
69 200
86 195
8 23
60 131
84 15
41 22
47 87
46 193
26 115
84 124
58 138
91 47
23 38
25 46
1 160
19 129
100 149
53 100
61 121
29 28
72 197
20 82
77 63
9 89
63 28
33 152
96 175
14 152
27 30
36 154
89 96
4 75
27 103
76 55
96 51
69 110
46 147
100 177
44 73
34 190
13 200
10 110
15 198
26 100
94 182
66 181
76 162
30 25
15 85
71 139
31 181
67 200
10 108
13 22
20 103
13 102
4 46
90 80
86 193
66 55
23 114
14 191
98 92
88 41
62 164
91 81
80 76
43 185
52 200
70 199
73 138
8 33
48 115
51 130
46 65
91 120
77 141
44 54
94 143
20 20
39 73
10 97
83 42
24 143
58 102
29 88
37 93
15 188
92 80
44 114
31 100
47 28
41 167
31 136
16 11
54 146
24 74
33 166
1 54
73 104
81 127
68 112
18 132
25 109
98 124
97 71
4 17
13 58
65 175
3 38
92 85
67 12
77 121
66 137
40 189
22 130
18 115
70 128
87 115
59 179
75 88
21 157
34 134
83 18
31 138
50 31
14 173
51 132
7 71
16 177
47 182
53 45
36 91
11 30
8 196
13 18
42 113
63 20
75 187
13 21
11 200
34 161
72 176
2 16
83 111
57 151
33 86
82 41
12 88
62 136
58 175
74 178
50 192
50 197
88 58
1 99
42 77
64 142
11 146
14 175
33 129
19 98
66 60
94 178
17 13
92 143
74 184
41 172
29 70
82 89
73 67
47 81
88 70
77 156
42 197
6 102
97 62
47 23
90 126
85 189
18 16
91 170
96 129
17 174
94 147
19 56
37 123
28 23
37 154
71 168
71 169
32 188
59 149
79 31
14 182
48 84
22 134
82 175
36 89
14 199
76 59
18 93
68 155
67 142
65 98
59 125
80 110
44 194
28 55
97 138
35 190
69 103
35 58
68 119
44 38
25 93
16 183
56 144
62 164
14 156
44 153
67 24
33 130
34 116
14 197
96 60
19 42
69 135
73 86
55 38
5 142
1 60
79 38
10 46
34 29
10 38
19 92
50 101
26 111
17 105
41 23
32 16
21 168
49 18
72 105
18 93
19 192
5 82
35 190
29 163
95 81
83 172
22 158
64 104
64 130
8 91
58 31
74 157
72 112
91 55
66 122
41 149
24 183
73 74
57 108
43 123
18 91
8 64
64 168
43 50
92 165
35 191
87 160
45 65
86 137
55 134
57 177
95 97
1 31
39 77
86 81
82 147
53 177
8 82
55 145
39 53
35 132
40 59
68 10
74 130
50 37
34 10
48 87
100 80
19 48
79 35
17 53
30 104
46 117
24 28
8 69
64 105
6 157
25 149
46 30
19 121
30 21
6 105
78 90
16 137
61 176
18 189
47 27
83 19
100 17
12 171
70 187
1 82
21 42
79 33
47 133
11 18
55 137
39 30
14 177
24 118
89 178
46 94
46 68
40 10
43 143
20 65
35 73
5 82
74 97
56 146
2 35
72 146
24 59
100 108
46 136
31 178
99 105
5 172
92 154
7 161
35 199
89 21
85 145
87 31
31 31
28 10
59 95
51 131
83 82
16 49
37 196
66 197
8 195
91 161
26 196
32 18
83 62
35 169
13 32
79 197
72 170
93 91
39 47
33 15
35 181
34 48
82 83
7 156
23 93
15 99
72 104
42 110
100 158
55 74
75 158
83 12
59 141
60 121
88 144
60 10
14 102
35 187
15 20
89 26
62 181
79 120
75 12
25 49
62 36
8 147
24 176
5 103
55 87
77 102
65 200
39 116
88 184
48 150
29 139
45 30
39 127
25 113
14 173
11 175
19 35
27 173
69 46
66 140
61 120
54 73
26 80
54 96
34 147
22 120
47 108
39 32
7 109
86 92
15 61
91 165
98 188
6 200
21 60
12 85
5 187
20 64
54 198
60 84
41 158
91 67
95 51
16 77
72 31
10 53
55 195
36 41
60 111
16 77
64 88
79 126
56 87
68 163
77 19
91 15
76 42
98 32
36 144
53 50
52 75
98 169
61 111
67 53
55 152
92 19
10 40
77 192
88 108
44 187
27 10
44 73
91 193
17 140
8 164
27 95
16 198
1 71
94 16
10 96
20 86
56 199
77 139
21 61
57 79
23 46
99 62
79 155
85 75
30 78
11 23
81 171
67 11
36 10
38 118
5 97
89 11
9 33
58 117
78 190
46 190
25 88
43 34
93 158
6 126
3 28
10 42
9 167
1 87
66 150
67 195
6 136
35 142
53 115
8 122
69 99
16 43
20 37
58 198
12 47
14 111
15 98
81 123
37 105
16 19
96 10
22 94
30 193
27 129
93 31
22 177
78 130
16 42
74 18
22 173
58 173
78 114
90 69
70 191
29 149
90 12
26 62
57 83
2 18
20 131
