900
34106
56 110
11 123
1 79
89 186
66 127
60 153
20 113
93 61
93 54
9 151
29 52
58 69
72 60
100 89
74 131
33 181
13 79
99 40
95 87
84 71
62 190
49 59
50 162
6 166
79 34
11 36
52 119
76 42
70 154
82 42
92 73
63 166
65 179
36 200
66 58
16 86
30 20
85 15
5 128
15 127
12 177
5 168
56 148
65 157
51 37
4 113
4 144
69 63
25 186
19 118
94 61
71 63
54 20
71 159
67 120
19 141
67 63
85 101
56 60
15 92
15 62
94 58
54 47
81 132
31 14
28 113
26 141
46 185
40 94
66 110
57 119
11 101
82 117
94 87
90 51
12 54
34 54
73 150
80 113
37 79
7 65
75 166
81 176
73 189
64 191
71 100
68 13
99 114
12 81
99 143
51 178
53 124
20 142
59 185
22 169
77 60
61 48
77 76
81 75
86 117
18 194
6 57
92 103
43 22
37 16
10 74
69 141
32 45
14 31
65 122
19 78
77 160
72 175
80 46
41 37
93 27
6 27
7 27
65 63
38 94
84 104
85 167
82 135
47 127
51 60
57 191
69 106
59 142
7 76
3 80
83 195
79 107
34 73
100 80
98 84
21 149
9 119
75 176
49 173
76 113
44 133
9 163
95 93
38 148
30 88
53 195
15 128
17 129
59 80
1 17
39 93
23 41
91 178
61 117
59 96
77 111
47 67
16 177
64 181
55 147
45 63
44 16
26 54
21 76
26 94
97 105
11 198
37 100
88 16
25 119
78 162
58 65
40 88
100 163
7 139
37 139
28 182
84 141
53 173
90 101
58 85
53 64
86 166
39 76
4 121
19 178
92 17
63 151
85 70
75 52
5 67
45 70
88 45
81 29
62 155
6 135
48 59
90 55
29 127
21 135
15 42
65 108
91 169
33 81
10 87
13 116
65 79
54 110
26 141
9 129
95 33
20 169
98 15
99 104
85 122
82 168
12 91
46 165
48 120
93 107
69 69
61 187
67 13
11 72
16 80
87 162
42 98
91 170
50 195
24 186
36 104
24 199
96 37
45 143
35 138
93 166
13 15
55 140
1 50
40 161
87 159
28 114
71 81
11 117
78 35
80 93
94 127
8 59
97 36
58 105
38 85
91 149
54 80
98 29
75 11
11 81
33 58
95 45
83 31
87 42
68 83
38 140
67 41
23 157
41 82
64 153
12 155
89 36
34 61
25 155
10 135
61 54
5 115
32 143
32 87
12 189
56 126
46 135
66 119
3 189
38 168
69 112
26 197
99 190
84 105
35 197
8 164
82 14
55 122
96 157
60 38
79 39
56 114
22 142
81 58
60 77
28 119
99 173
57 188
79 191
94 44
11 195
11 85
56 124
46 111
66 25
5 70
100 122
42 135
77 78
96 60
76 193
35 129
79 104
67 54
88 120
64 146
4 32
23 145
65 51
15 195
59 85
20 153
63 25
30 141
10 148
76 87
94 179
92 13
54 188
33 65
6 180
77 116
10 179
36 38
32 140
17 115
13 182
67 46
86 139
4 66
35 118
91 57
80 111
64 126
93 153
61 197
92 105
46 78
1 180
6 36
57 188
98 119
82 75
22 39
18 174
44 70
85 184
15 115
83 67
43 37
41 25
50 72
90 150
85 189
67 123
42 148
73 128
68 31
100 81
53 21
39 79
5 36
38 111
60 137
57 125
51 13
56 114
42 149
73 150
54 141
91 44
45 76
91 29
97 32
57 149
8 51
95 25
88 135
25 158
85 73
95 110
2 72
83 59
18 67
53 159
23 158
48 15
51 65
80 93
8 198
37 136
83 22
44 108
67 87
61 80
38 80
11 145
79 130
23 65
88 136
4 109
21 149
38 79
34 68
28 160
98 37
74 30
91 55
34 78
12 58
57 108
78 174
40 196
68 190
39 51
17 179
69 106
98 184
32 115
10 183
36 169
52 27
71 42
15 186
83 130
57 51
57 197
27 51
96 26
9 102
49 33
53 182
77 112
62 71
64 108
98 174
94 123
88 100
36 75
68 15
6 181
76 183
50 110
100 140
26 66
3 135
62 140
92 16
36 90
50 63
28 165
83 72
95 55
93 124
74 12
25 128
35 24
97 25
11 51
68 151
42 14
36 156
1 147
31 12
44 93
60 101
27 175
40 42
24 73
89 194
8 151
68 51
82 70
23 162
23 44
98 200
41 71
55 197
69 163
78 29
73 58
14 177
20 166
58 11
91 25
95 65
50 159
9 73
8 104
100 142
14 54
30 189
99 100
65 13
99 79
37 153
74 124
91 195
28 114
21 74
40 193
15 104
92 90
14 170
22 149
79 177
85 175
23 36
63 74
87 26
51 166
49 59
46 67
90 190
35 67
92 92
86 82
19 47
68 111
12 131
93 113
34 187
58 47
38 85
6 181
15 114
87 55
18 25
39 37
60 37
44 108
58 74
53 149
56 46
18 187
12 33
94 21
74 109
98 57
4 64
90 109
51 170
99 11
85 24
13 24
57 96
36 60
70 127
24 100
61 92
26 11
85 191
46 166
5 36
68 40
8 131
85 84
41 30
15 11
90 89
28 50
74 12
79 165
49 43
90 126
86 191
68 31
73 122
13 130
93 92
60 162
64 96
100 144
72 31
53 172
76 94
99 49
97 162
41 179
91 181
25 34
30 73
28 47
57 50
85 22
72 136
46 53
22 147
64 14
90 168
60 123
93 37
76 95
31 122
51 11
25 66
45 192
96 35
24 58
48 75
11 196
53 158
20 123
44 143
29 77
65 74
87 104
37 136
92 117
54 154
68 114
86 199
100 160
40 163
100 12
44 170
28 131
82 123
49 189
21 25
18 96
79 84
64 62
82 76
32 159
41 99
93 180
27 56
52 95
54 123
37 90
100 136
30 187
95 121
17 72
62 127
87 160
72 65
4 89
62 176
71 130
13 143
98 52
53 58
84 36
34 191
20 75
75 186
42 41
28 162
87 191
22 131
44 157
94 94
1 195
33 173
39 93
63 135
87 104
100 120
90 52
87 181
26 31
89 161
33 188
15 81
40 120
98 16
80 134
29 44
68 81
93 130
48 45
3 18
77 16
21 55
5 180
24 186
76 60
49 133
25 115
43 46
47 185
66 34
51 131
18 67
65 163
79 96
47 48
81 138
18 59
27 15
9 73
87 166
97 30
94 18
52 129
6 27
12 80
95 11
75 141
55 181
59 116
18 169
45 38
31 196
26 30
37 98
73 170
67 19
55 113
9 200
9 36
4 60
45 136
85 151
84 123
84 172
87 185
68 88
51 184
89 172
56 111
74 185
80 82
51 24
93 128
50 23
52 137
40 50
9 184
96 19
82 138
66 128
45 23
94 168
92 151
36 83
90 140
79 96
89 35
61 44
47 87
47 146
89 40
72 169
100 116
96 183
67 147
52 151
76 111
51 56
47 61
13 189
63 57
66 163
71 97
31 68
62 128
14 101
21 163
58 39
94 137
98 118
56 137
16 120
90 121
92 160
49 173
66 27
4 88
95 16
89 171
62 72
82 107
35 98
78 98
52 27
32 47
21 99
72 94
8 162
82 57
89 141
19 159
53 190
20 190
89 87
50 69
23 77
54 108
60 126
94 49
1 188
76 122
34 130
36 107
58 31
80 61
73 75
54 148
88 68
88 197
66 175
3 153
32 105
90 48
77 63
88 92
84 171
90 67
30 193
17 138
98 147
88 126
91 10
52 29
48 48
90 185
16 155
8 154
74 141
47 195
92 129
86 17
57 18
3 141
80 186
98 110
39 10
73 200
83 100
97 155
14 69
63 191
93 51
48 81
10 172
79 13
86 63
33 50
45 20
97 172
14 58
85 39
70 197
26 187
70 89
67 99
74 142
90 154
54 133
15 76
14 49
89 23
85 168
64 62
32 126
71 160
87 193
41 109
8 196
82 157
73 130
17 152
60 95
98 168
10 12
40 64
6 200
54 89
92 123
57 36
96 127
31 108
73 83
67 22
62 15
14 70
31 189
78 111
56 138
5 197
24 50
93 69
15 46
69 137
51 51
40 161
