900
31590
71 15
1 58
83 79
68 197
55 66
25 128
24 41
62 44
99 60
31 117
38 80
82 108
15 105
22 68
63 84
72 26
65 28
77 24
9 111
92 101
38 27
3 26
45 170
96 111
26 85
36 197
46 149
96 96
29 153
29 70
93 10
92 146
36 61
79 48
7 74
69 185
25 196
50 36
83 101
57 59
21 157
82 20
73 125
69 131
39 156
21 109
25 81
98 178
96 153
78 137
47 35
82 124
65 200
79 90
2 134
45 123
78 39
95 133
98 111
96 80
44 52
18 37
42 33
74 184
74 27
92 142
75 88
55 159
49 194
46 44
66 167
60 130
55 98
30 29
20 58
62 65
55 170
15 47
52 21
68 33
36 188
38 85
55 177
1 105
73 11
34 187
84 67
46 65
27 122
46 107
97 104
12 130
79 165
30 25
4 142
92 117
28 111
9 61
65 120
59 190
83 120
16 121
63 188
98 114
75 56
38 25
51 23
31 85
85 192
55 162
45 142
1 69
73 112
14 19
82 128
95 13
43 67
61 96
23 193
82 77
60 71
51 16
99 173
3 176
35 189
60 92
51 164
10 145
90 120
35 61
15 196
85 98
85 62
2 149
16 129
10 168
43 62
45 115
49 18
4 14
10 49
2 47
97 152
100 30
76 22
54 51
31 174
58 29
78 48
47 169
6 194
37 47
94 15
46 66
25 61
48 53
97 13
97 157
9 107
58 119
99 165
99 131
33 51
35 147
82 194
68 58
54 67
9 183
35 181
41 186
54 18
77 178
63 37
84 51
49 141
1 39
58 180
51 150
28 148
13 19
25 25
14 58
68 191
27 120
78 14
73 54
79 17
15 84
99 143
55 32
84 50
42 15
60 63
75 12
43 194
56 73
55 111
11 16
52 133
74 31
96 170
63 65
41 143
44 199
49 128
85 88
86 19
37 54
56 154
18 81
34 32
25 22
26 108
89 167
18 41
49 115
96 19
42 38
80 134
59 195
2 67
20 73
16 82
74 73
95 125
19 17
49 154
14 64
51 122
87 84
9 132
65 55
15 129
15 124
12 111
46 142
84 175
63 30
45 144
41 123
41 108
95 158
73 51
36 13
93 141
97 97
76 31
57 128
19 74
19 100
21 110
31 21
97 117
27 157
52 94
35 36
8 78
37 185
31 23
96 71
21 114
72 122
61 157
57 77
31 63
23 12
24 78
57 161
69 172
81 141
58 92
60 123
53 33
78 138
82 37
30 95
5 16
83 190
48 86
69 40
59 187
27 155
59 15
30 24
42 120
61 53
46 193
54 147
89 143
77 57
56 136
28 126
80 172
40 112
10 111
15 169
56 56
97 113
37 187
90 25
80 172
75 35
11 141
8 113
60 181
69 64
95 188
15 174
38 40
54 70
21 168
89 31
69 54
91 191
23 153
63 170
11 14
78 21
93 20
19 96
31 54
40 22
27 37
29 127
99 115
73 158
80 35
72 138
34 121
37 187
83 160
23 199
87 71
38 162
41 135
31 167
42 11
58 20
48 147
40 55
9 197
50 91
82 156
60 186
53 165
91 174
51 200
41 182
81 130
64 131
70 20
9 121
77 34
30 48
42 160
82 61
13 16
91 144
6 105
52 15
15 87
51 156
69 94
54 124
99 190
38 96
39 116
4 63
98 52
24 119
3 47
24 160
55 35
35 167
61 154
46 138
7 102
49 194
48 117
99 37
34 181
2 192
20 94
51 43
92 105
11 162
93 129
37 75
58 28
10 17
35 105
5 17
59 112
2 179
97 151
86 162
30 12
50 120
97 41
54 159
83 182
67 157
8 68
24 12
28 130
21 169
6 77
26 116
85 123
40 80
75 152
32 124
90 19
76 123
50 200
7 84
60 14
4 44
79 156
29 29
36 46
21 114
60 88
73 174
61 103
85 10
13 104
28 157
94 200
25 177
70 130
4 34
67 61
58 77
75 49
17 186
26 153
7 183
71 58
27 109
91 123
24 26
56 127
71 111
63 58
100 172
58 55
80 192
8 167
1 177
49 192
32 48
1 194
100 13
81 139
82 195
10 125
19 116
80 84
28 144
24 83
74 27
61 105
44 41
17 175
19 108
81 97
16 124
37 50
53 53
44 131
74 50
89 170
10 113
19 106
68 157
39 27
60 38
84 24
46 180
45 118
6 193
66 90
28 170
71 19
38 102
82 176
51 148
61 111
70 179
77 32
24 149
15 159
80 11
40 15
29 30
6 74
28 173
1 100
2 191
18 115
71 116
87 157
67 37
51 137
37 69
51 161
19 71
86 64
97 149
86 150
17 113
42 174
2 128
7 190
13 36
65 22
100 145
44 188
35 40
39 174
2 118
23 151
29 38
89 57
43 158
80 145
94 47
50 87
46 123
62 52
87 149
91 164
45 71
6 181
85 36
15 141
84 38
85 183
5 37
84 131
7 109
41 186
17 156
25 175
43 193
69 44
13 162
65 187
1 179
74 133
92 16
71 30
47 25
21 80
33 178
94 181
32 88
20 23
8 116
65 34
72 200
22 46
1 164
70 86
78 198
47 63
9 196
82 77
10 52
15 123
58 64
79 60
61 73
74 60
96 96
95 40
65 26
19 53
40 198
4 77
20 132
64 83
67 36
32 175
2 136
35 12
35 43
22 146
85 126
56 149
36 65
51 85
18 24
73 115
3 143
10 64
56 130
18 130
78 75
23 154
7 129
26 90
56 46
64 20
59 56
5 189
64 61
78 176
33 87
59 99
59 105
78 134
27 51
71 23
10 174
28 59
52 96
87 151
97 118
45 138
11 156
53 141
44 172
100 137
18 112
72 136
18 69
82 80
47 163
30 134
63 12
29 147
89 35
58 116
41 65
89 86
9 66
29 132
45 129
94 20
7 50
15 131
93 36
85 149
41 200
29 90
15 193
98 126
17 175
81 20
25 26
95 21
37 61
85 171
11 138
34 197
52 193
96 145
97 200
74 41
16 130
71 189
72 58
69 20
100 49
88 154
58 167
86 35
20 77
15 142
61 186
53 65
28 102
58 34
45 80
81 90
11 46
77 91
85 129
42 83
25 53
49 115
71 146
47 24
63 14
98 169
80 10
61 48
4 57
19 145
4 164
12 137
75 39
98 24
76 107
84 44
51 58
47 134
28 190
29 157
34 71
32 111
44 20
82 122
38 194
42 126
44 47
75 191
26 165
22 27
21 163
69 82
9 133
26 157
71 28
43 136
59 61
98 16
30 21
58 105
34 70
17 138
30 12
14 115
45 187
58 193
57 77
100 177
79 33
50 57
35 14
15 195
72 107
4 71
66 35
64 101
20 103
75 165
23 75
36 155
42 186
13 85
35 146
82 38
29 37
47 82
90 104
36 127
68 118
68 178
66 76
84 32
90 18
2 22
24 176
59 112
57 178
35 99
94 127
71 85
29 172
58 142
49 61
69 55
13 71
81 181
98 102
13 88
66 110
6 129
16 126
34 110
42 26
59 111
93 139
77 143
20 18
71 106
10 200
54 182
53 36
3 88
45 70
10 79
29 95
68 111
59 134
96 19
68 86
16 58
56 174
43 147
68 144
66 65
64 109
72 182
91 42
43 189
94 176
75 78
65 12
47 87
81 117
98 88
16 29
51 88
76 39
72 86
64 123
31 92
32 196
99 59
53 78
75 18
20 45
82 170
77 39
77 161
18 183
59 37
2 139
91 179
33 14
41 42
18 84
9 154
70 77
23 72
24 124
28 80
98 14
40 143
21 88
12 118
53 81
5 130
71 196
29 77
72 20
57 49
88 173
1 94
6 163
60 19
76 118
22 130
11 29
1 195
3 20
62 184
4 200
22 131
28 74
67 48
90 80
93 45
15 123
3 149
43 89
16 82
63 151
78 18
80 71
97 71
95 18
83 87
11 13
95 49
56 36
58 31
90 63
77 21
85 165
1 197
89 160
61 72
9 28
64 154
100 97
34 149
23 63
54 140
75 171
72 107
46 58
18 183
40 133
60 82
97 144
2 115
62 200
46 38
65 193
23 136
90 170
2 14
67 133
5 41
85 131
