900
31450
94 169
78 40
23 162
13 49
61 92
6 157
18 193
72 18
31 53
3 177
27 101
2 54
36 139
40 37
42 139
71 158
42 128
31 109
55 145
36 69
97 43
31 121
67 63
11 45
83 15
91 13
31 12
5 34
33 121
65 159
54 66
53 27
12 172
23 93
57 192
28 11
48 183
9 90
48 86
53 178
22 102
2 157
79 139
99 127
75 76
36 175
50 58
39 97
31 61
16 75
70 148
8 167
10 187
37 46
86 53
51 89
12 66
7 103
93 13
31 68
5 19
95 161
83 109
71 141
17 27
9 111
73 69
71 100
41 107
22 46
76 107
26 168
10 48
24 27
84 106
23 177
63 167
55 164
68 96
66 158
22 46
39 69
45 110
96 44
45 153
84 148
45 168
36 153
10 123
67 112
67 161
93 71
21 89
44 162
22 191
86 111
48 158
53 97
98 86
53 107
4 99
97 130
39 119
9 93
8 174
97 176
70 109
99 22
77 24
96 47
68 160
86 127
7 17
83 95
26 149
46 80
12 157
94 51
87 59
76 106
17 200
98 58
90 43
57 85
83 86
46 113
27 133
96 127
68 66
99 183
20 177
62 110
50 149
13 27
3 170
64 184
100 181
54 109
32 104
72 149
43 94
76 46
81 60
97 110
34 37
66 185
5 86
54 54
70 125
8 74
59 88
4 118
64 192
59 153
99 185
47 54
34 153
65 134
32 73
11 45
11 19
74 103
41 196
34 89
21 62
97 136
98 170
88 56
63 77
20 81
70 129
11 50
4 150
89 28
18 108
92 48
13 10
70 180
40 33
1 10
75 51
78 177
19 174
37 30
63 125
95 65
22 116
16 184
91 186
20 101
36 43
41 159
50 121
72 50
56 50
65 150
5 128
79 69
96 12
33 112
20 169
28 105
45 23
53 31
15 117
85 169
18 56
6 28
54 19
81 139
89 68
25 41
55 30
78 119
74 30
51 119
18 69
13 154
1 115
47 16
98 24
19 46
16 165
15 110
94 189
67 61
57 64
34 39
68 121
59 63
99 111
55 130
18 138
60 154
70 140
60 31
56 185
77 133
32 173
94 84
22 124
66 26
85 156
12 106
6 139
38 29
28 17
96 181
68 99
87 71
44 136
76 27
10 57
38 28
67 134
14 137
10 63
41 10
62 71
60 40
21 69
16 154
63 90
78 190
28 75
14 31
12 17
2 190
80 11
72 23
13 83
30 32
21 33
64 20
18 111
11 96
22 179
12 80
72 134
22 15
50 116
85 82
90 119
38 33
94 169
3 60
61 86
39 84
66 152
48 39
66 65
83 12
100 116
24 153
37 181
95 126
74 40
90 47
35 136
73 135
76 75
26 40
52 135
36 125
2 146
12 108
59 187
77 134
38 39
60 18
84 14
43 124
88 96
19 152
13 160
43 120
59 65
20 74
41 171
96 171
6 120
95 83
22 140
66 189
83 45
7 63
38 193
84 159
86 44
9 31
53 116
23 39
65 22
26 186
18 141
35 38
98 171
92 111
95 177
38 158
6 102
64 73
66 114
13 193
9 192
28 26
42 153
72 104
16 25
10 134
26 182
15 93
41 100
54 200
45 102
26 123
22 191
13 152
41 59
55 66
74 88
52 105
18 191
19 189
16 109
94 26
43 78
21 184
81 74
98 133
99 98
88 128
96 180
61 200
95 85
38 82
83 127
77 121
5 50
100 170
54 183
80 112
57 181
82 84
73 47
92 190
39 78
85 150
8 108
12 124
98 42
18 102
32 49
26 168
32 65
32 32
88 32
23 12
15 71
65 31
43 129
38 112
21 157
1 87
15 12
10 134
13 56
9 112
85 157
88 180
8 180
46 44
45 39
17 190
54 28
10 109
39 98
35 23
52 23
56 47
55 149
22 57
87 41
81 68
63 194
53 199
77 108
48 140
100 83
25 190
9 40
41 93
10 52
49 170
100 188
75 81
61 14
77 65
24 58
55 60
87 174
87 73
26 71
45 118
77 120
9 64
7 104
21 65
84 14
48 128
53 46
41 25
13 37
58 48
77 85
67 143
36 18
87 23
78 116
99 12
22 71
19 98
34 161
75 143
71 99
52 73
11 97
100 125
96 161
46 16
33 63
30 105
70 192
89 64
31 11
46 134
6 69
81 102
89 174
64 29
56 21
47 193
37 22
62 50
3 157
8 99
22 115
62 43
57 190
53 94
88 24
32 132
94 196
34 48
10 38
25 157
34 111
16 57
27 162
46 27
40 56
57 47
1 80
18 115
67 122
96 185
33 160
34 27
41 14
73 81
91 11
55 170
24 157
31 128
52 191
18 170
79 33
32 54
82 191
82 143
75 149
12 16
96 103
86 60
65 61
41 165
68 24
77 152
18 129
60 189
11 38
83 22
3 17
69 116
24 97
67 115
25 158
28 28
59 100
84 45
42 87
25 55
91 77
35 137
27 60
42 102
56 105
63 117
14 99
86 149
68 180
70 154
7 145
54 190
63 52
8 12
67 26
6 46
75 102
76 80
52 107
70 148
33 113
25 118
26 94
49 173
44 77
44 49
95 76
71 119
46 146
24 157
56 177
1 140
35 138
63 22
46 134
48 75
92 97
8 120
14 81
70 92
10 59
16 156
92 78
10 49
83 49
88 190
3 126
74 186
88 160
75 140
14 55
50 15
10 39
90 64
61 105
77 128
76 195
22 155
46 101
62 92
64 39
42 74
72 112
30 147
55 40
32 34
95 87
54 122
92 119
53 25
52 94
9 87
50 78
99 129
66 107
94 174
66 129
16 168
63 182
76 13
23 112
12 194
85 34
89 151
74 174
97 127
67 83
94 38
69 160
83 59
7 106
86 155
65 160
6 91
96 78
75 27
4 146
100 31
45 11
36 59
9 163
43 199
27 78
47 13
62 15
64 128
65 154
69 61
47 189
73 39
73 150
56 175
60 76
12 182
39 13
62 170
60 23
85 200
33 30
54 169
87 121
53 199
30 193
4 121
54 124
12 63
62 141
26 179
22 96
63 52
70 157
98 59
66 157
41 184
56 38
72 162
100 196
8 103
53 40
37 139
26 35
39 83
58 140
31 97
70 20
10 198
42 151
49 62
24 160
47 100
30 77
17 131
12 87
60 56
77 181
10 21
87 95
55 147
60 182
20 81
20 110
36 136
17 199
56 172
38 94
41 68
83 145
68 126
61 84
7 164
72 36
51 12
20 50
26 99
35 94
67 172
60 32
7 47
96 178
82 24
86 186
5 113
82 135
60 186
80 161
12 63
39 88
5 182
91 44
33 61
90 88
83 24
96 35
72 186
2 63
52 90
54 22
90 192
13 117
90 19
82 159
58 122
21 140
60 192
55 196
45 127
32 88
91 178
53 67
41 186
86 152
17 149
92 176
97 49
68 161
15 94
36 56
12 117
74 101
3 26
17 15
64 118
43 169
97 33
74 166
98 73
30 49
80 100
27 83
47 138
77 182
61 31
63 24
50 34
56 153
74 56
73 200
86 67
32 115
17 34
87 119
95 35
73 128
31 164
8 71
97 70
43 92
27 132
18 192
84 58
69 195
55 154
5 56
38 200
8 100
99 173
63 11
81 172
42 36
53 174
5 19
58 53
17 169
98 22
3 196
57 32
19 193
50 52
64 181
31 111
35 93
5 36
41 57
15 159
97 55
41 168
35 72
53 35
86 11
49 42
57 159
34 187
33 197
4 88
89 189
88 117
99 12
92 132
48 160
12 29
85 80
82 68
52 75
68 120
96 186
64 132
77 115
62 11
89 110
11 138
32 171
89 77
58 126
41 179
84 94
70 103
12 114
55 86
52 127
58 39
81 180
45 138
18 99
32 116
10 82
64 81
13 62
89 17
12 104
95 198
2 189
28 139
10 102
88 33
51 28
41 66
38 189
37 87
27 25
99 126
61 88
87 174
75 70
56 127
47 38
42 102
52 141
20 97
42 137
38 114
78 43
40 47
5 157
35 163
51 32
16 152
19 122
20 93
80 160
81 77
5 105
7 174
24 55
43 139
87 194
31 53
34 181
21 62
