900
31733
65 20
31 15
79 126
78 133
33 89
91 136
95 84
52 37
94 92
4 77
67 141
14 85
33 57
24 162
24 97
51 32
1 131
97 35
72 66
92 48
70 111
78 39
38 191
85 195
25 50
12 179
32 187
51 93
65 100
55 192
34 22
36 107
40 182
87 115
57 183
8 173
22 170
10 35
93 144
42 194
61 44
50 127
68 94
16 27
29 80
87 121
100 55
41 156
90 80
39 194
8 169
76 64
42 102
95 124
13 111
11 122
34 198
34 85
96 70
56 31
27 111
30 49
18 53
27 143
96 60
55 187
60 46
30 146
49 36
69 40
52 160
1 148
14 16
14 108
54 76
29 73
30 95
77 147
96 159
60 38
21 83
13 149
44 75
60 136
10 77
94 105
50 78
86 68
31 149
46 89
44 109
39 41
91 192
3 14
49 199
31 136
83 69
43 123
5 197
50 179
45 168
97 157
89 179
63 126
93 47
45 189
1 69
25 112
9 184
97 168
67 122
17 28
7 67
25 138
77 73
98 175
14 17
80 94
48 157
65 164
40 15
79 143
28 84
86 125
98 94
20 34
24 48
13 150
49 108
51 72
47 178
98 94
26 156
67 17
20 72
94 65
88 124
69 184
52 19
77 183
100 81
1 173
65 20
19 87
23 200
9 51
69 53
17 21
29 19
32 72
36 129
7 43
15 71
15 80
54 24
26 76
10 69
51 53
32 132
98 19
2 180
30 143
66 107
14 31
22 200
46 91
51 132
20 123
32 103
27 177
19 78
28 109
46 168
23 54
66 173
78 71
29 104
51 13
89 183
71 186
52 16
17 71
29 197
68 47
97 28
91 164
52 183
64 191
25 77
79 166
47 22
41 134
92 103
56 158
63 148
59 166
26 195
56 79
100 185
79 87
17 49
31 45
22 133
87 134
87 35
21 62
17 133
43 66
17 19
20 61
80 117
13 165
13 118
17 30
11 29
11 184
89 70
15 160
72 115
39 117
24 185
11 51
37 104
25 178
21 35
36 17
93 20
52 94
64 180
76 36
45 91
97 179
33 58
49 174
50 136
39 77
62 147
59 173
20 194
58 189
83 118
43 65
49 150
95 38
13 41
86 73
42 143
51 94
60 30
19 169
12 79
97 30
37 60
15 169
7 159
78 191
77 93
38 121
22 87
32 171
2 88
58 194
87 92
90 173
34 129
19 125
45 113
95 70
39 116
5 71
24 88
50 67
21 45
91 72
88 138
89 18
87 120
32 76
92 85
13 200
71 144
29 178
63 21
3 160
37 33
88 149
62 81
24 170
91 17
40 120
1 11
44 36
65 105
70 72
52 75
93 106
28 73
78 18
17 20
56 183
75 80
54 132
59 18
29 72
47 41
95 130
10 181
40 56
88 67
28 48
97 99
28 51
31 127
60 33
83 121
67 153
57 120
39 83
93 80
47 89
25 30
14 188
75 128
50 49
89 130
68 125
8 19
9 68
92 56
28 55
71 29
6 115
93 28
83 165
82 24
28 127
44 11
92 156
24 14
37 50
3 80
36 163
41 165
43 142
70 22
44 43
95 58
2 22
38 32
4 151
94 166
92 153
78 24
25 59
11 197
65 101
96 40
87 181
9 109
90 44
14 33
15 93
77 108
30 62
91 129
22 115
59 160
62 86
37 168
84 45
17 169
12 122
88 81
71 99
67 49
63 163
49 143
72 91
10 40
3 189
92 10
85 104
99 60
87 162
21 133
63 20
49 105
21 189
91 197
64 36
67 142
35 192
55 191
43 26
51 18
57 116
70 151
58 41
58 139
4 161
82 199
37 17
80 126
65 160
31 153
76 121
6 154
13 149
80 101
68 140
76 156
50 38
98 172
10 128
46 111
81 49
56 18
95 38
88 53
49 89
92 94
81 92
46 112
19 11
44 101
7 23
65 126
30 89
93 76
60 150
84 181
1 61
99 192
88 59
44 144
15 184
40 67
36 129
33 132
32 159
84 180
88 18
49 170
41 158
23 99
25 42
67 157
25 99
1 105
43 84
85 15
96 23
74 105
30 137
82 95
46 50
89 20
53 55
84 171
91 150
64 188
26 113
24 187
3 90
6 88
96 172
49 79
69 181
53 195
5 75
57 31
83 188
68 85
40 19
94 119
47 38
60 191
2 66
100 153
59 57
97 12
91 123
87 20
56 50
48 29
15 74
28 166
24 29
19 133
64 37
29 171
8 170
34 64
65 142
27 101
23 184
100 134
100 101
36 165
24 183
76 177
62 61
20 141
94 134
26 22
35 12
6 193
92 21
100 14
81 113
28 90
39 18
46 73
7 150
82 91
35 63
57 174
64 140
27 188
68 70
51 46
70 20
57 42
12 75
32 97
90 20
2 137
19 156
51 48
14 65
64 119
91 198
47 124
97 90
34 139
25 183
68 120
53 146
59 96
57 50
25 129
34 85
45 140
78 12
64 51
6 82
84 49
36 35
4 189
77 199
99 18
28 59
77 33
79 48
76 33
66 53
22 198
48 88
48 92
4 165
21 138
43 192
52 16
44 189
22 142
13 63
38 177
53 107
72 76
47 52
79 166
10 189
27 153
47 17
41 92
21 27
71 186
17 86
34 118
70 116
100 53
96 56
72 151
39 16
83 51
42 66
81 58
58 41
85 77
72 176
3 52
79 94
13 183
23 13
44 63
90 101
86 99
62 11
81 119
90 135
66 200
61 23
44 73
63 39
50 115
40 90
20 176
38 83
96 192
100 178
28 64
95 21
40 149
96 184
18 117
99 126
85 126
35 60
11 33
20 31
19 144
51 112
19 178
88 126
41 72
89 91
2 43
76 133
91 15
100 189
27 153
23 145
24 14
82 123
2 30
51 119
58 136
98 109
35 21
47 152
15 22
61 79
75 84
73 174
100 50
7 31
27 168
74 62
99 36
69 64
37 69
66 37
79 165
35 86
66 172
7 19
31 119
62 84
25 139
6 91
19 113
65 65
91 127
74 63
99 150
5 125
25 154
39 36
30 162
42 179
55 136
58 136
5 105
17 54
73 40
62 44
64 34
56 182
1 159
18 62
27 179
28 10
74 143
66 111
25 69
59 109
58 118
49 159
35 80
70 90
89 91
90 134
71 158
92 33
93 62
95 106
73 94
38 55
78 65
47 159
81 125
10 95
50 18
42 80
33 103
68 94
15 64
23 155
75 151
40 186
75 184
32 158
77 200
22 24
14 193
35 22
7 33
94 92
3 35
95 170
85 132
86 133
13 113
22 39
73 173
36 125
43 154
81 125
37 179
19 25
20 55
13 71
97 150
74 105
9 114
32 50
62 11
1 97
21 78
56 129
5 117
15 52
62 123
38 14
99 148
79 180
88 71
48 137
70 48
22 160
79 57
57 62
59 182
96 86
52 150
79 42
19 72
35 94
49 53
6 144
93 187
66 122
26 17
65 146
15 46
74 18
76 12
41 55
86 155
23 92
87 111
66 32
59 196
20 76
22 183
81 155
52 157
52 124
50 124
91 47
86 107
35 68
35 80
59 81
82 176
90 15
14 125
38 191
31 86
89 129
47 101
92 171
79 101
50 137
34 143
32 104
5 187
87 64
13 125
6 31
90 91
10 135
66 104
45 37
98 41
17 147
56 156
57 187
95 165
52 77
92 94
19 111
8 47
63 179
21 34
46 43
45 71
74 191
2 53
35 143
48 105
67 85
60 132
97 74
29 141
90 123
20 131
74 103
98 139
11 93
93 172
60 42
31 44
86 60
78 138
86 148
90 54
64 51
30 64
65 118
2 70
11 166
73 172
57 188
51 29
25 22
35 11
16 43
50 55
17 197
79 198
29 141
34 16
39 101
80 47
29 60
43 80
76 32
95 175
32 157
22 18
77 155
10 185
32 167
53 86
30 37
31 135
19 150
84 132
8 14
15 78
81 13
1 129
66 187
86 188
11 123
1 96
1 131
1 56
79 78
87 41
15 181
65 128
9 136
20 91
32 112
77 43
86 70
93 144
18 171
28 78
14 175
77 175
90 169
17 40
60 43
13 144
2 42
80 189
70 192
