900
32416
86 67
72 52
54 134
33 47
24 173
90 128
93 161
49 18
82 187
61 83
2 189
40 121
84 186
27 123
59 122
50 112
39 33
92 122
67 185
83 36
15 148
90 164
68 23
22 59
78 98
10 161
94 24
86 151
18 122
62 190
83 85
33 43
23 116
66 158
13 146
95 110
38 192
44 129
47 107
46 195
36 136
31 27
87 59
16 194
7 59
49 53
62 186
7 163
47 182
62 17
54 111
8 152
65 152
75 170
90 42
89 135
6 22
66 184
62 159
16 179
85 157
85 75
66 84
45 102
16 28
53 178
54 87
62 197
81 80
32 124
8 107
52 105
25 158
84 71
34 129
45 104
81 38
14 30
52 16
42 67
79 42
49 100
40 125
86 89
6 170
39 151
70 91
52 144
73 175
27 137
93 153
38 159
49 11
29 74
27 115
40 82
54 35
23 123
91 39
62 171
88 152
10 65
95 149
49 166
45 93
73 61
94 98
100 182
63 89
53 84
30 59
15 30
11 190
75 141
88 133
24 26
81 146
67 128
77 122
55 113
89 19
70 86
42 77
50 110
56 126
58 121
65 92
73 35
32 192
96 84
95 189
13 167
86 11
11 161
95 93
79 103
60 177
84 20
25 71
69 146
22 29
52 22
46 82
6 123
12 90
67 39
5 40
68 58
88 162
98 124
48 165
64 107
32 38
20 14
35 46
94 14
50 145
6 131
95 148
70 22
51 102
56 91
6 111
91 37
48 114
74 148
89 139
52 186
31 73
52 162
43 86
7 31
36 192
58 187
56 80
6 153
90 47
57 173
21 116
27 145
95 23
9 129
72 141
43 63
30 124
32 146
66 66
78 112
19 84
43 121
63 137
88 97
27 24
14 20
67 10
27 180
73 145
92 122
3 184
83 31
58 28
3 192
80 93
6 30
97 57
11 162
10 78
26 147
78 136
3 93
84 60
31 100
86 41
29 97
5 111
46 42
72 92
93 169
29 124
6 89
70 28
69 172
94 126
83 153
32 124
89 117
86 106
22 120
96 102
91 105
84 192
46 131
51 191
18 175
81 149
97 184
55 157
4 199
52 178
47 123
32 149
38 121
83 39
12 11
27 141
77 10
12 188
40 166
41 67
54 38
74 127
41 38
33 66
37 72
63 179
21 196
62 148
18 46
21 59
91 196
14 106
25 16
4 34
61 178
30 151
28 118
19 104
74 125
73 35
59 21
57 76
73 102
58 149
40 135
96 34
8 138
61 168
27 168
26 119
47 11
73 149
78 57
84 84
94 130
80 81
93 145
84 184
96 87
24 107
96 83
89 170
25 51
44 54
6 92
81 143
98 117
44 63
26 178
38 89
40 13
20 65
39 151
88 160
29 167
70 129
32 115
67 21
92 95
26 47
92 189
39 52
21 159
43 124
24 60
80 148
30 136
78 161
48 28
39 118
90 103
55 41
28 64
7 142
95 31
7 93
54 199
36 112
15 89
20 97
12 147
20 105
83 176
81 67
76 48
78 163
71 179
62 91
2 173
98 179
31 177
99 183
40 171
17 22
39 171
70 181
49 157
52 121
9 151
63 101
69 170
15 154
45 20
60 42
22 106
47 174
57 151
29 185
69 150
63 15
14 54
30 127
56 132
75 34
76 46
93 84
29 106
38 170
28 132
14 177
52 50
76 16
60 63
65 186
31 165
39 55
21 33
55 146
33 16
10 171
46 24
40 106
4 132
79 69
66 143
75 111
93 32
23 17
4 63
75 96
38 71
38 60
24 22
94 39
88 144
60 83
97 188
9 46
67 72
88 130
65 151
19 87
69 188
22 14
95 49
7 135
82 89
55 130
82 139
40 105
38 85
68 50
99 172
7 195
19 181
70 22
50 103
65 82
100 187
3 164
29 25
3 17
52 46
38 91
8 151
95 93
21 103
20 133
84 182
85 67
74 191
18 193
73 180
39 64
24 188
61 80
55 39
29 161
50 74
82 183
97 158
90 114
84 12
43 90
75 155
6 39
73 71
21 55
37 177
29 154
6 193
46 40
19 13
47 72
64 12
97 105
2 122
31 177
84 94
53 83
2 177
91 18
81 97
66 127
83 75
75 27
93 162
23 151
25 109
96 83
49 82
16 167
97 68
1 152
53 158
91 146
74 157
95 188
10 153
4 12
86 178
50 139
61 52
57 61
75 22
22 79
60 67
81 38
66 91
83 75
91 95
8 62
48 10
51 108
26 54
28 133
9 151
79 81
4 48
63 69
30 163
7 50
90 154
67 157
92 73
39 121
16 105
53 107
46 36
51 91
79 63
99 87
77 109
53 98
15 144
79 101
49 33
55 114
63 78
87 184
72 163
13 153
36 127
94 100
71 97
100 168
28 137
91 168
5 35
74 123
12 109
12 89
43 23
80 75
36 132
27 113
19 10
93 82
89 82
43 81
75 139
94 181
76 124
89 82
41 99
100 60
53 133
100 122
16 28
41 169
53 91
72 129
10 103
87 191
2 85
26 56
22 74
78 141
3 37
91 84
65 69
14 68
94 148
49 94
15 137
82 10
1 191
56 88
7 136
65 162
12 138
47 47
99 65
33 184
16 122
80 47
8 11
3 180
48 15
89 78
66 59
24 54
25 28
4 23
24 53
18 172
9 171
94 151
29 161
36 32
88 58
91 12
27 75
56 123
71 105
100 193
29 43
60 131
52 79
99 86
77 44
75 121
49 133
53 140
35 150
46 151
25 43
47 10
88 45
66 179
56 74
59 60
23 160
1 102
58 195
38 181
67 143
41 160
75 53
51 32
95 94
76 113
5 62
94 19
20 79
65 155
58 130
60 32
83 124
21 64
54 131
21 170
60 125
95 118
20 155
8 10
51 133
78 10
61 89
4 149
69 59
49 161
18 116
50 110
84 134
58 19
18 119
17 164
87 157
7 37
10 167
30 166
20 10
16 13
35 180
74 12
25 135
43 59
32 128
41 61
91 173
16 37
33 30
72 41
46 12
12 182
54 34
94 159
46 162
63 121
60 174
98 40
47 75
57 154
100 94
39 78
88 131
20 71
84 107
96 196
32 200
7 51
31 200
88 46
56 46
71 160
30 42
31 67
66 186
79 176
34 123
46 173
18 98
67 88
58 105
79 188
53 127
7 118
66 46
36 64
63 131
76 158
98 38
29 65
78 82
59 70
47 10
79 102
11 148
37 28
97 180
98 140
88 77
17 79
3 106
74 62
72 175
70 20
45 160
77 43
23 176
31 39
89 85
67 120
29 106
2 86
61 194
54 38
23 36
69 33
63 138
26 175
27 17
9 145
93 175
96 193
53 62
26 99
76 63
58 181
83 136
86 61
39 196
87 64
34 48
70 74
6 24
17 184
62 92
91 12
90 104
41 11
75 195
24 31
55 10
8 151
77 169
29 171
72 78
37 162
43 88
23 141
70 154
85 135
3 74
67 191
22 126
67 142
2 75
96 193
77 74
82 180
27 157
3 167
28 27
71 75
25 120
52 190
25 52
44 17
62 101
25 30
17 171
1 152
61 113
83 38
92 35
33 185
100 113
29 110
81 156
59 130
89 61
98 49
87 115
35 116
86 125
98 98
63 82
72 162
19 197
66 177
54 108
92 65
31 25
43 17
47 161
25 20
3 130
26 178
67 69
26 63
2 138
61 123
23 42
47 133
68 20
79 52
61 34
40 168
58 132
72 25
26 69
30 51
100 131
100 188
64 155
8 82
12 38
37 150
66 37
27 149
17 125
5 93
85 189
92 200
40 124
54 189
95 61
46 189
26 85
73 181
1 177
39 157
82 184
99 64
85 163
55 62
52 134
15 69
51 27
57 103
85 21
63 32
10 44
53 55
71 180
32 45
6 132
75 75
90 66
84 42
47 147
75 144
3 165
97 17
2 64
16 147
70 190
88 19
61 15
29 149
33 155
71 34
27 46
59 56
64 146
90 125
15 113
2 145
73 199
23 25
17 59
68 119
68 166
9 113
33 182
64 15
77 107
19 73
3 45
97 155
71 90
3 156
8 169
57 114
80 164
5 123
5 155
8 15
57 42
