900
31814
7 160
56 117
39 39
62 131
55 184
51 160
54 64
26 120
9 113
69 114
5 67
4 70
56 192
100 44
77 53
10 119
62 180
79 45
41 51
92 80
69 132
45 193
32 125
90 51
99 136
16 95
36 116
19 61
32 196
34 60
26 44
14 57
50 42
48 53
48 114
71 26
89 93
100 23
15 36
6 160
8 185
88 16
87 16
28 13
70 132
72 167
65 124
26 64
33 89
55 54
15 104
78 87
43 85
64 35
94 124
13 199
78 98
84 64
72 164
23 121
10 34
100 138
62 169
39 146
36 114
77 114
60 133
37 181
87 198
24 93
18 164
10 30
29 66
26 143
47 158
12 159
71 35
8 26
8 32
8 152
9 17
75 180
73 141
17 156
7 200
56 12
1 28
57 131
20 196
90 19
61 54
23 148
87 102
60 66
97 198
38 23
55 113
37 10
75 70
6 168
55 91
74 158
24 82
17 175
4 169
19 92
79 151
4 186
99 170
86 173
26 129
36 84
69 71
3 144
72 149
1 79
52 135
31 158
4 86
84 197
12 41
33 29
27 170
69 102
36 20
57 94
78 135
69 129
34 170
32 26
45 37
72 59
15 120
31 33
56 136
33 12
28 184
14 112
96 12
40 172
49 126
82 106
40 167
85 73
33 38
68 36
33 170
43 14
60 198
76 13
18 109
64 78
98 76
100 71
69 102
35 141
47 140
89 74
95 35
34 173
22 105
26 97
69 73
48 26
29 188
31 103
81 196
77 43
29 54
50 57
13 64
51 62
77 67
23 17
43 179
53 136
10 135
87 90
95 199
6 197
89 78
33 47
69 124
23 61
17 193
11 54
93 41
91 16
4 40
30 176
14 45
60 84
7 107
21 88
24 167
65 169
57 130
3 193
29 46
99 190
69 49
68 99
47 156
92 132
41 105
62 105
91 67
1 30
77 83
1 118
1 142
68 138
97 97
10 79
73 116
19 65
57 113
90 80
84 128
92 43
78 131
62 133
36 112
9 59
56 122
61 110
1 140
92 25
39 130
39 17
28 11
18 93
59 114
50 156
48 88
97 177
58 121
75 129
24 193
24 172
81 150
39 145
14 194
4 145
80 37
9 29
36 11
44 59
39 191
61 180
96 29
94 12
54 62
38 61
76 124
10 74
79 55
61 129
85 148
90 22
96 46
89 51
67 106
81 22
8 39
69 129
52 69
57 63
93 193
91 153
10 111
47 137
66 130
13 135
41 131
1 44
42 107
80 160
77 93
51 141
27 179
70 103
68 104
100 69
81 33
72 169
73 93
15 31
16 16
57 190
53 85
79 121
63 122
77 170
83 183
58 124
93 49
82 191
60 94
26 156
72 126
36 192
13 17
47 57
26 94
28 143
4 164
90 35
88 55
7 12
81 120
5 92
60 127
35 97
61 121
21 105
44 63
48 154
18 200
83 134
57 45
84 122
90 182
40 36
43 18
47 46
79 133
53 98
54 114
31 159
39 117
47 68
15 171
9 101
91 146
91 168
79 43
27 134
17 130
7 78
40 39
10 70
75 30
58 123
11 191
11 29
33 135
74 153
64 62
57 155
11 119
86 168
77 76
83 45
42 121
39 68
88 192
28 166
54 127
42 57
17 63
87 75
56 93
13 125
99 74
87 77
11 28
15 20
73 178
54 47
100 67
81 84
80 27
79 42
25 113
51 149
70 107
92 76
21 68
94 69
22 150
62 44
47 112
44 165
2 133
23 172
85 118
70 85
4 78
31 36
74 149
38 116
38 133
97 56
25 59
38 26
45 82
40 74
94 83
11 19
10 79
42 91
11 72
44 157
21 193
26 38
66 85
41 54
51 45
31 129
62 106
78 22
5 58
84 99
18 69
80 161
99 13
59 75
26 126
33 69
80 127
67 64
54 147
80 200
74 34
79 200
91 76
70 22
27 87
91 16
86 15
54 165
99 20
35 131
9 13
62 119
94 22
68 95
47 124
52 11
27 182
84 195
34 183
54 83
86 115
12 198
48 123
3 196
89 148
5 110
21 60
30 147
46 83
88 43
75 34
46 106
79 169
24 155
32 29
12 52
14 159
83 72
53 123
41 164
35 57
21 90
37 58
4 36
70 146
35 116
15 40
51 88
89 122
88 89
22 94
67 41
16 178
45 19
47 167
18 161
89 42
41 17
27 55
90 89
50 167
58 176
19 131
91 180
25 26
34 75
84 42
83 61
23 161
83 11
97 169
65 166
98 102
3 191
30 101
21 33
100 18
98 59
4 20
47 84
26 91
49 124
4 30
4 47
53 134
49 40
95 186
55 85
75 193
39 53
69 13
15 194
64 22
43 41
34 122
12 126
47 65
78 93
2 184
95 190
14 191
5 143
100 22
9 18
81 57
85 114
55 192
58 151
87 27
26 166
71 91
24 188
38 75
70 133
78 19
27 142
10 73
47 122
47 56
28 85
70 46
16 76
42 158
53 126
16 179
35 90
21 155
38 168
15 25
81 34
31 28
55 43
95 101
58 199
99 151
65 103
43 179
90 103
66 63
92 60
72 36
67 98
40 194
83 145
64 151
97 64
90 176
47 41
26 126
32 30
67 165
20 166
64 11
11 194
32 102
98 79
43 146
91 136
47 91
41 146
29 130
25 131
15 165
100 113
63 31
27 175
73 73
81 112
86 163
100 24
91 36
90 167
57 64
55 27
82 121
25 11
44 104
87 52
12 49
12 95
69 155
100 20
82 164
84 81
45 88
90 140
62 63
13 95
73 162
3 183
84 128
77 195
41 70
92 68
23 141
44 197
60 27
64 71
68 84
26 165
56 172
21 188
42 67
96 82
47 67
38 58
10 71
53 181
3 45
9 156
25 114
27 20
55 71
19 120
64 57
84 182
73 65
70 17
66 32
76 180
27 139
90 158
71 137
46 129
99 116
17 176
3 74
66 150
67 98
20 67
37 184
95 70
69 16
72 117
49 175
42 12
15 140
36 75
11 107
90 133
56 124
60 143
37 65
92 154
4 195
10 48
41 13
45 33
62 153
77 146
85 132
55 97
55 182
20 72
2 11
89 31
18 188
74 189
61 14
7 114
8 118
91 168
11 193
17 151
67 94
3 44
21 162
82 92
97 12
24 27
89 44
41 85
41 95
19 83
29 21
73 84
6 136
62 117
24 18
41 126
99 133
21 193
90 69
6 151
83 196
49 33
40 46
90 107
77 113
86 151
64 130
2 31
92 171
93 94
96 99
9 27
93 86
34 151
28 136
54 148
9 109
34 58
49 150
61 23
84 82
11 41
13 65
89 187
26 20
69 101
63 163
98 16
81 84
96 62
32 162
96 118
2 117
93 125
52 44
26 35
40 130
58 33
71 170
36 160
69 166
63 162
85 80
43 118
89 183
19 63
16 129
65 82
89 186
88 124
90 170
60 117
74 48
10 195
29 15
33 171
24 33
91 48
34 15
30 129
82 200
15 77
8 121
50 135
67 193
19 138
78 182
24 66
99 95
35 165
82 120
22 109
23 84
84 127
11 188
39 130
31 74
38 93
36 147
3 114
67 110
54 30
35 124
31 34
74 82
56 43
60 10
14 130
9 24
44 191
43 139
96 186
39 86
55 59
64 175
26 100
28 162
66 108
11 200
51 82
50 78
90 179
22 146
4 24
77 79
30 166
10 82
88 83
75 70
13 69
10 74
70 116
55 108
25 97
79 195
95 25
59 157
4 154
71 190
22 137
5 103
10 142
54 44
80 153
71 198
41 174
17 141
12 85
89 199
86 147
18 179
31 28
83 50
28 112
38 197
90 99
35 46
49 186
16 144
96 43
35 190
46 99
9 12
46 138
65 121
30 147
67 89
85 141
67 129
94 130
78 40
18 64
57 146
72 42
52 179
2 94
15 90
44 110
98 68
49 25
82 192
12 122
71 19
78 23
7 193
24 24
37 48
2 138
38 12
54 147
84 161
54 95
87 47
86 68
70 82
70 30
54 152
58 74
92 164
40 79
86 162
49 67
37 72
57 25
51 104
83 46
23 163
48 72
93 136
14 19
29 166
81 31
