900
31509
7 136
75 102
57 128
60 128
51 189
16 88
70 196
56 158
93 174
16 163
77 112
85 14
62 126
57 115
49 73
29 41
41 185
33 33
61 154
7 140
28 186
71 116
60 42
51 107
91 124
13 122
57 199
47 95
31 186
83 132
7 108
90 192
36 154
99 161
87 93
71 16
83 72
30 51
100 114
10 41
51 106
49 139
59 23
60 63
23 36
16 189
23 199
37 139
73 73
78 151
28 198
96 121
89 27
37 56
87 142
69 11
46 122
73 57
66 167
62 183
11 16
32 150
74 181
77 114
49 103
34 87
84 89
47 45
35 192
60 186
80 34
84 143
56 120
70 129
89 34
7 24
71 70
24 36
18 149
100 161
17 39
51 78
90 138
38 66
29 146
75 136
41 82
49 150
53 62
13 28
90 55
51 22
79 47
70 84
76 40
42 86
96 55
45 117
4 53
50 68
55 136
79 115
11 19
57 47
17 131
14 46
8 11
67 149
86 58
51 69
55 184
30 85
35 107
9 78
16 93
95 179
24 121
86 70
60 58
86 30
97 21
11 16
15 20
25 166
11 53
81 87
92 91
52 200
53 199
11 155
27 51
79 189
82 182
41 46
73 15
29 26
95 100
44 45
72 114
93 45
20 35
75 29
43 129
19 70
15 65
5 103
43 108
3 136
6 93
17 42
9 34
40 134
3 125
68 104
28 199
13 64
13 59
34 132
78 81
59 189
99 99
17 61
36 26
72 35
58 57
36 38
96 158
39 155
58 14
65 105
8 128
89 110
98 111
68 30
35 33
86 14
99 179
32 193
25 22
37 15
36 34
69 100
4 167
18 16
51 85
81 171
44 159
57 189
81 145
29 31
76 53
15 64
7 105
57 173
20 172
41 182
67 45
62 80
49 170
14 48
55 109
66 44
1 183
65 146
32 200
96 124
98 95
51 111
45 47
93 171
93 153
5 112
8 15
37 157
73 131
82 58
11 114
47 31
46 114
34 10
77 99
59 73
53 27
14 20
66 124
72 160
3 11
18 185
91 31
26 21
63 143
35 162
21 196
86 142
5 180
29 130
62 179
55 103
16 81
44 117
9 171
6 139
52 112
62 52
68 132
72 42
37 23
83 35
13 174
90 177
65 92
9 23
38 82
10 183
66 94
48 15
27 177
7 26
97 12
41 99
2 128
68 127
74 34
35 104
4 161
99 111
74 29
94 70
25 98
25 110
15 116
21 198
57 142
16 75
90 155
53 43
63 109
65 180
13 165
13 22
34 28
18 101
71 104
2 14
1 190
75 81
49 193
4 166
75 33
96 14
78 188
56 134
69 15
12 157
92 158
16 34
12 153
38 10
25 131
12 107
51 47
50 162
15 188
26 98
91 116
46 44
26 102
83 78
20 91
65 15
55 191
97 197
13 119
95 96
100 165
90 34
63 61
2 63
25 109
74 33
23 44
70 173
98 93
47 168
97 31
38 200
98 17
98 15
98 37
25 64
24 186
41 83
75 82
46 89
2 87
57 83
14 49
69 80
71 200
3 145
39 141
11 122
98 94
91 121
88 187
48 49
98 181
30 99
61 62
57 114
44 107
92 69
32 117
92 172
3 186
89 72
88 44
84 39
59 34
83 179
55 50
48 153
92 142
24 119
84 189
28 105
32 149
77 14
9 126
3 116
24 144
32 91
20 177
95 156
52 174
21 167
66 46
92 192
95 64
5 114
74 42
21 16
49 78
1 44
61 69
16 103
95 16
30 83
29 64
70 85
75 94
59 173
48 171
40 107
43 60
2 90
82 110
73 80
54 142
32 195
51 89
36 146
83 35
97 121
11 141
52 99
99 73
36 133
7 22
86 185
3 94
98 47
55 36
8 86
60 70
40 14
33 32
72 11
5 65
91 75
98 163
50 72
46 42
9 184
63 100
2 53
41 17
52 110
84 173
94 17
63 110
7 162
36 142
65 59
89 65
98 186
83 27
71 28
33 160
94 193
42 107
8 149
37 180
94 143
84 68
8 48
88 103
60 184
34 138
73 33
1 23
2 33
6 39
80 87
69 30
66 96
85 61
41 47
88 58
43 99
35 63
49 187
73 112
1 194
45 186
77 95
92 52
5 192
28 150
30 119
10 94
68 176
12 110
59 38
62 122
95 46
55 194
55 46
75 35
59 59
32 68
50 13
12 158
48 181
58 173
26 123
57 160
78 41
1 116
35 128
34 197
27 170
49 128
72 162
19 20
29 12
21 55
38 196
41 164
69 59
82 118
61 128
32 102
80 40
30 45
91 196
69 114
77 65
72 10
22 193
56 47
48 118
23 167
11 127
87 67
58 21
35 158
83 59
80 166
2 31
25 108
23 47
6 87
44 105
79 59
29 11
81 122
47 193
81 183
20 174
2 174
66 25
76 153
36 66
56 24
54 14
75 196
60 56
67 149
57 197
85 128
38 152
45 25
42 112
5 133
27 22
67 144
100 88
10 137
28 73
38 102
27 32
54 23
20 182
76 67
63 29
11 100
98 192
36 49
4 196
49 24
44 116
96 91
68 38
9 165
79 155
24 122
4 20
4 73
2 135
8 42
93 155
45 68
32 111
52 144
68 67
67 38
38 100
97 38
18 129
83 184
91 144
53 120
19 76
37 27
61 26
40 163
39 170
80 11
75 162
35 55
18 69
13 155
52 74
69 76
27 152
47 15
3 68
17 15
39 99
89 89
38 61
36 76
9 15
80 15
100 86
15 157
10 11
18 65
88 187
47 32
81 186
41 122
61 182
89 112
88 44
89 166
61 152
32 87
100 99
11 183
7 90
98 39
77 97
11 27
6 183
80 28
100 18
46 21
75 132
42 166
95 120
88 49
2 91
57 170
40 146
5 140
3 27
70 70
67 125
24 103
86 149
68 168
66 22
47 140
2 191
95 151
86 69
5 114
9 30
54 51
56 117
91 127
45 135
46 151
66 117
34 158
7 64
19 167
85 137
2 175
99 89
35 148
95 113
27 160
91 187
36 44
6 41
51 169
78 178
34 103
48 175
88 143
88 178
74 193
59 105
49 136
10 117
77 38
26 28
24 109
81 90
40 100
38 16
56 65
27 150
46 108
19 32
68 179
43 184
47 142
90 109
24 173
30 10
95 31
28 72
22 177
47 106
22 197
14 67
18 132
90 135
20 120
81 144
39 167
6 174
39 115
89 175
18 49
86 110
91 38
25 44
96 39
84 19
41 65
57 179
16 87
84 15
92 82
92 173
41 160
60 16
62 94
26 177
36 58
12 110
39 85
58 194
13 138
55 96
93 76
74 195
55 24
94 57
75 72
52 148
55 64
44 122
34 54
78 133
8 60
34 79
60 130
79 75
92 89
16 149
31 133
88 58
90 115
70 197
98 110
70 185
17 93
59 70
92 45
21 140
96 158
41 34
82 158
60 11
29 172
76 126
29 100
53 129
71 86
30 15
42 91
71 197
10 185
55 143
72 131
22 38
46 64
84 54
21 75
53 123
25 112
60 43
44 139
82 127
78 116
16 77
33 128
85 68
98 167
17 150
7 107
67 40
48 106
48 106
50 52
70 61
82 186
96 107
10 113
47 45
58 169
44 154
47 77
61 20
43 22
27 14
93 32
96 143
37 158
49 24
94 107
4 114
7 187
1 175
36 39
2 78
55 164
17 138
62 46
76 106
59 151
34 135
67 157
80 123
96 19
15 144
6 137
74 164
78 152
4 171
38 172
77 44
49 116
29 135
17 78
69 75
54 194
90 74
64 139
85 25
7 17
91 14
74 135
23 14
22 78
60 31
68 53
85 106
83 164
32 193
29 64
60 95
5 155
3 61
79 137
97 94
1 187
13 32
7 105
15 42
55 74
98 34
84 43
13 35
100 178
93 160
12 158
6 122
25 75
51 79
9 42
32 56
60 53
26 20
53 149
9 180
30 78
66 80
14 99
23 152
61 19
16 140
53 88
34 131
58 101
11 39
98 20
92 132
8 52
61 158
91 68
22 170
51 189
9 129
60 91
25 49
91 149
54 121
91 119
13 139
68 62
55 14
64 148
24 61
