900
32324
76 25
59 164
93 54
80 157
96 97
91 173
60 43
46 122
66 107
60 80
29 178
95 87
17 188
89 29
37 110
57 11
90 107
98 120
78 75
68 21
73 167
50 197
62 183
20 90
34 108
65 69
31 27
38 193
22 72
65 72
35 40
82 185
32 173
63 13
25 28
7 42
91 118
81 43
91 52
74 43
87 92
33 137
60 22
17 115
40 111
35 150
78 153
7 85
14 36
50 87
5 91
68 87
91 21
85 130
97 171
81 194
52 97
79 89
4 140
44 21
42 197
99 102
53 62
10 133
84 177
3 111
4 29
9 188
56 110
46 31
25 151
33 80
60 14
39 137
75 17
13 149
95 140
100 185
84 13
63 31
96 126
1 34
98 44
17 165
21 37
66 62
76 28
89 80
18 135
1 65
29 128
30 15
8 189
73 181
73 121
55 29
49 127
76 71
74 111
8 72
15 199
1 129
72 10
45 73
74 56
86 164
42 160
57 29
31 37
32 12
58 168
80 136
31 90
29 122
36 180
57 34
79 77
48 134
86 64
93 86
7 73
55 19
17 14
83 67
48 51
19 52
56 60
30 34
31 109
85 152
58 200
93 162
95 180
34 118
60 12
14 166
14 186
69 27
48 114
8 62
19 39
94 79
40 66
47 181
56 166
30 96
32 52
16 38
9 43
56 47
92 51
52 161
29 53
77 192
2 139
59 45
25 43
93 18
89 199
79 186
13 76
98 150
51 71
90 181
57 29
24 112
23 57
19 48
28 185
54 119
77 106
13 98
59 199
14 99
76 144
3 81
2 143
37 14
93 142
46 44
79 131
57 94
80 69
89 178
69 83
65 113
71 84
55 139
12 142
86 129
26 38
50 19
70 141
23 52
42 141
66 82
51 94
80 193
21 147
23 156
23 94
85 33
17 149
41 194
18 149
57 82
14 87
87 193
75 162
58 65
5 101
81 161
94 177
72 162
38 57
70 115
39 26
43 11
41 114
98 115
86 113
64 193
36 71
11 134
11 160
9 168
65 199
45 128
99 171
17 95
68 59
16 61
90 138
18 87
85 80
30 172
91 59
28 76
17 178
1 144
52 34
41 54
40 80
25 165
40 10
6 98
51 179
100 81
66 36
64 165
45 184
60 136
56 18
28 17
91 197
76 190
42 121
78 162
67 104
62 53
96 171
43 78
2 17
77 148
43 135
83 38
82 26
73 186
88 113
96 149
16 32
12 183
13 130
67 87
95 20
60 126
56 38
1 139
31 91
53 22
97 74
30 118
46 151
4 114
9 191
99 82
69 108
68 188
54 13
73 44
9 141
33 191
43 61
80 139
72 82
62 95
95 82
66 128
71 158
21 180
43 42
40 39
72 45
69 110
92 34
64 145
51 128
85 124
18 167
20 43
66 162
21 31
33 51
38 35
83 16
51 54
88 127
37 164
90 86
97 86
40 119
40 59
85 92
53 163
100 48
9 21
49 157
19 74
52 40
17 83
81 99
9 175
54 28
31 183
72 28
45 152
51 103
46 104
53 66
74 200
65 102
52 182
95 80
92 148
91 14
52 14
34 39
66 68
86 78
71 102
65 144
71 39
35 29
29 58
73 72
22 99
68 45
35 53
64 39
26 95
33 56
87 66
39 116
15 13
43 139
24 121
54 181
14 171
87 18
80 168
28 98
63 172
38 82
43 194
7 164
50 197
80 196
97 11
8 131
82 60
74 35
64 44
88 161
24 102
78 172
21 57
5 79
88 186
95 141
82 106
73 101
55 153
18 141
83 155
15 52
36 113
41 190
87 12
40 16
40 68
55 63
75 27
14 186
58 64
47 130
51 179
71 63
3 62
17 152
86 198
62 53
38 22
46 91
2 164
34 73
80 181
3 159
82 77
63 158
26 70
4 165
15 142
43 99
63 50
18 98
58 50
11 33
94 176
1 30
50 84
17 186
97 43
21 156
100 156
19 84
75 13
67 114
30 15
83 167
33 190
55 45
61 31
39 55
46 194
99 82
3 48
96 99
30 32
54 29
43 45
7 45
32 35
47 55
75 41
67 136
99 19
67 164
15 174
56 77
64 29
35 74
82 142
22 168
22 135
41 71
20 103
11 54
98 37
50 54
31 73
40 20
71 56
43 74
69 42
39 26
83 122
24 47
58 36
39 75
42 67
24 27
98 104
14 196
50 117
89 96
58 42
1 145
52 68
51 176
41 144
41 126
32 147
72 163
84 72
69 190
72 195
62 92
66 83
26 107
65 30
73 90
37 64
47 18
100 96
10 135
57 44
6 34
12 59
38 162
89 130
82 160
93 109
17 36
34 40
59 188
14 36
12 43
99 100
25 181
9 131
44 115
70 158
67 138
70 111
50 180
20 15
86 150
32 100
45 194
22 127
99 49
78 200
4 109
18 31
33 102
83 76
73 109
89 67
45 146
16 118
25 146
40 94
6 69
26 104
45 19
87 71
7 32
28 130
43 32
97 38
34 189
42 74
88 127
66 129
28 20
41 175
23 162
66 15
89 117
27 11
25 20
41 42
29 151
39 21
95 199
12 63
12 32
9 168
69 188
3 184
63 108
72 48
16 49
84 173
86 73
33 121
32 121
13 172
35 199
60 46
11 178
54 147
50 11
29 135
81 23
27 23
14 195
32 17
97 53
81 95
75 106
67 104
82 66
87 192
60 145
13 93
98 185
28 43
49 81
76 177
15 115
71 14
39 28
39 13
86 144
67 151
47 129
64 200
64 63
98 12
83 162
65 146
27 51
47 94
60 15
86 74
5 158
26 49
37 110
4 16
95 99
12 190
40 100
23 164
45 42
98 28
96 184
10 48
7 165
84 29
68 68
85 142
90 184
4 177
9 145
76 81
78 88
67 159
43 22
57 67
45 104
81 89
23 49
36 106
89 95
20 191
79 49
34 86
63 69
68 132
88 39
76 100
42 130
12 129
27 117
15 178
18 151
79 101
28 125
98 125
32 151
54 100
70 148
72 35
46 182
71 166
86 84
86 143
50 53
78 18
68 126
97 33
93 143
10 46
60 42
74 38
12 47
2 21
36 167
86 47
61 23
69 200
11 69
24 161
75 45
96 49
89 129
38 19
33 111
12 119
2 197
36 124
84 128
57 64
93 130
59 80
36 110
42 92
99 57
77 70
53 179
27 150
87 103
97 40
50 19
16 89
50 24
90 136
84 74
49 178
91 59
63 144
93 134
74 134
12 88
15 148
81 148
14 86
90 39
2 135
30 155
6 105
98 191
40 125
95 168
56 170
77 175
25 164
77 177
65 181
61 22
62 109
24 75
11 56
92 146
8 83
24 41
21 166
50 29
23 175
44 48
17 39
69 67
31 20
69 98
84 153
85 18
58 194
57 196
47 120
19 78
6 189
51 149
51 72
42 34
63 107
65 14
96 145
74 15
13 61
33 83
60 128
60 24
68 182
17 90
56 86
80 159
50 115
54 46
61 143
91 177
93 14
91 16
52 166
26 133
66 78
57 120
18 91
65 82
86 37
98 28
38 138
37 107
30 29
76 106
17 130
44 32
6 188
22 51
55 187
66 130
53 86
21 67
42 29
73 23
85 187
46 150
4 14
67 134
68 182
96 30
41 32
71 73
70 153
10 147
8 180
35 148
41 145
57 174
96 73
7 179
60 12
7 43
36 72
45 118
58 138
70 174
64 69
50 195
61 155
23 36
24 105
20 109
16 73
44 94
64 23
10 141
26 156
64 159
31 141
14 196
20 44
42 62
13 73
86 171
76 34
30 145
94 112
1 145
41 107
91 71
49 78
91 61
96 185
33 199
74 68
80 199
18 37
60 94
87 134
36 198
60 175
64 159
19 24
61 109
87 128
53 42
92 170
78 199
24 76
55 86
78 155
88 117
76 166
56 53
78 99
66 128
5 28
3 58
37 84
96 164
3 12
33 151
52 132
48 136
23 99
32 23
66 38
32 175
59 160
39 46
76 128
10 139
70 41
28 60
5 192
76 78
69 86
27 132
2 187
71 64
48 144
67 79
16 137
39 29
59 98
43 151
15 102
58 70
73 28
