900
32152
86 97
19 107
82 138
10 118
53 146
82 173
7 174
52 25
94 35
6 60
24 30
80 32
4 37
45 86
7 166
86 69
91 195
27 174
83 154
81 180
30 188
96 80
20 87
55 41
31 96
44 26
16 51
69 178
13 15
32 170
93 86
97 93
98 42
59 14
86 182
32 14
82 92
50 146
3 139
33 18
60 130
7 66
73 50
61 22
81 161
39 62
14 75
93 122
53 137
45 190
18 106
65 156
59 98
73 93
96 157
7 168
85 193
46 97
36 165
96 184
76 65
36 19
90 17
5 42
98 141
25 180
50 104
20 182
89 130
5 146
63 128
6 113
40 87
44 81
36 57
55 163
40 90
87 196
67 97
96 66
11 111
97 56
81 61
32 64
98 59
65 185
100 139
7 191
1 24
54 139
89 94
89 150
95 159
9 100
54 115
62 185
37 123
19 121
94 164
81 94
71 183
56 200
62 122
45 125
95 79
33 12
67 156
64 148
25 131
71 178
14 153
6 88
53 74
30 113
16 137
97 70
18 103
32 68
78 49
21 126
84 81
15 46
23 173
72 101
89 165
6 83
60 42
49 31
22 153
36 188
63 54
51 113
84 105
9 64
91 125
75 118
47 20
68 178
5 191
75 186
95 180
71 32
6 12
22 72
74 165
10 128
87 160
94 166
64 172
40 123
82 98
64 55
34 125
98 73
10 67
4 22
7 69
6 177
23 127
92 61
90 92
53 141
2 177
100 183
56 168
22 19
22 89
97 92
26 121
36 125
36 36
94 141
22 167
50 14
47 139
75 106
3 79
73 81
19 103
41 132
28 138
77 20
4 161
82 118
58 63
69 161
71 135
77 77
74 159
55 196
1 44
74 65
2 135
30 56
58 107
67 116
19 57
69 176
6 71
27 101
50 162
59 169
77 121
5 63
6 171
54 179
64 98
10 89
63 18
92 44
67 200
31 127
50 76
86 62
33 56
56 179
8 92
97 62
19 159
39 108
75 105
33 192
44 198
75 199
66 170
53 127
14 153
7 100
75 27
53 38
91 70
72 32
26 145
58 119
83 90
59 192
19 194
47 178
14 63
82 140
56 167
75 110
1 141
53 178
39 192
28 90
36 68
40 105
52 146
81 93
38 43
45 140
60 197
50 190
46 112
34 184
80 128
85 148
37 108
75 123
78 184
18 192
62 82
20 199
75 40
47 141
89 196
81 46
72 180
66 65
5 88
87 108
71 21
89 179
31 45
29 97
23 42
73 157
63 179
13 102
58 136
99 28
75 171
25 169
76 141
65 156
42 102
40 78
5 13
56 176
58 144
29 197
50 15
9 52
20 34
62 75
90 158
42 159
61 53
7 55
8 74
99 199
49 182
10 83
13 58
5 166
38 136
86 22
26 83
7 106
82 107
65 133
7 61
91 129
65 92
87 186
16 200
26 13
15 142
44 140
60 152
70 102
79 38
59 63
13 64
39 33
65 130
39 126
7 33
6 47
87 120
46 174
20 127
97 39
37 56
3 186
70 11
67 80
48 87
42 51
61 38
72 144
36 165
3 155
41 158
61 139
75 126
37 62
7 81
41 91
38 104
97 170
41 177
37 32
98 164
44 94
55 23
96 150
25 111
8 64
8 34
13 78
85 175
64 77
92 103
100 48
38 59
85 29
86 69
93 139
21 132
27 108
60 156
30 137
20 62
85 24
17 149
100 28
82 141
28 53
9 177
70 91
33 58
19 45
70 137
37 146
63 47
27 130
13 122
59 191
91 79
41 14
52 159
38 72
38 125
95 166
69 52
93 18
26 63
69 137
77 196
93 171
64 126
26 59
17 51
44 90
92 39
75 199
6 64
46 29
66 108
34 11
48 168
47 13
64 33
81 106
66 142
99 24
53 27
23 98
84 83
57 127
95 46
42 10
22 16
74 124
53 104
78 133
47 188
91 112
31 117
15 157
62 91
18 22
76 174
42 55
68 67
97 101
3 156
29 30
100 153
57 149
32 121
49 177
73 161
17 168
46 32
22 70
36 48
13 129
78 98
45 94
64 31
35 189
98 91
93 109
6 11
69 44
48 45
15 69
96 46
41 44
13 188
1 187
18 135
31 10
12 169
88 169
86 16
27 182
57 181
99 86
56 84
13 110
63 95
6 109
31 158
10 104
83 79
88 90
100 152
63 88
10 141
64 135
10 114
62 38
13 188
25 175
98 82
96 176
59 61
59 80
94 163
54 32
62 145
30 43
70 100
3 84
75 141
8 73
5 62
85 118
85 122
68 149
61 102
49 98
83 68
29 139
77 141
35 50
33 135
95 138
38 15
86 74
38 192
83 149
22 177
47 83
46 86
13 88
21 28
37 175
78 113
24 146
3 192
61 72
26 174
55 98
94 200
33 186
33 74
17 105
71 134
30 140
62 19
6 118
17 128
3 35
64 186
6 15
2 18
92 124
97 55
18 21
55 12
58 138
43 200
42 15
58 47
98 178
69 180
93 193
86 65
7 109
9 108
19 30
58 103
97 27
60 88
28 79
50 86
99 83
58 163
65 89
13 140
34 120
29 188
54 196
60 60
97 44
41 150
83 77
87 187
22 159
27 170
6 194
84 69
1 161
4 12
50 29
71 65
89 71
11 152
10 85
65 94
84 93
56 37
12 186
83 111
1 146
100 32
76 194
45 177
25 200
91 154
33 110
46 45
23 149
57 159
29 170
97 110
37 200
65 55
95 178
87 50
73 151
70 194
18 147
99 159
16 43
25 172
40 84
66 137
63 113
77 133
90 101
93 166
84 157
35 174
12 44
37 66
51 103
67 80
8 19
13 182
82 20
38 76
48 200
91 184
40 17
25 154
60 77
74 58
42 132
72 127
6 196
33 197
93 180
26 90
89 88
69 84
46 134
91 100
43 43
93 164
57 85
98 196
28 10
96 40
44 160
100 168
83 160
81 46
21 186
90 74
32 107
21 149
4 162
84 62
24 63
26 96
29 80
27 127
43 151
61 66
99 14
79 127
85 195
62 63
48 189
39 32
19 183
23 74
56 183
45 131
98 158
53 143
52 188
91 88
15 35
42 120
43 136
14 91
77 20
69 33
56 45
56 89
16 14
8 27
41 112
30 25
30 185
60 82
49 66
7 184
24 56
68 26
36 78
11 142
8 78
74 18
69 190
10 25
83 41
47 87
46 51
91 170
79 200
35 122
44 160
61 160
81 200
20 157
38 115
24 12
95 101
67 31
87 167
88 173
56 192
40 54
24 13
64 154
84 135
30 130
11 43
10 111
7 77
88 92
31 168
45 81
75 34
12 70
16 142
33 156
75 155
5 124
80 95
24 105
49 170
81 16
50 171
17 42
62 119
40 89
31 182
80 189
75 150
94 28
54 154
42 141
84 114
92 33
67 19
54 110
66 151
26 45
41 86
68 72
86 66
55 116
34 111
83 180
61 96
66 146
73 62
59 119
70 144
88 198
51 71
84 89
40 92
69 36
26 34
15 54
99 155
62 174
59 12
62 162
99 190
93 16
64 96
36 178
88 72
60 190
86 80
54 188
60 104
43 187
66 184
6 42
4 154
42 88
24 136
49 23
92 113
3 33
68 186
85 133
11 97
80 163
60 176
32 97
59 59
26 29
23 194
32 170
56 158
45 19
13 168
44 187
33 46
21 54
76 91
99 155
70 158
91 174
47 157
59 38
27 38
50 162
26 13
73 36
32 175
65 54
84 189
14 96
37 159
24 135
15 28
66 182
24 58
55 175
29 56
57 103
14 120
64 196
56 82
55 179
65 147
27 144
70 14
79 41
83 62
67 186
1 187
46 136
16 58
42 194
34 100
59 113
87 188
91 50
13 84
100 196
81 90
34 73
7 68
40 138
36 39
42 176
82 171
51 71
57 126
100 34
32 133
1 121
72 39
40 140
8 156
2 90
97 97
28 151
67 64
5 173
84 151
96 29
38 189
78 169
100 38
66 115
52 152
37 104
47 81
10 139
31 77
80 174
31 83
10 38
19 171
53 29
47 167
89 54
86 80
51 99
42 41
59 121
56 128
16 97
34 42
