900
31194
32 118
66 124
87 10
83 177
12 36
36 195
66 122
11 158
34 111
28 21
11 28
43 140
29 37
30 119
48 155
89 142
28 190
4 32
79 160
27 67
60 130
16 59
61 76
67 198
3 43
86 185
31 175
34 132
50 66
2 90
98 106
52 181
23 82
31 54
65 90
2 83
90 18
45 190
44 43
15 17
74 73
46 198
72 168
85 182
72 27
41 104
10 62
10 73
4 146
36 16
9 15
12 27
15 128
22 199
36 136
59 119
58 111
66 30
82 111
77 82
42 92
53 24
92 36
33 102
41 131
99 33
64 190
80 92
88 28
40 36
61 147
87 105
57 88
67 71
68 190
98 58
69 80
15 56
1 178
23 109
10 50
23 194
54 10
57 173
44 193
40 25
13 126
71 94
74 23
66 108
42 57
48 119
47 197
57 137
54 77
43 55
59 143
31 108
50 82
85 146
70 116
84 114
84 57
77 167
21 190
3 134
89 84
21 51
32 91
3 128
27 62
78 14
12 27
80 134
87 114
56 75
54 131
23 175
94 35
41 68
59 145
7 18
5 199
7 150
27 115
7 136
87 11
84 61
17 195
46 183
87 153
22 59
58 156
76 82
88 115
55 171
33 134
60 41
53 31
67 109
8 150
55 100
8 152
71 165
22 32
24 12
16 133
3 195
71 36
7 71
33 93
12 28
42 37
96 114
94 71
40 181
59 70
72 85
16 148
77 173
9 79
97 148
45 98
44 182
85 66
20 133
78 105
67 101
2 118
100 42
38 121
12 104
60 50
70 33
28 168
73 170
43 63
19 99
52 58
68 189
53 52
38 53
21 197
53 108
48 65
45 194
60 113
18 118
72 34
19 27
6 48
57 170
90 20
74 61
25 156
86 24
68 77
17 15
32 141
14 182
22 37
24 169
45 114
14 129
76 194
66 13
15 59
88 194
42 46
40 104
2 76
94 138
26 191
29 138
90 142
94 168
5 191
22 146
1 27
72 188
17 170
49 38
97 150
96 47
13 100
34 183
17 98
30 171
9 90
87 192
71 59
46 10
36 110
83 50
85 15
54 88
95 56
88 133
40 29
41 58
47 139
64 99
84 63
23 92
49 195
43 157
50 99
92 189
71 154
19 64
15 41
1 72
62 180
56 140
72 14
47 187
87 119
55 108
79 171
92 36
19 46
15 195
57 18
100 11
28 34
12 100
87 129
5 94
67 135
29 142
45 48
82 92
66 138
89 142
70 74
45 51
97 15
100 133
44 181
22 137
81 76
55 40
73 128
1 187
9 43
19 69
44 52
15 44
56 66
14 44
39 181
28 70
66 138
13 71
10 179
42 99
34 93
91 91
34 197
27 148
34 130
82 98
90 168
20 132
36 74
71 154
53 118
69 185
77 158
7 128
31 56
89 68
36 169
92 184
11 27
21 145
41 30
14 44
67 49
55 121
19 77
88 34
27 154
75 181
53 133
22 162
53 61
52 84
89 24
29 60
25 121
80 61
34 39
15 111
35 128
84 88
96 88
93 24
37 174
26 144
62 157
16 150
91 137
69 94
93 92
88 126
61 88
46 140
82 194
50 62
80 37
88 179
51 46
89 184
26 86
14 128
18 62
26 173
85 40
18 139
85 30
73 121
60 152
69 186
30 144
71 135
38 149
3 186
78 175
55 147
56 63
90 139
58 155
6 95
63 148
74 197
5 93
63 91
94 49
94 68
2 103
37 184
66 65
52 165
74 59
10 179
56 125
50 138
52 16
100 189
71 34
72 167
67 126
46 126
50 181
13 97
72 105
96 188
82 58
14 101
35 154
92 100
16 126
27 156
84 53
89 123
98 26
41 98
62 87
5 111
95 166
55 54
25 149
68 122
45 12
71 45
32 105
10 172
76 35
29 56
59 171
76 29
69 142
36 165
48 98
1 151
54 24
35 181
73 187
85 55
23 181
100 57
84 76
11 40
61 50
72 173
92 38
43 133
43 110
45 128
81 117
85 53
62 93
41 58
78 33
35 191
83 25
48 60
7 29
14 17
13 50
72 63
21 105
41 170
69 189
99 70
43 91
15 60
37 144
83 27
17 69
61 170
74 184
43 59
76 104
62 49
65 26
24 48
97 17
65 39
49 35
43 40
98 109
7 68
26 97
70 106
59 167
67 34
36 58
91 85
48 101
42 64
16 46
38 107
4 66
51 48
64 77
23 28
44 92
88 86
61 122
67 119
89 164
76 77
99 54
11 130
99 56
24 99
47 47
72 25
47 48
58 103
1 169
32 170
3 46
80 144
2 43
65 185
30 73
95 58
9 11
54 173
31 112
63 99
37 113
9 146
80 191
79 32
47 192
67 146
2 42
87 108
88 48
34 127
31 142
34 175
42 186
62 22
91 149
25 63
18 18
43 135
1 67
34 165
81 25
45 151
90 195
16 79
63 126
91 191
35 67
33 56
48 134
10 194
47 42
75 51
35 12
2 56
79 152
86 14
31 131
39 93
47 174
1 135
23 42
54 121
24 158
41 84
79 167
84 125
94 64
84 160
43 105
78 40
51 29
48 66
43 174
61 173
33 46
54 81
34 141
7 110
43 132
100 171
52 116
49 98
7 198
7 169
5 30
4 161
59 190
10 142
93 158
74 87
26 78
26 68
70 20
45 107
93 39
85 100
92 104
47 120
22 164
73 106
34 177
27 58
50 108
52 121
27 182
47 173
95 160
1 77
19 127
45 54
17 171
51 183
13 152
92 29
75 74
47 106
32 158
36 90
12 92
88 76
43 29
37 28
70 91
79 79
18 79
6 187
39 35
31 41
74 78
89 179
57 86
10 38
69 58
78 144
82 176
81 114
89 47
22 40
48 56
13 20
48 107
17 166
9 127
43 190
79 137
45 113
33 111
98 149
70 80
38 166
84 126
1 198
20 157
49 192
84 67
27 92
57 164
94 191
94 104
50 33
51 38
23 99
74 51
75 139
32 17
2 60
43 97
54 54
58 140
45 55
32 156
85 65
49 67
46 174
76 137
25 179
43 54
65 92
59 78
55 14
50 167
81 168
26 122
43 11
15 156
37 76
62 109
50 64
3 165
12 127
1 186
70 22
35 114
73 18
83 125
54 132
80 166
27 164
58 63
11 27
19 60
32 39
30 149
80 12
48 173
19 150
26 169
45 37
57 35
56 163
39 167
7 171
3 35
2 53
69 113
13 18
9 98
14 152
27 194
26 136
71 65
25 96
22 150
46 90
2 34
30 28
5 99
100 147
34 90
40 155
15 31
68 97
21 13
95 81
71 76
68 148
90 81
68 170
82 88
94 178
69 80
92 138
1 36
70 164
22 17
67 148
25 85
38 21
51 107
82 34
95 45
41 56
50 131
8 73
69 173
69 53
91 107
36 34
64 183
27 117
100 55
9 143
29 152
96 61
9 141
5 167
59 131
8 30
89 15
76 17
81 151
66 116
92 16
59 179
74 197
36 32
33 197
57 57
8 145
12 143
47 188
54 138
70 187
23 185
22 11
10 111
56 10
85 66
32 159
92 35
13 21
26 171
6 163
30 62
27 116
32 17
81 90
82 41
24 116
38 179
1 170
5 80
89 21
46 145
84 83
31 61
70 200
56 56
8 65
79 99
88 171
72 183
83 102
12 140
53 200
1 64
91 168
45 26
88 48
45 133
94 45
91 76
78 55
7 121
70 127
4 80
65 56
9 26
72 148
12 82
1 102
99 195
21 167
54 199
46 122
24 196
70 30
61 195
97 109
38 180
87 134
3 117
63 79
86 151
69 59
78 156
90 59
92 89
49 118
17 78
57 95
88 36
65 200
78 53
30 70
61 146
95 50
36 97
59 179
11 200
60 150
82 116
33 176
86 170
6 83
37 93
33 173
34 90
78 179
4 23
90 124
82 44
38 163
23 52
60 138
76 104
10 111
23 57
28 198
9 172
57 146
53 177
80 145
32 85
53 152
30 145
84 72
59 180
83 108
56 63
50 49
59 77
99 135
50 188
98 48
16 39
27 188
90 10
67 70
13 14
1 44
65 99
69 54
30 25
32 99
43 191
