900
31782
95 151
5 53
89 13
87 52
42 87
85 121
8 44
43 12
14 188
97 123
59 186
68 174
36 63
59 146
37 10
73 176
11 170
73 139
54 10
22 18
17 156
66 89
81 73
53 126
18 148
50 133
27 46
98 85
86 89
12 71
59 65
57 189
27 47
46 52
56 190
68 127
54 76
89 144
29 65
35 48
52 105
73 17
1 26
70 58
63 139
36 165
40 78
97 18
44 71
87 123
21 170
14 23
7 48
28 95
36 148
29 15
49 18
32 181
56 132
68 87
12 197
31 126
74 49
98 63
1 125
78 86
5 177
26 90
18 125
48 66
55 163
19 111
100 84
56 154
71 142
5 44
94 36
47 164
7 120
91 66
4 175
19 109
55 77
21 169
58 35
55 25
41 148
26 198
49 164
99 177
12 192
57 97
83 45
35 194
84 86
19 37
54 87
23 192
97 93
12 65
29 173
7 99
67 146
44 43
4 113
25 77
80 31
90 88
22 24
68 68
100 191
75 67
2 24
53 172
94 62
84 27
59 45
20 79
81 194
53 98
17 174
61 117
45 112
40 87
26 72
7 175
13 53
60 108
7 180
49 191
17 188
37 154
53 175
38 87
31 21
72 189
67 167
65 81
24 22
87 105
43 197
31 18
59 200
94 168
25 133
5 48
2 134
59 154
45 129
4 51
40 69
3 10
18 83
64 136
59 82
82 22
60 112
12 31
33 31
50 79
87 17
29 170
8 187
66 126
5 190
88 158
50 125
3 193
89 44
10 132
44 95
70 198
70 50
57 30
76 95
32 74
20 170
53 116
65 196
75 176
40 103
14 102
11 40
50 28
84 138
96 106
35 114
67 13
75 40
90 142
13 36
85 167
59 116
31 52
29 192
37 95
58 139
53 88
41 154
39 150
44 200
6 167
24 86
29 150
66 13
11 88
11 97
49 152
92 35
82 130
16 121
12 163
23 181
13 49
33 193
69 161
55 32
12 65
88 172
70 124
26 89
79 177
85 187
32 127
100 44
23 169
48 115
1 110
71 175
83 48
34 148
64 72
76 149
6 55
5 134
90 128
11 165
86 88
19 34
47 104
34 44
52 106
81 63
9 147
22 133
89 41
60 17
80 115
32 95
90 101
47 164
34 42
62 66
52 117
42 147
53 148
82 59
11 168
44 108
89 169
47 157
1 59
1 192
51 175
17 154
85 186
31 21
68 84
86 145
8 27
11 45
61 172
78 195
3 107
54 56
92 62
35 23
42 136
46 129
19 79
66 54
10 108
58 171
87 138
73 148
97 175
57 153
56 74
94 116
97 59
50 93
9 93
13 117
59 75
6 159
1 69
38 110
78 193
7 99
38 170
85 64
70 44
34 14
70 98
77 65
72 79
95 38
27 119
70 28
94 116
58 38
40 34
64 131
56 154
13 151
77 77
69 191
100 10
29 172
77 11
75 66
64 168
7 90
61 18
27 16
11 103
81 79
96 84
16 185
50 17
1 158
36 47
55 130
84 131
79 176
41 37
2 84
42 109
50 115
8 85
16 130
30 118
18 159
25 56
26 87
46 140
8 73
32 167
73 52
71 74
49 65
80 25
87 102
87 185
56 38
78 173
7 119
14 193
28 169
85 179
36 174
85 61
55 58
80 154
54 127
70 75
14 72
90 190
73 187
12 171
5 116
51 131
35 31
61 158
65 54
40 103
100 33
85 69
17 98
49 66
52 135
89 159
2 183
80 84
98 99
68 169
44 28
98 132
88 83
53 82
46 151
91 30
8 49
3 61
29 30
22 161
45 89
55 31
44 20
72 96
15 37
100 97
54 135
36 13
83 79
9 95
44 162
99 34
70 141
43 184
1 45
2 34
63 92
64 78
81 96
2 39
4 152
93 66
62 25
51 23
5 190
93 38
78 143
43 129
15 173
1 95
66 75
19 143
99 66
10 180
86 159
97 72
28 67
60 176
99 184
51 19
48 142
25 18
19 133
63 63
61 29
61 190
34 49
82 124
30 41
41 21
35 47
52 44
65 15
22 50
4 200
83 65
96 147
52 32
93 71
39 59
87 34
19 124
86 163
36 81
39 131
4 59
88 112
71 32
96 81
32 84
74 73
83 54
24 52
21 109
12 80
60 113
80 87
75 56
61 122
58 181
42 117
11 191
36 158
22 62
71 111
93 139
55 172
94 158
33 35
5 101
85 80
25 72
93 83
31 146
1 107
65 176
3 50
89 29
48 31
54 69
16 196
13 145
91 100
13 111
3 101
38 175
69 155
31 168
66 199
75 100
74 145
59 91
77 76
60 109
79 72
18 186
34 116
60 52
100 12
6 86
81 160
4 191
97 47
3 35
65 182
61 19
60 55
78 71
24 146
1 133
85 163
59 130
42 115
54 167
16 84
53 21
91 57
31 174
45 180
1 106
81 20
80 163
18 93
91 67
55 84
36 60
99 164
10 53
1 67
54 73
58 149
59 156
76 185
36 41
76 86
70 144
47 197
25 92
12 73
98 14
50 114
100 131
12 86
57 121
75 163
87 37
64 148
99 20
55 134
83 40
21 81
74 154
17 78
43 174
20 128
72 34
9 32
45 115
14 131
7 22
96 180
67 43
47 179
26 160
30 32
91 75
46 152
68 156
62 76
94 170
1 161
2 181
75 169
17 169
45 87
24 64
55 80
64 174
25 30
12 24
89 104
45 112
43 184
53 44
29 52
79 187
44 153
89 17
88 44
68 147
99 110
66 110
87 147
58 133
66 15
55 114
68 66
68 48
13 73
73 13
12 150
90 51
79 124
38 26
8 146
45 148
41 109
1 100
96 160
37 127
10 162
20 101
9 172
93 94
80 31
90 137
94 159
21 83
69 188
93 186
78 72
9 87
79 124
13 123
70 10
94 122
7 126
40 74
76 183
96 34
86 14
3 120
97 163
100 112
55 64
82 178
53 172
39 108
48 81
87 172
35 132
53 74
26 121
53 29
68 183
25 159
21 105
51 108
99 101
93 81
96 25
1 200
57 122
58 41
49 152
95 22
93 119
6 68
90 108
9 15
87 86
90 116
34 27
49 154
65 50
15 33
53 153
5 172
26 53
50 72
95 109
49 125
11 15
74 86
72 181
96 54
5 22
64 192
82 170
16 161
44 164
19 161
73 78
39 112
64 136
92 71
19 53
62 148
89 189
74 73
24 167
46 132
87 190
22 138
58 41
34 15
80 15
98 51
11 78
76 54
90 43
84 142
91 132
68 52
70 52
26 200
64 49
66 167
11 58
4 38
52 136
98 189
82 69
51 91
55 182
1 183
1 119
91 18
86 110
63 158
45 130
41 90
94 165
32 42
43 84
20 65
96 83
98 61
19 74
76 160
93 57
87 124
19 132
80 61
67 20
97 114
89 127
72 154
82 137
23 189
18 114
69 173
46 23
90 133
71 167
20 96
79 152
35 173
60 118
80 148
25 99
79 109
92 144
41 164
69 54
12 139
62 104
2 16
44 166
4 60
98 31
55 128
37 182
96 150
84 146
20 166
26 90
53 24
29 182
11 133
44 200
96 101
26 200
2 138
6 155
35 195
68 198
16 25
70 16
56 199
69 65
3 113
14 117
70 64
19 124
63 146
40 165
88 130
69 82
15 149
12 35
73 91
11 73
60 123
12 200
8 160
64 91
57 89
28 155
34 104
19 109
96 24
4 130
40 31
40 148
79 74
6 76
20 140
27 196
92 110
71 102
82 124
68 39
14 77
73 128
54 121
15 42
37 28
80 14
38 98
16 55
20 27
99 108
41 162
11 80
4 67
22 95
68 137
86 153
75 191
98 132
55 107
49 71
83 66
73 25
16 105
40 56
43 11
94 181
1 183
43 106
91 44
96 19
93 129
11 13
99 152
40 126
9 118
34 11
41 135
27 26
55 91
11 71
87 128
94 171
43 65
97 124
76 166
13 153
90 140
86 182
72 167
61 142
16 179
8 110
6 16
72 122
94 156
76 27
74 164
55 143
46 192
4 23
4 27
10 185
22 195
87 24
15 90
63 153
3 140
83 199
38 28
100 56
22 140
