900
31994
15 83
76 91
11 190
16 10
27 86
81 72
57 111
46 116
86 50
93 184
33 160
74 12
88 195
35 17
3 45
18 95
62 131
60 195
34 125
47 184
47 35
61 191
67 183
100 14
4 188
79 59
89 145
62 194
11 185
63 105
28 22
61 38
94 18
29 38
6 184
76 87
63 135
80 127
53 118
3 64
13 160
89 137
72 111
10 39
12 152
77 97
2 42
12 119
13 171
4 109
99 115
77 183
49 137
35 125
75 168
31 86
48 156
80 151
8 31
43 97
50 22
71 164
23 158
39 147
39 82
5 123
15 79
53 47
31 182
79 119
31 34
31 173
80 59
50 150
3 76
71 46
62 15
70 47
32 41
29 133
19 63
84 171
93 115
46 47
100 140
39 22
17 133
76 25
56 62
3 36
47 31
6 102
78 151
7 77
50 158
87 164
59 86
79 109
70 10
23 99
93 160
6 80
99 136
69 48
81 146
50 70
90 116
7 92
38 60
1 45
48 84
20 168
21 17
33 153
36 45
32 158
9 61
71 82
44 30
74 108
87 40
10 146
39 52
92 145
61 168
96 194
100 139
62 74
27 183
34 94
31 30
42 60
96 131
22 167
58 165
93 59
46 138
50 29
20 103
77 197
17 131
96 59
70 157
81 56
34 86
21 107
45 176
41 157
66 187
89 96
79 198
68 16
63 34
19 82
70 177
88 143
47 170
65 198
77 61
26 198
23 125
6 179
54 73
24 149
88 50
54 131
87 84
33 114
21 114
23 90
95 132
98 151
95 41
27 44
2 49
55 76
50 122
64 167
62 63
40 48
10 191
3 181
61 142
84 16
5 193
94 100
44 54
40 98
75 133
19 188
67 96
6 41
10 99
45 12
81 159
32 107
52 155
50 173
53 124
10 190
70 68
1 127
63 21
34 117
60 20
56 192
63 34
50 119
74 152
46 10
9 19
25 199
34 28
96 33
15 31
31 84
2 164
52 152
62 35
100 73
6 91
42 89
42 85
79 58
27 83
9 87
58 81
13 83
70 64
65 124
38 114
3 154
5 91
45 135
59 196
91 154
85 62
95 74
59 66
85 37
85 49
78 90
68 149
1 60
5 103
70 144
47 149
30 38
99 157
100 128
39 89
92 12
74 181
20 63
86 191
74 32
13 12
81 37
77 79
36 44
9 20
63 16
2 188
39 10
34 24
47 19
85 143
55 157
40 86
94 129
66 167
62 52
18 197
75 46
82 11
97 169
17 153
10 192
64 196
65 97
14 139
94 144
34 86
1 188
77 157
96 19
46 74
13 166
51 179
8 31
44 47
73 184
33 88
51 123
62 22
1 198
44 110
49 190
100 151
45 41
46 145
55 145
46 106
60 62
73 106
56 33
91 32
2 10
66 95
85 162
20 169
58 148
77 44
24 114
16 134
98 167
71 101
40 115
9 16
64 127
42 170
66 124
67 120
96 40
42 160
37 97
99 23
79 25
99 176
91 111
51 54
92 160
32 110
68 76
86 72
57 138
53 129
79 184
79 117
25 115
45 142
60 171
84 143
76 19
97 17
23 128
46 10
76 114
11 34
55 172
2 198
25 48
2 117
56 22
79 165
98 150
31 195
8 62
94 85
22 160
73 188
83 134
18 109
43 62
39 161
78 142
60 62
75 114
14 175
90 121
59 24
84 18
74 25
46 156
38 103
53 184
48 142
3 126
89 163
22 43
100 147
97 87
19 200
36 48
80 110
15 59
74 77
47 120
83 134
40 33
84 108
37 18
100 99
4 140
84 28
97 151
30 190
69 31
20 83
52 189
61 184
3 42
74 162
15 72
49 172
69 177
92 200
47 26
92 21
14 178
48 97
6 75
74 129
30 99
74 85
6 179
9 25
61 105
76 132
57 178
74 47
29 153
43 187
1 154
49 120
22 141
38 144
53 147
39 193
76 44
8 13
36 33
48 81
5 138
29 151
8 66
14 57
58 196
36 102
11 167
11 126
30 62
29 39
3 164
6 63
100 157
73 196
79 49
73 166
54 59
32 44
87 107
15 137
46 21
90 85
97 129
34 90
44 157
97 151
95 88
38 149
31 200
97 92
9 58
14 153
81 55
43 101
72 188
61 51
72 99
4 118
1 64
78 136
59 24
21 182
31 66
40 42
34 89
19 37
9 197
8 53
94 198
30 174
66 129
13 30
23 159
24 86
82 46
35 33
86 147
53 179
93 27
27 133
14 143
53 115
29 50
46 146
72 129
30 32
18 119
59 64
40 143
71 66
99 48
45 192
74 65
11 161
24 122
40 19
69 17
38 76
76 90
22 111
32 38
37 114
40 125
57 23
53 108
78 180
77 30
54 195
71 178
44 12
40 175
60 90
53 63
22 12
2 147
58 121
50 174
2 100
71 87
97 148
32 113
76 108
67 164
59 93
79 35
16 103
18 170
80 82
96 52
27 154
13 173
39 169
12 121
67 175
47 39
34 86
29 181
4 64
80 151
93 175
52 64
58 65
100 124
80 50
27 122
48 101
80 145
5 25
23 51
100 109
9 61
64 192
50 62
61 103
23 17
2 78
88 163
48 15
75 43
44 25
45 41
35 38
69 149
74 100
39 18
75 73
19 152
61 56
96 29
79 133
5 188
56 194
60 19
52 124
90 33
92 186
10 131
8 40
78 189
12 71
64 82
48 34
20 136
49 46
51 134
46 151
44 185
57 115
42 102
95 160
23 107
56 98
76 120
60 32
90 168
29 136
68 11
74 130
99 53
50 77
34 117
40 51
48 25
78 137
75 195
99 39
91 147
58 170
34 35
80 127
25 172
35 24
66 183
31 192
93 12
59 74
91 62
23 39
94 61
98 200
34 119
37 161
23 134
42 98
11 175
79 97
26 160
13 74
21 159
74 52
97 149
96 124
65 188
38 36
77 88
74 153
23 94
66 86
68 161
11 92
73 62
27 165
29 143
49 57
15 184
100 144
25 47
79 42
92 43
73 77
71 130
3 132
78 52
75 47
62 127
6 33
81 107
95 175
69 163
89 68
30 158
50 37
59 167
87 152
84 75
23 86
44 116
22 170
100 116
6 37
34 175
1 96
58 154
13 86
76 179
50 130
2 11
5 112
61 69
36 145
37 137
17 64
91 89
99 98
89 24
97 20
72 50
37 59
3 154
19 169
5 135
49 126
98 29
36 29
69 179
43 105
18 166
51 33
27 74
64 24
18 105
88 192
25 153
65 69
17 26
42 57
51 127
96 182
45 103
42 157
55 144
8 182
89 94
79 26
87 81
25 153
95 60
62 76
71 178
41 103
81 109
65 166
3 186
4 35
95 79
39 161
71 161
78 154
4 21
14 200
93 168
31 21
78 45
39 157
9 17
17 126
37 33
22 60
83 147
60 179
44 164
40 177
53 52
40 106
38 189
86 45
32 55
19 142
69 141
9 51
32 160
94 83
29 110
80 141
20 101
11 103
73 155
83 101
18 156
86 41
100 82
4 15
90 135
1 13
67 30
21 169
13 160
68 15
48 168
53 92
14 162
18 14
60 53
59 127
11 155
4 52
67 183
86 139
100 135
40 46
93 103
97 108
75 33
29 200
25 152
96 78
34 54
19 37
5 79
75 162
49 113
54 175
11 188
88 112
57 114
71 61
81 106
26 160
78 102
70 86
41 76
40 26
1 118
59 36
23 159
25 110
22 11
62 40
46 65
95 182
35 83
3 177
40 170
61 112
84 147
35 111
83 20
3 147
7 32
36 158
55 147
96 176
83 157
99 118
54 52
21 78
69 36
67 175
72 147
3 24
43 58
83 19
6 59
35 102
27 103
13 90
51 100
80 130
89 100
76 91
53 67
63 70
55 142
47 102
82 184
97 16
53 176
93 71
56 35
52 169
60 74
33 184
64 133
20 123
46 134
31 157
32 155
73 75
97 12
62 121
21 169
3 121
46 73
73 83
91 34
96 118
57 128
18 143
14 143
64 78
99 157
27 23
20 158
74 124
82 22
24 76
32 41
80 105
47 89
28 22
60 129
82 69
90 169
60 160
71 66
55 54
20 169
