900
31007
35 174
12 71
9 179
2 141
5 108
55 96
54 66
75 154
75 198
29 198
4 15
74 11
91 62
97 31
76 178
13 73
22 116
78 113
1 111
11 13
27 47
83 178
67 87
7 15
26 76
57 23
1 66
6 143
48 31
51 147
25 88
56 17
29 154
6 180
91 32
81 197
21 128
32 70
62 54
30 172
47 111
89 199
64 62
70 121
84 114
80 169
96 76
15 140
48 184
45 84
99 135
71 81
51 168
67 120
27 180
1 26
94 114
3 40
92 158
92 84
26 175
31 175
35 17
6 83
72 169
10 28
9 30
64 144
1 137
72 157
37 98
74 172
28 150
16 44
69 102
5 135
17 62
98 101
86 40
85 150
59 26
9 80
1 112
52 62
16 78
98 81
6 76
70 116
63 185
4 76
40 98
8 173
25 194
82 51
85 48
20 66
24 99
19 55
34 116
46 14
33 150
8 191
80 127
27 85
82 156
96 98
88 58
90 141
68 37
94 197
7 61
92 146
35 197
53 56
70 139
59 166
70 123
85 21
6 155
98 165
58 200
75 85
51 199
37 186
26 79
24 200
23 101
39 47
38 165
69 87
54 183
15 116
16 148
38 179
35 99
23 105
54 163
57 11
35 49
3 88
73 168
50 135
14 129
26 129
74 175
72 143
21 55
29 134
74 22
69 193
10 158
43 77
22 21
82 174
75 123
61 137
92 19
22 168
95 118
68 196
41 58
59 121
72 98
13 79
3 101
37 126
92 58
4 185
77 164
72 46
92 96
26 124
8 86
78 20
97 154
71 93
34 86
57 31
76 159
52 110
15 150
92 123
56 123
89 169
84 104
10 146
94 40
54 166
8 25
40 49
54 114
24 160
38 22
1 19
30 161
11 30
72 25
94 81
35 45
43 153
5 106
87 154
71 60
6 27
80 193
39 18
54 132
13 106
99 193
6 118
56 64
10 38
36 196
5 124
38 37
33 61
64 92
57 31
40 123
6 85
37 170
23 52
93 71
92 29
39 78
87 199
55 80
21 115
18 101
76 53
2 61
90 71
75 132
75 65
85 19
43 22
59 119
89 44
87 164
62 55
66 48
59 25
90 92
48 59
88 157
89 177
33 107
94 116
86 124
42 102
38 79
77 123
16 124
5 111
100 83
20 13
11 62
94 83
35 94
20 57
71 71
14 160
73 73
40 60
86 99
18 182
60 114
97 111
22 85
49 65
19 143
7 21
66 173
57 34
48 26
65 193
14 48
7 12
54 123
45 47
28 98
55 172
70 73
66 193
58 59
41 122
44 159
30 163
55 88
98 38
14 47
6 106
39 17
22 61
85 72
33 188
14 105
2 40
61 60
29 38
31 25
96 70
38 62
89 112
98 162
26 85
5 24
30 69
56 35
79 190
22 16
70 59
96 122
18 82
70 169
11 154
99 86
62 32
79 75
63 142
12 104
29 102
17 30
81 120
77 44
28 162
70 176
71 195
43 108
57 65
44 48
63 48
33 96
85 92
73 172
10 171
100 77
90 159
24 50
29 37
83 48
81 172
71 81
52 141
18 62
76 51
41 11
14 127
52 115
57 168
78 42
35 194
87 75
38 114
100 128
56 40
84 15
39 184
22 18
66 46
24 161
100 129
41 157
66 182
83 85
92 82
83 57
55 90
35 174
2 133
69 110
28 41
48 15
76 73
75 103
75 146
63 86
16 114
92 78
89 95
1 150
81 84
93 80
36 50
7 14
96 65
19 11
78 18
14 87
31 82
79 92
9 146
59 125
22 63
59 14
66 180
94 199
82 23
80 30
43 183
10 102
7 73
39 166
70 63
70 140
56 168
94 56
61 134
94 121
6 183
12 121
37 118
7 51
85 136
33 13
38 183
91 66
18 128
30 108
87 34
26 162
62 49
44 87
69 64
12 198
84 31
14 27
88 13
12 194
9 93
73 107
7 71
12 59
27 182
29 84
89 40
40 84
26 56
55 90
30 175
34 107
61 157
55 137
44 32
51 117
76 43
74 91
36 50
63 69
8 156
13 153
98 124
49 139
5 190
20 143
9 187
40 144
54 182
81 177
10 77
15 64
25 110
39 170
98 100
77 90
66 39
16 21
54 30
50 108
98 181
53 178
78 200
65 123
37 75
64 45
6 138
92 181
94 168
92 120
13 12
70 110
31 183
21 72
2 82
79 28
19 51
74 40
38 162
56 110
53 162
77 13
55 99
42 31
37 171
18 179
6 134
80 191
50 177
69 94
39 32
50 156
21 138
76 199
89 101
49 169
42 131
6 177
74 43
56 94
23 181
20 181
32 56
40 180
15 22
48 151
100 175
91 110
30 106
26 168
75 65
8 146
38 12
63 24
1 193
34 188
63 196
30 48
16 117
47 82
88 76
86 97
10 50
31 134
28 87
53 64
70 60
76 187
82 160
43 104
34 20
47 66
19 53
28 50
46 89
61 66
68 51
33 106
57 173
91 192
47 45
63 53
50 86
95 153
5 154
75 200
14 47
18 191
37 87
24 142
85 102
1 177
49 27
52 23
49 15
27 51
14 122
39 83
4 163
34 136
24 133
23 173
3 132
88 95
71 147
37 199
40 91
79 58
26 140
82 116
82 159
76 53
1 166
78 177
23 77
92 79
15 96
78 165
16 79
1 156
23 130
47 106
43 143
21 109
82 179
28 75
94 133
49 200
35 55
7 44
37 69
4 108
89 115
98 44
50 161
76 23
79 20
43 168
96 128
31 165
30 155
14 179
33 38
33 128
6 141
33 32
28 98
18 156
51 36
44 118
64 149
96 61
60 108
37 32
21 44
38 180
41 14
60 135
5 141
39 55
34 26
80 53
86 53
86 114
66 92
62 135
51 164
78 19
63 139
81 40
81 25
93 157
17 125
33 87
45 60
57 144
46 120
50 38
48 55
15 37
96 49
58 116
68 39
73 157
30 177
45 138
3 107
45 174
53 160
13 58
58 128
55 77
93 196
80 92
72 194
41 107
56 31
22 63
59 117
36 154
93 200
5 60
65 45
63 28
48 75
32 33
90 43
91 91
91 163
20 70
6 154
58 85
35 68
47 151
24 176
31 97
56 75
81 131
100 23
43 135
100 58
36 198
66 80
69 133
4 111
5 194
78 184
67 50
36 176
90 183
1 181
7 22
48 177
96 101
54 88
59 126
52 100
11 102
56 177
99 94
35 108
48 135
90 60
90 41
84 115
35 99
75 107
1 196
17 94
81 124
57 94
1 43
25 57
41 73
15 35
8 65
76 22
30 93
32 136
92 42
51 63
96 127
7 64
26 135
95 78
95 143
61 81
51 185
98 101
25 22
46 160
56 150
56 54
11 145
96 21
79 19
45 198
20 88
98 75
70 87
96 194
3 91
78 29
51 112
74 131
22 135
37 99
1 108
54 150
33 68
16 104
97 96
28 58
33 54
57 145
91 110
97 127
58 25
92 38
9 126
96 149
61 89
18 95
67 87
6 126
50 109
100 125
5 31
83 53
83 159
18 172
27 78
46 114
48 120
75 77
98 183
50 166
82 150
1 131
65 28
75 194
47 116
98 33
62 164
21 80
25 49
53 164
80 155
48 51
43 21
64 163
87 140
14 122
34 48
33 100
14 166
23 104
85 196
54 175
68 132
31 96
10 157
40 93
42 89
86 112
6 154
52 103
67 111
99 98
2 104
30 41
12 20
38 28
36 125
93 142
38 20
73 93
13 133
20 63
81 123
21 116
13 114
39 50
19 52
31 161
8 129
36 158
17 184
70 49
49 74
4 194
20 34
18 118
55 57
13 106
64 156
20 22
23 146
98 53
63 24
25 115
20 18
45 143
73 131
11 68
96 103
44 200
45 136
13 72
80 138
28 110
58 133
61 126
70 91
93 30
53 77
5 32
48 15
64 200
37 160
98 23
56 12
42 10
28 108
20 136
14 146
18 140
48 29
80 93
99 87
22 82
61 40
16 123
44 188
32 23
63 109
51 155
80 60
30 200
91 140
63 13
86 195
44 114
42 101
83 178
16 68
5 80
99 85
74 48
90 160
76 56
