900
31257
57 194
21 183
64 89
22 90
72 154
69 19
51 35
37 32
80 86
68 194
32 88
80 112
19 86
17 162
67 46
65 179
30 149
4 193
70 125
53 200
82 89
93 82
64 25
8 58
38 82
66 64
45 145
60 127
34 48
73 47
48 153
4 163
47 187
56 160
32 196
31 156
32 172
41 195
24 123
49 39
30 83
43 175
7 28
51 181
38 165
64 78
47 71
91 167
15 123
78 127
17 63
31 194
82 102
47 33
23 42
100 75
34 103
45 196
7 25
88 36
49 175
76 112
20 105
51 91
16 35
18 26
24 133
7 60
65 200
61 164
51 45
53 86
75 138
2 63
30 83
20 171
11 166
19 123
26 82
25 62
86 138
60 99
83 69
19 125
10 129
88 195
12 123
97 24
42 103
73 173
74 120
89 170
43 78
42 90
30 19
87 84
34 129
80 37
41 171
26 37
94 67
49 142
85 177
81 43
96 49
82 158
75 123
84 52
47 194
7 116
99 117
12 75
100 20
25 173
4 109
61 169
63 57
28 174
5 138
33 135
18 199
93 146
19 114
15 41
18 31
71 93
20 174
13 182
58 68
56 75
71 53
71 24
89 90
43 139
92 124
98 100
48 125
84 36
62 86
64 24
3 126
12 176
9 41
31 142
43 85
5 141
6 106
38 200
100 81
2 135
97 167
25 135
54 36
61 109
27 187
60 131
66 121
71 38
53 66
2 72
41 140
9 16
22 34
67 180
38 10
86 113
97 165
80 37
7 54
60 30
19 122
24 47
97 130
46 80
27 105
58 110
95 68
52 17
92 158
61 48
88 141
18 126
9 161
10 167
77 75
99 159
14 129
41 17
35 119
89 85
56 42
24 153
69 177
78 146
72 65
47 135
48 72
51 190
53 87
20 74
32 106
19 85
65 28
8 199
32 85
59 14
50 24
43 163
34 194
28 193
60 15
2 12
57 159
46 28
25 31
14 31
74 39
65 51
81 40
99 183
25 165
79 167
80 112
89 181
15 172
31 105
52 158
32 183
69 46
79 148
36 155
48 36
57 93
64 185
25 56
13 113
58 196
55 31
31 14
22 156
52 11
27 114
49 154
39 73
89 145
21 121
45 176
39 199
53 108
46 124
83 112
35 51
4 169
88 139
92 154
20 49
28 185
45 162
49 48
48 46
45 28
56 110
65 38
89 116
3 99
53 76
60 61
82 189
47 128
51 125
27 151
54 134
6 127
10 57
100 19
29 110
32 154
75 172
68 137
75 14
12 36
90 182
31 87
61 72
52 13
68 167
84 154
47 50
38 104
7 58
34 40
61 164
87 129
1 132
49 67
37 131
23 109
80 165
32 24
15 179
4 95
46 169
78 167
70 142
84 186
74 95
54 140
9 173
36 99
95 101
3 170
45 129
47 50
45 140
10 92
80 51
31 197
16 22
17 124
27 37
94 26
48 188
17 189
35 176
73 29
88 30
54 66
58 187
64 68
90 190
91 59
22 106
95 94
25 93
6 57
66 77
8 129
43 62
63 95
20 28
14 188
1 113
98 194
65 36
79 77
33 144
31 191
95 188
75 33
37 129
82 60
93 168
19 112
88 162
31 99
23 115
76 105
88 20
100 133
17 40
58 175
11 30
77 76
80 92
5 134
83 97
41 155
4 165
50 170
84 138
35 145
54 93
33 67
61 130
100 123
37 37
7 155
50 163
4 169
36 65
14 106
28 199
88 142
22 153
97 110
25 76
27 108
77 123
7 123
43 69
79 136
30 35
39 89
12 184
68 76
34 39
18 136
76 164
76 119
50 148
84 58
47 146
3 56
30 130
22 118
11 13
33 47
60 197
84 137
89 21
35 133
13 170
13 183
97 186
78 28
32 96
83 73
30 127
14 35
82 31
96 80
55 55
3 20
39 191
81 83
92 196
29 100
9 121
21 66
97 184
39 62
30 45
51 99
33 41
12 70
93 86
9 124
24 44
14 91
73 123
20 14
82 34
48 13
4 24
40 48
98 148
66 102
3 38
32 161
80 71
4 80
21 121
90 133
7 170
73 161
21 83
64 147
88 184
6 46
57 182
39 125
75 127
97 199
14 196
63 131
82 68
38 199
34 19
90 90
82 104
76 126
17 113
14 90
77 181
37 65
52 177
64 185
92 165
3 96
23 119
63 122
10 71
98 50
60 36
75 14
8 32
71 50
4 126
65 99
7 126
32 95
23 131
88 22
2 75
80 166
23 20
18 73
95 12
32 149
45 88
6 151
88 52
32 92
26 69
1 66
33 81
35 88
99 55
68 28
40 103
63 57
56 28
43 149
93 71
88 160
57 22
30 11
64 134
85 82
30 26
75 116
93 146
66 49
34 198
55 18
83 108
34 100
65 69
51 140
69 19
85 45
88 187
63 146
96 150
54 195
40 181
34 75
46 160
14 20
42 52
97 80
9 193
58 21
41 30
91 63
42 162
86 165
4 123
96 90
66 96
50 138
25 156
34 177
2 84
49 49
24 89
8 113
11 50
98 53
92 111
2 145
63 133
17 69
97 32
69 198
67 194
83 181
47 117
85 53
91 199
8 15
9 39
24 70
18 134
76 112
12 125
20 85
40 47
78 66
83 184
83 20
17 26
20 137
4 106
1 120
23 73
95 196
70 101
24 31
69 24
3 25
80 133
16 198
97 72
1 136
100 41
88 196
55 43
61 192
46 185
74 101
99 25
61 179
69 28
43 18
95 147
49 127
45 24
87 112
92 80
5 102
54 92
90 120
70 197
63 54
96 149
45 132
3 12
98 26
65 186
45 32
53 103
99 40
45 53
64 104
58 193
98 197
68 168
40 84
7 178
85 147
36 49
19 147
50 64
2 172
60 113
90 16
67 174
35 113
24 127
86 196
5 65
68 24
70 70
53 140
2 21
80 176
99 85
56 138
13 47
68 138
6 198
61 44
24 193
7 87
69 51
88 152
48 26
28 14
91 127
100 10
100 31
97 113
31 175
17 23
2 25
40 184
44 84
85 52
73 71
35 43
44 59
50 115
92 192
53 133
6 56
26 103
3 118
50 77
54 35
88 197
30 139
94 47
14 13
12 179
84 163
95 101
59 187
71 38
48 101
60 128
74 36
46 142
96 174
83 164
1 75
47 170
29 122
87 56
87 36
97 76
3 49
35 110
24 132
90 136
100 130
90 80
28 92
74 48
2 46
2 116
50 142
24 175
49 67
27 96
77 63
25 159
76 18
79 189
37 60
40 133
7 196
30 14
63 160
16 147
23 168
11 90
34 30
95 100
4 47
11 169
66 74
46 115
60 11
63 115
61 168
51 106
61 53
32 193
75 183
2 12
5 82
8 120
49 127
68 49
14 49
92 168
17 20
62 116
8 121
50 136
40 55
79 120
63 110
82 98
95 126
93 57
84 83
88 105
29 199
9 146
86 92
4 80
97 73
12 49
46 83
84 51
93 95
95 121
75 22
56 178
73 15
5 58
66 194
4 24
37 38
57 53
84 78
23 171
84 193
10 112
7 125
24 106
57 138
85 161
80 109
34 197
67 97
23 34
85 160
39 88
7 147
76 21
50 30
82 80
91 41
85 200
78 49
10 154
1 17
18 96
13 155
96 158
69 58
37 162
85 12
33 181
5 94
2 127
12 58
24 177
69 113
78 79
90 54
19 53
90 55
30 17
14 79
74 108
41 87
50 185
95 137
19 191
51 148
24 93
32 138
9 120
33 170
31 65
25 170
41 54
25 140
71 145
41 94
95 46
93 41
19 146
22 182
19 189
47 196
57 157
57 194
55 48
54 31
36 12
69 97
56 134
31 132
65 121
7 60
72 48
63 77
75 44
28 151
44 174
73 45
53 35
100 180
43 126
90 151
84 144
73 139
26 77
14 173
33 56
79 45
87 107
45 149
58 44
43 141
59 51
90 49
5 88
21 85
43 54
75 165
65 193
72 63
86 30
75 39
38 22
1 76
24 194
15 195
46 196
47 163
47 115
3 73
85 198
51 138
12 166
40 78
68 191
6 188
55 99
93 115
84 151
77 148
97 39
8 167
