900
32269
18 47
83 79
85 183
21 35
77 181
9 105
62 140
25 56
39 154
53 40
25 146
58 17
46 175
1 147
16 157
76 144
85 57
20 81
62 39
83 113
53 67
64 128
41 144
30 58
70 42
67 119
23 56
4 116
19 112
75 139
52 198
98 157
42 51
62 23
61 49
53 183
74 116
48 115
39 146
76 13
96 182
19 164
44 129
42 67
93 81
70 159
6 128
72 74
15 125
95 162
73 24
75 125
49 113
35 15
39 92
89 191
15 38
64 76
19 155
53 73
98 91
86 125
67 143
62 100
44 81
53 88
86 172
28 127
50 90
97 84
50 76
80 102
52 58
53 173
17 84
96 42
77 60
84 79
35 117
28 61
56 114
15 101
37 35
40 189
41 199
18 90
62 175
35 40
54 13
9 196
70 124
58 97
86 78
64 32
85 86
28 191
59 157
13 72
79 50
38 33
95 135
93 119
82 168
100 90
60 45
38 46
40 74
71 187
9 62
32 132
32 86
60 191
33 90
17 71
12 115
99 71
72 103
40 25
99 195
31 128
66 142
30 37
88 104
56 54
43 56
33 86
57 38
84 99
50 123
16 182
37 27
41 102
86 191
99 100
27 163
55 143
68 45
5 20
68 18
29 23
21 125
73 53
34 128
73 194
84 148
80 184
73 171
16 25
27 140
55 194
83 91
82 34
3 50
40 120
32 148
39 45
94 130
3 25
19 93
57 25
61 23
27 144
96 64
44 196
83 189
34 62
38 155
31 105
61 143
41 150
65 153
65 136
46 36
1 107
32 143
91 124
83 150
55 102
42 17
48 163
1 29
38 69
6 145
9 80
99 41
3 75
18 33
41 26
76 119
2 48
3 28
12 155
4 146
97 94
27 84
26 99
59 171
38 60
8 155
7 160
26 38
10 101
79 190
53 10
16 176
41 55
26 127
26 128
81 77
26 41
41 24
29 59
79 83
14 121
66 99
42 16
91 83
25 91
47 71
49 53
4 145
33 92
56 99
80 166
66 171
87 163
49 177
76 194
43 79
58 79
81 91
19 22
39 55
14 144
34 62
25 103
100 133
68 81
23 136
66 71
84 51
91 104
71 112
73 133
54 166
7 125
35 29
42 42
73 172
69 111
72 60
35 183
64 119
53 114
92 161
8 125
44 65
14 124
71 90
66 94
99 165
61 179
81 37
38 72
82 110
62 89
57 138
63 158
57 27
50 43
38 97
87 166
43 29
76 39
17 118
2 199
58 32
13 191
53 124
42 160
75 179
95 37
81 192
23 52
29 47
80 34
67 180
39 85
100 84
21 35
59 94
33 185
19 114
72 126
68 114
80 70
81 50
81 181
22 148
25 39
13 172
15 112
45 57
95 123
78 103
67 195
74 25
4 180
28 90
1 131
47 138
22 147
60 119
26 167
5 100
67 22
6 187
27 110
82 24
5 117
46 57
73 167
26 192
5 160
53 119
36 200
23 58
36 199
72 43
38 134
25 68
93 42
69 12
44 122
27 95
86 64
21 96
66 40
100 47
6 93
86 120
36 198
77 24
1 150
59 92
37 162
52 51
71 82
100 113
51 29
6 66
63 15
53 47
82 20
47 124
40 86
53 99
2 157
53 163
32 59
89 68
96 117
81 98
47 116
32 172
93 109
75 86
37 150
90 158
79 167
100 186
85 89
60 138
31 164
4 50
59 178
14 77
73 151
73 89
15 142
6 113
39 136
25 117
39 178
85 115
52 74
5 199
90 174
51 105
39 138
21 185
12 192
80 17
90 78
43 113
60 72
67 153
35 141
93 95
19 64
83 69
25 144
23 32
94 161
10 159
20 158
84 198
77 27
62 156
87 171
39 177
22 174
31 153
16 47
24 125
10 76
53 125
49 133
50 63
96 34
55 22
73 102
4 195
42 26
46 39
31 63
56 119
26 44
81 94
24 192
43 45
36 70
98 121
67 43
96 137
17 77
96 10
62 31
86 181
16 20
34 22
4 35
56 200
41 29
32 41
69 168
79 159
98 185
4 170
98 20
96 191
6 73
75 64
48 73
77 139
46 65
4 170
34 13
21 178
3 39
24 93
97 61
99 14
90 18
80 140
75 103
73 186
48 145
65 149
56 98
41 86
2 68
82 66
15 10
100 13
59 52
86 11
9 18
89 57
5 161
26 98
8 128
34 182
13 79
69 190
10 44
17 30
61 124
79 196
70 181
100 10
89 102
24 156
84 109
46 192
68 118
93 75
5 62
18 91
98 100
58 39
2 23
5 100
54 125
33 25
92 23
72 112
36 43
84 24
49 39
24 76
57 112
80 27
13 102
74 159
24 135
20 124
28 131
35 179
22 83
18 145
43 69
34 158
20 153
37 181
57 126
83 125
56 38
13 73
15 63
4 164
19 143
48 21
68 40
58 106
25 107
63 159
24 45
89 55
65 161
44 73
11 10
98 66
85 11
64 160
49 58
13 108
53 72
33 200
22 196
33 141
67 129
28 55
96 88
90 152
95 66
32 197
96 165
67 106
77 159
52 20
91 82
46 10
64 126
3 166
92 128
22 82
72 60
1 189
86 157
89 186
58 162
59 147
57 188
76 26
23 109
88 63
47 129
22 40
35 92
62 148
29 87
87 187
73 76
43 175
35 16
37 158
17 163
92 64
84 78
74 133
59 193
99 90
14 165
52 143
63 110
73 143
10 175
2 163
54 179
57 193
31 83
70 154
58 25
62 59
44 14
94 133
35 59
91 92
56 59
65 191
72 124
53 26
93 125
52 156
8 85
11 69
86 180
41 191
76 57
47 183
22 63
87 55
18 149
97 193
39 141
3 12
29 23
98 73
99 15
61 189
46 111
72 11
100 104
45 156
74 52
19 81
6 110
9 55
70 195
67 14
88 181
39 129
96 167
23 59
71 105
96 71
19 86
9 58
66 10
85 142
39 198
28 152
79 101
9 158
75 200
34 45
4 146
55 94
86 129
45 111
58 76
9 53
92 29
96 52
66 122
32 125
38 50
47 101
60 123
79 38
32 170
28 145
94 147
42 199
62 114
60 140
76 67
52 36
36 198
85 35
96 81
23 35
79 41
48 140
52 31
2 68
95 20
66 49
68 52
69 20
26 14
75 64
3 164
26 105
69 27
89 31
99 94
60 115
99 107
54 162
36 59
61 118
86 146
85 60
53 12
62 151
65 197
40 146
36 154
7 185
9 67
20 50
19 191
44 155
18 80
6 24
68 34
49 194
49 82
61 121
66 85
63 189
84 107
21 18
95 23
5 71
85 144
50 59
57 143
6 157
23 63
13 101
33 129
36 159
83 101
58 25
3 197
94 109
85 141
82 110
82 146
1 103
57 142
19 174
58 158
78 65
5 100
18 92
95 39
41 158
5 140
72 100
95 154
94 177
47 186
7 52
88 125
18 121
95 49
68 51
98 138
55 164
38 186
48 181
2 77
59 116
9 149
7 180
78 185
79 56
48 89
23 52
60 177
65 16
61 151
24 33
94 96
9 160
10 167
72 82
91 116
92 137
40 47
33 191
23 192
58 70
82 42
77 198
6 28
17 82
54 111
99 148
24 88
82 77
90 166
54 56
49 78
37 164
67 149
92 160
87 115
76 138
23 37
9 63
69 167
74 115
63 96
54 108
66 162
32 22
51 124
9 180
70 164
77 157
78 54
77 134
23 145
20 109
87 183
66 60
38 30
48 21
77 35
68 26
45 11
66 56
28 75
44 79
68 162
28 110
70 110
57 91
8 139
45 51
35 93
28 39
23 72
30 124
3 155
72 24
2 165
18 68
37 96
24 148
94 20
92 196
57 190
84 133
32 30
67 22
75 103
75 14
68 196
94 128
43 29
95 179
68 37
20 146
17 38
8 173
97 62
65 185
76 87
36 112
7 14
70 11
10 12
53 47
35 168
69 59
76 57
71 135
68 169
15 187
47 86
4 32
95 192
47 136
15 88
50 106
35 20
88 102
77 46
93 159
20 195
51 63
8 109
52 183
16 187
58 185
74 135
13 79
96 66
10 168
33 114
88 134
90 83
97 52
40 114
