600
21102
61 31
40 16
70 30
30 140
9 47
84 77
58 29
49 85
66 59
78 92
85 151
50 63
11 156
66 57
36 59
8 161
35 166
20 158
97 77
100 131
88 189
69 195
90 113
50 14
38 187
33 134
28 136
77 29
49 177
67 25
48 193
5 192
78 40
48 166
59 63
77 64
73 113
38 47
6 21
50 57
44 104
12 21
82 100
99 94
45 101
96 43
90 97
87 39
59 57
76 167
44 44
95 70
54 34
27 101
88 96
19 124
59 190
64 146
25 129
30 56
57 76
7 76
83 123
19 179
42 98
80 33
64 45
19 147
17 19
38 158
32 96
72 180
78 188
26 115
3 52
92 143
60 19
25 90
52 28
28 143
78 42
36 99
16 18
72 72
5 119
80 173
17 177
16 175
39 132
69 135
57 70
80 187
66 20
30 180
87 123
69 176
30 66
90 100
29 104
100 73
43 22
59 177
10 36
96 99
90 141
54 95
64 28
72 192
28 129
17 27
74 45
93 180
41 58
63 37
64 184
92 56
100 41
73 158
92 109
60 50
39 143
52 52
48 108
34 66
4 183
89 78
63 22
87 66
24 159
48 26
99 119
31 168
11 96
56 177
28 154
17 28
37 13
79 129
7 174
73 167
18 160
14 151
14 144
4 70
10 25
49 172
58 24
11 101
36 26
29 62
49 91
20 126
56 188
97 107
6 142
81 70
67 191
28 144
71 19
70 177
9 176
4 186
33 110
76 118
80 193
96 109
85 134
41 74
94 36
26 138
90 160
33 49
26 148
95 84
19 73
81 89
26 155
51 173
54 159
28 54
52 163
47 20
5 116
73 131
70 144
24 13
68 95
72 19
10 34
8 175
71 176
74 19
2 112
81 19
38 102
61 33
78 168
12 183
16 27
16 180
62 53
81 119
3 154
41 43
21 136
63 178
30 100
95 111
97 153
36 137
98 41
58 130
61 69
15 41
54 122
97 172
15 117
75 188
86 58
21 27
58 78
55 145
92 167
32 126
5 54
88 51
28 34
14 17
93 140
84 150
46 141
77 114
5 141
43 121
10 119
99 19
16 112
60 88
14 105
53 37
13 187
65 57
44 88
28 42
6 127
57 170
69 10
83 71
72 39
22 129
27 92
42 74
41 168
35 49
28 199
2 125
82 126
63 146
9 104
19 187
90 124
46 164
63 31
29 83
4 139
93 86
13 128
17 159
73 186
3 72
22 61
5 83
84 191
94 101
4 39
5 82
37 101
100 130
52 82
71 104
94 74
3 99
3 80
97 191
55 115
56 176
57 91
34 97
57 98
34 95
91 200
10 146
57 108
17 156
19 12
42 50
43 176
90 116
45 135
27 115
22 50
45 52
68 174
77 167
10 164
98 177
18 39
39 149
19 88
68 157
87 198
21 54
47 126
79 167
22 196
75 120
53 39
89 95
83 105
68 79
49 191
14 64
18 143
73 50
67 166
58 30
54 52
84 65
16 104
91 25
88 192
30 127
12 18
63 54
39 123
27 96
63 141
30 117
51 45
38 165
59 179
2 165
34 121
93 42
86 151
17 79
72 96
2 176
48 190
19 169
8 113
52 189
16 18
14 135
35 179
88 180
78 51
48 85
50 46
65 61
60 120
3 87
8 126
58 91
84 194
72 119
25 63
28 194
7 15
94 99
21 52
68 156
68 176
100 104
38 104
69 60
46 135
5 116
18 52
64 42
60 48
24 64
24 146
86 27
36 56
84 80
65 168
88 193
44 172
97 165
2 142
19 80
16 105
50 106
27 43
67 195
72 82
59 82
75 147
77 61
36 176
52 168
38 170
74 184
30 111
89 171
72 186
85 131
66 127
77 101
35 42
68 109
66 152
67 167
34 40
97 39
10 109
77 150
27 166
41 127
62 135
71 172
22 154
2 177
7 147
71 67
13 104
54 88
23 145
46 152
83 102
27 54
37 92
47 172
84 176
29 147
20 55
14 121
93 108
99 132
35 117
81 169
61 32
14 181
97 145
26 191
95 78
28 66
85 114
41 178
63 97
67 127
37 200
52 75
65 174
21 163
52 171
41 74
93 161
2 180
50 167
79 18
87 177
43 148
82 190
60 149
3 72
5 188
24 161
64 148
38 47
78 46
60 164
58 51
75 113
5 136
42 128
44 114
89 157
61 36
10 36
34 77
2 46
68 21
77 106
17 144
74 81
83 171
97 175
18 135
96 20
43 142
5 149
40 104
8 53
86 171
42 150
85 167
32 112
75 15
99 189
6 95
31 49
13 72
63 184
51 135
99 116
75 73
87 140
100 29
13 145
63 134
12 194
64 192
47 31
92 95
7 48
44 89
63 58
70 126
72 142
15 194
23 119
49 117
75 100
82 189
3 81
19 100
25 117
36 39
39 124
35 170
52 23
61 53
22 95
56 22
3 168
41 85
29 33
43 113
79 75
12 30
5 102
53 68
97 109
53 170
79 194
17 191
18 174
44 160
11 198
45 14
76 185
96 17
30 172
54 71
10 73
94 190
49 92
42 10
41 47
67 27
4 199
48 109
46 58
93 49
52 17
84 93
22 66
6 181
91 114
90 61
8 23
59 155
81 156
100 90
78 68
29 171
97 98
64 198
27 132
15 192
93 157
74 23
84 171
98 81
51 136
92 148
69 58
84 26
47 161
47 78
94 56
34 74
9 112
23 141
28 95
31 166
40 34
90 171
