600
19962
50 162
17 41
18 185
33 128
44 161
91 162
22 88
85 95
31 10
10 12
81 92
99 74
93 182
11 52
98 121
71 130
76 98
9 128
43 91
58 19
51 21
51 178
37 66
27 118
26 141
16 75
52 186
85 147
99 188
65 117
97 130
63 91
94 31
24 160
38 183
9 172
41 145
21 104
39 84
82 197
71 116
84 91
47 106
44 33
46 67
1 17
82 96
11 90
43 67
8 83
78 22
8 155
62 96
74 140
11 97
78 72
2 78
79 182
11 168
6 181
35 21
56 99
24 66
87 177
61 127
95 78
78 91
49 131
87 193
57 69
83 33
13 95
83 194
53 167
25 80
20 130
66 187
73 184
31 165
5 45
90 130
41 104
45 63
42 61
57 145
76 27
77 31
100 49
19 50
23 112
3 122
87 183
10 64
8 169
58 182
51 95
37 57
2 40
74 159
21 139
48 153
85 84
48 70
46 91
35 70
16 188
53 126
4 158
33 87
65 41
46 126
70 77
51 177
100 145
34 150
68 79
18 16
29 64
88 30
13 81
8 99
15 127
49 153
45 84
18 94
1 10
47 110
64 184
59 196
28 12
4 116
21 11
67 139
80 94
29 108
10 76
75 196
88 90
84 109
41 84
42 129
69 56
71 66
47 110
15 101
48 136
89 183
88 33
82 152
37 45
3 132
73 171
78 115
14 181
28 109
5 100
37 57
29 157
24 131
7 177
7 120
23 60
91 108
43 46
98 199
20 87
10 186
75 163
3 53
84 35
63 163
51 140
20 165
86 137
62 90
29 35
80 76
40 94
65 131
37 145
35 34
16 145
36 139
20 91
46 76
15 99
26 30
65 180
2 11
13 187
41 74
21 17
16 157
78 192
20 154
80 151
60 20
34 70
80 96
71 31
70 46
25 133
31 117
60 199
62 168
92 49
82 113
3 65
28 120
57 94
15 181
44 85
24 119
2 63
34 136
59 186
98 149
24 169
96 68
89 70
7 110
39 25
26 183
6 151
16 107
33 75
91 39
42 158
17 30
71 89
68 20
26 44
92 191
72 17
53 108
48 151
90 146
47 71
18 72
21 195
29 85
78 95
1 174
17 177
4 184
76 114
72 96
56 123
69 74
49 85
54 81
22 200
25 64
19 144
65 109
62 138
96 124
1 120
85 198
10 190
82 56
88 108
4 65
30 111
1 191
89 184
72 99
34 142
43 105
13 169
31 192
91 80
65 81
63 194
26 38
50 162
6 20
27 88
85 106
71 168
54 123
29 17
91 29
33 119
59 176
79 99
7 59
41 190
99 107
23 141
65 174
6 124
50 133
73 133
12 36
21 138
13 134
24 140
89 18
81 91
82 57
7 179
18 150
5 114
88 181
77 169
94 87
66 120
29 169
30 56
13 73
1 33
41 195
75 26
17 46
83 55
19 136
69 156
98 82
30 66
26 96
42 158
100 180
90 50
52 27
89 184
20 22
3 132
27 89
19 30
63 136
20 20
36 82
73 28
11 200
74 70
90 174
21 22
98 18
72 87
53 39
51 87
82 47
64 60
69 107
42 88
24 167
15 16
14 150
5 117
35 165
62 133
87 151
12 107
9 24
86 17
34 138
39 128
98 74
80 169
42 137
43 17
45 150
8 51
54 43
87 13
94 48
9 86
9 129
6 182
27 70
45 120
91 67
79 198
98 13
94 162
9 123
28 177
81 110
70 105
81 20
25 89
51 183
45 171
56 74
21 168
34 195
30 18
62 162
63 131
24 127
25 30
6 59
54 105
24 44
10 71
97 132
73 164
49 76
5 157
57 53
36 49
2 121
46 14
48 126
82 164
78 128
73 144
77 196
96 193
48 62
35 110
34 182
81 166
19 96
20 140
67 149
46 180
39 130
41 23
55 93
51 17
65 147
64 23
84 37
78 184
16 31
98 200
50 106
64 43
24 119
70 76
68 171
28 11
34 172
52 29
17 67
89 134
98 35
76 79
63 17
15 139
16 167
100 92
35 115
51 149
84 185
45 40
27 193
29 72
31 146
19 56
37 122
96 192
99 155
94 137
57 61
24 136
56 169
82 174
53 116
65 113
28 21
65 169
78 107
53 82
12 118
18 131
100 123
93 157
68 141
54 155
92 70
41 146
77 71
60 77
94 44
72 89
24 195
3 196
53 13
82 136
8 192
71 138
20 17
51 144
46 87
18 15
38 144
14 172
36 19
66 98
68 43
62 108
48 37
75 180
29 16
95 105
11 131
65 53
45 25
84 135
36 84
30 185
5 61
2 174
9 39
25 169
96 25
6 100
24 52
31 73
39 80
14 22
30 156
57 72
5 74
32 42
33 99
11 106
25 20
43 76
54 76
29 115
62 38
41 111
97 145
6 105
90 58
50 12
28 149
86 159
16 75
7 198
7 101
28 126
71 69
31 130
99 18
63 140
46 17
28 43
89 53
82 184
45 167
82 67
19 48
64 57
18 20
31 88
86 148
8 15
64 29
64 19
93 185
22 111
21 144
41 166
81 164
2 126
15 101
33 127
39 165
85 68
86 162
37 185
1 157
23 69
15 20
4 45
78 85
71 25
42 20
33 200
75 155
2 41
12 125
73 191
78 24
3 188
60 57
60 114
35 196
18 136
50 140
98 90
26 111
8 47
84 169
26 118
92 116
91 17
17 44
25 177
88 185
37 195
56 170
91 116
22 83
17 84
