600
21831
80 143
43 75
69 117
40 85
73 99
91 24
11 12
76 166
22 128
78 138
30 120
34 65
98 132
52 105
38 162
81 156
25 140
63 81
42 75
66 44
97 158
98 73
18 186
4 72
97 24
67 150
58 106
18 134
66 139
31 189
60 200
25 45
25 22
59 52
35 119
11 61
62 55
22 45
93 131
34 161
88 76
76 13
8 185
63 197
91 28
18 60
97 37
19 119
44 25
10 195
12 128
12 91
99 30
69 166
2 75
69 57
21 150
43 33
1 96
2 190
56 80
51 33
99 84
47 170
70 193
73 195
57 131
94 93
48 116
25 44
93 179
34 197
53 16
35 49
79 37
34 90
3 185
64 187
77 139
74 128
61 127
96 106
16 135
84 187
42 24
5 198
16 19
74 65
3 174
76 133
62 112
22 15
15 102
43 133
71 75
7 97
7 41
31 25
36 73
42 45
58 78
60 189
95 29
54 149
10 16
95 126
25 147
26 158
100 43
49 30
91 64
73 163
51 174
76 185
41 179
65 77
91 51
89 151
4 48
75 108
76 129
37 15
41 160
41 110
26 160
73 77
93 41
53 83
23 167
18 12
2 149
14 135
7 187
97 77
3 17
85 97
53 23
86 93
43 56
69 118
47 179
64 96
33 41
23 81
35 49
3 87
52 53
8 21
14 126
58 24
75 72
17 199
9 187
57 55
50 158
2 191
83 20
89 83
53 162
54 185
82 39
3 19
93 46
40 174
13 20
28 167
17 118
9 168
32 151
97 171
15 20
34 15
1 195
64 91
41 64
22 99
17 46
25 174
42 103
64 161
65 119
64 55
42 129
66 128
27 108
58 56
39 168
83 138
42 132
19 117
30 191
70 100
23 88
99 82
73 84
4 12
40 75
93 12
31 125
95 56
38 68
76 84
98 25
50 148
44 91
32 85
70 44
90 176
53 24
17 124
100 17
30 125
84 140
78 18
89 111
78 46
63 87
18 24
49 105
77 39
18 63
98 30
35 98
47 191
86 22
56 93
57 128
58 14
65 179
42 166
61 71
31 103
7 140
47 131
39 190
48 86
24 150
67 184
6 186
28 12
35 139
35 73
12 147
20 199
35 200
96 116
52 116
86 152
19 104
47 24
93 68
93 95
88 34
16 116
85 194
36 84
70 67
76 105
80 70
54 76
74 27
10 137
95 120
71 150
61 151
62 26
16 66
26 27
32 116
93 66
93 88
99 60
8 97
88 77
80 10
65 77
53 114
94 185
37 75
11 32
71 104
3 95
59 139
91 184
33 25
93 191
93 150
39 172
4 143
53 109
78 169
6 198
74 162
27 192
67 127
15 143
58 164
68 74
8 89
42 99
1 134
2 91
94 169
38 87
12 175
44 18
75 86
33 131
30 25
89 103
58 193
4 159
84 20
23 14
36 52
29 46
94 67
80 63
89 168
79 113
52 49
38 52
95 107
76 164
41 135
46 171
59 200
8 32
81 96
6 98
79 24
27 99
32 20
10 164
68 98
81 91
42 179
62 118
2 34
82 58
17 18
35 50
96 107
10 184
60 39
83 65
71 38
51 97
66 21
83 39
64 102
96 54
39 71
32 94
23 186
84 24
85 149
1 52
25 164
66 93
45 102
31 141
2 130
34 31
39 106
49 181
80 132
23 109
41 184
37 168
3 14
31 60
55 171
41 56
92 185
56 146
8 155
79 138
46 15
84 178
1 150
10 150
40 144
65 175
4 123
98 147
60 93
46 56
43 80
90 197
44 25
27 157
28 57
62 61
95 78
99 134
23 33
75 129
32 16
6 78
13 164
83 144
77 139
55 161
31 67
17 167
55 13
62 10
43 147
43 21
80 155
71 81
51 42
51 191
64 47
41 96
75 65
100 35
93 10
31 12
96 69
73 102
93 109
32 28
33 34
49 138
88 23
37 182
75 75
9 55
20 37
18 122
63 57
35 105
28 180
13 141
59 88
37 83
5 171
85 15
99 182
69 123
63 158
25 116
27 43
73 178
26 95
32 51
76 82
75 86
10 42
48 127
14 22
14 73
49 86
17 142
68 72
71 193
16 191
53 174
96 22
96 77
14 20
33 124
61 65
77 139
37 68
94 93
80 74
38 190
33 53
77 113
86 122
78 139
4 113
9 12
83 78
48 104
4 36
90 196
47 148
17 48
35 85
58 77
22 105
27 79
12 162
50 175
55 177
62 97
31 137
91 114
50 32
96 58
69 95
63 114
34 52
91 162
59 69
90 79
100 131
35 147
88 123
81 34
49 36
100 61
10 59
37 150
31 44
1 112
33 155
34 160
1 116
94 162
86 116
9 87
92 150
63 178
61 12
74 177
66 186
50 132
48 144
97 34
31 183
93 97
50 172
45 126
74 130
43 156
47 54
94 12
38 155
66 197
94 18
36 158
72 174
82 86
94 172
8 180
78 54
83 152
2 106
94 168
100 40
91 172
60 155
96 174
62 54
15 43
23 61
88 40
78 54
34 66
9 197
10 60
71 79
33 111
94 35
44 104
88 154
77 62
97 146
23 169
12 159
61 50
83 134
23 147
98 43
23 195
100 44
58 161
83 164
74 63
67 82
81 111
57 173
70 107
47 80
46 13
79 45
47 56
78 133
43 153
57 196
79 186
73 138
82 146
56 27
86 37
92 66
90 50
52 18
48 111
23 86
68 32
38 86
31 93
63 21
26 102
