600
21299
1 178
77 155
53 45
12 139
71 184
40 145
60 106
98 20
20 131
78 109
28 143
93 188
11 63
82 33
29 91
1 184
74 26
41 172
35 102
21 36
83 14
37 187
42 73
7 25
2 112
22 190
84 170
14 35
17 69
89 93
27 158
25 163
42 107
71 126
32 113
40 120
26 159
39 167
19 75
53 84
43 18
8 74
47 76
19 188
70 32
58 56
83 42
56 142
79 108
89 38
26 182
52 118
10 181
26 81
98 183
96 136
32 69
70 185
62 165
56 67
98 174
84 125
73 101
38 23
51 68
45 159
6 25
76 18
66 18
76 64
93 94
73 114
18 14
9 178
78 24
98 90
99 74
67 145
10 170
48 103
61 170
93 114
2 166
85 82
15 91
65 145
29 154
86 111
6 142
52 136
84 54
15 62
83 54
75 39
63 26
28 128
59 33
9 169
64 113
89 196
51 61
69 135
41 39
42 174
45 120
88 121
96 35
38 172
68 111
46 49
6 49
77 143
66 78
93 143
38 95
45 158
12 168
21 148
34 183
59 28
43 135
8 93
72 154
68 115
76 147
63 121
50 82
48 158
53 96
22 64
73 172
29 54
61 85
68 127
45 94
15 143
80 70
19 86
92 21
88 82
74 51
52 63
100 12
5 66
40 85
78 187
36 30
42 56
49 156
78 173
69 180
82 49
49 19
63 182
53 141
8 60
16 113
66 181
100 82
92 104
45 199
24 78
54 162
72 114
100 148
52 76
73 91
81 113
83 171
8 172
32 46
21 30
31 139
86 199
97 65
50 46
56 103
72 122
60 111
88 21
72 198
88 43
84 179
36 165
26 132
48 156
73 24
87 23
19 62
7 192
99 70
56 71
57 104
82 186
78 190
98 143
32 40
45 38
66 52
50 68
84 87
72 68
32 79
34 110
80 195
46 179
49 17
7 180
67 175
57 129
96 85
29 32
21 42
58 136
65 50
66 190
10 79
44 141
44 17
83 56
58 114
26 13
88 184
20 141
40 171
74 148
90 159
83 189
29 140
61 66
49 10
68 187
84 157
51 105
61 182
84 62
24 58
97 37
47 26
91 83
80 38
7 96
33 30
5 189
48 17
52 141
13 194
55 180
21 176
59 91
3 85
90 17
59 187
18 117
15 178
54 90
11 81
87 171
55 38
28 135
54 32
71 45
75 68
56 43
73 87
42 71
74 167
34 32
90 71
78 17
42 51
10 61
63 66
55 10
81 171
38 200
55 154
21 155
45 14
27 138
56 63
19 57
6 104
39 64
22 38
91 71
19 138
53 103
17 103
49 92
31 176
5 64
67 28
98 141
82 128
76 150
77 168
57 170
59 71
39 43
18 91
17 127
89 115
59 37
66 171
86 30
96 170
41 56
66 103
64 108
18 44
76 146
88 46
92 123
46 70
34 57
77 104
59 129
38 105
90 16
28 96
79 130
66 146
28 102
57 68
34 158
82 44
14 110
29 67
8 119
22 106
48 85
68 70
90 126
16 45
39 58
80 72
47 20
47 182
57 182
21 69
4 198
79 132
13 168
6 197
35 192
92 166
26 155
52 104
52 188
39 115
4 127
47 105
64 170
20 106
54 117
90 197
86 87
78 20
99 65
61 141
14 15
87 75
34 67
62 112
89 136
19 22
2 79
6 10
94 98
98 54
13 110
87 70
96 25
45 135
43 84
70 68
67 18
55 113
98 111
74 172
50 136
75 116
5 153
52 41
68 40
15 115
5 35
97 133
41 129
96 95
39 84
32 129
40 101
25 181
46 193
38 199
25 149
77 30
23 185
66 166
51 74
20 92
11 61
8 190
58 72
95 111
68 160
95 176
60 47
81 97
88 159
93 128
52 55
66 102
5 132
61 172
50 28
3 72
17 18
77 28
60 191
55 62
87 186
67 180
50 199
10 167
94 52
44 149
54 159
4 124
92 85
22 126
4 92
21 163
39 98
69 134
27 179
4 153
13 36
60 96
67 14
64 21
24 32
30 127
56 85
8 120
78 51
21 141
26 114
65 77
12 112
23 130
1 200
48 196
28 14
31 27
95 141
92 19
45 48
45 13
22 148
10 164
37 196
33 116
17 169
13 178
3 80
87 149
38 161
90 100
77 54
41 44
64 69
89 148
98 123
53 31
75 155
2 126
43 83
21 121
41 10
37 81
95 139
82 118
56 74
58 124
92 90
24 107
21 68
9 159
60 200
60 129
43 122
4 177
67 90
30 180
68 166
90 52
89 61
35 92
35 94
87 48
7 146
69 18
25 44
1 65
54 29
75 156
76 132
15 79
67 111
36 122
75 15
51 155
80 11
36 193
24 129
99 25
95 68
4 62
3 192
8 147
47 141
25 81
99 196
3 189
43 48
18 175
20 183
43 94
51 146
76 78
96 76
50 147
3 119
12 138
17 101
88 187
4 194
74 159
36 27
56 92
2 70
84 97
69 193
13 46
38 104
100 121
3 199
73 172
3 81
30 156
4 36
1 111
34 117
78 192
63 150
84 108
74 181
6 191
5 56
91 102
19 28
39 16
91 36
79 67
43 163
87 76
20 96
7 54
75 162
50 74
37 54
86 41
43 134
24 102
79 178
98 112
67 135
62 48
8 129
63 132
17 40
31 56
59 21
46 118
84 123
70 195
51 178
53 34
34 168
54 65
47 42
44 46
34 94
6 166
66 163
67 37
32 82
