600
21810
28 113
63 147
56 54
62 82
29 31
80 17
98 189
99 158
61 96
85 70
3 12
3 65
2 48
68 119
54 50
63 63
75 33
13 87
84 80
17 111
24 70
81 114
20 13
95 70
43 185
6 133
6 177
45 34
97 98
19 50
5 149
44 198
12 28
99 182
64 194
19 33
6 143
93 88
83 147
80 189
70 129
34 94
69 126
79 195
46 116
38 13
30 192
96 83
24 36
73 68
26 194
7 55
34 55
71 13
15 60
97 60
24 192
41 188
28 66
77 120
4 32
74 161
40 62
74 197
74 120
36 77
42 145
63 190
83 113
28 117
96 48
39 108
19 19
96 99
96 127
71 118
11 196
39 54
95 194
66 172
1 16
28 59
9 184
74 43
43 200
26 190
81 71
76 10
17 124
20 184
4 68
57 89
49 144
50 34
30 193
37 28
26 194
5 54
16 61
28 115
99 92
29 185
93 167
86 57
89 154
45 175
66 115
31 154
100 197
46 28
58 22
89 52
30 113
50 26
67 59
69 146
28 144
54 19
5 72
99 37
65 129
47 69
5 171
33 68
54 30
37 77
7 77
70 147
30 92
80 108
79 132
81 113
77 173
75 185
89 34
41 145
7 186
87 43
7 145
28 21
9 73
26 195
39 196
1 129
25 183
91 111
41 29
32 176
58 43
26 25
63 73
99 190
85 45
17 52
32 182
87 38
29 80
60 47
91 38
55 63
50 169
90 111
50 120
55 45
21 170
62 71
100 47
81 55
77 38
5 184
45 108
14 190
96 140
54 58
6 122
43 13
96 12
67 102
100 159
83 145
50 93
15 135
35 80
94 179
62 144
22 127
21 106
65 167
9 199
51 46
85 20
67 35
32 87
59 168
59 80
15 105
31 26
8 133
29 75
21 40
44 196
37 146
60 38
18 45
86 108
48 52
27 94
68 144
98 141
53 94
88 66
49 200
48 96
67 87
43 156
20 103
69 14
88 37
71 187
32 39
14 101
54 30
93 181
44 148
2 147
74 65
57 173
36 106
47 70
86 193
60 19
11 51
71 134
63 153
82 78
61 102
93 69
29 18
55 107
71 28
87 67
18 52
97 184
9 39
29 30
94 72
16 149
97 87
12 164
36 38
99 44
52 42
37 37
44 125
67 17
81 190
97 178
72 89
52 153
22 161
15 183
76 174
85 45
65 63
51 38
36 80
7 120
99 66
67 198
16 35
31 45
51 150
16 119
74 189
65 39
71 84
33 100
92 90
71 35
21 146
4 41
61 193
16 147
88 114
55 44
80 52
73 194
50 160
13 15
60 195
66 37
33 70
82 149
50 148
53 89
11 68
39 95
23 199
39 64
88 194
69 117
29 139
20 113
91 113
47 143
54 47
96 180
68 38
18 61
83 116
35 125
72 112
58 118
44 87
31 89
38 82
64 185
81 107
88 49
46 53
86 196
48 160
24 67
54 90
13 65
75 45
51 183
67 109
12 20
78 66
52 118
80 22
72 28
31 97
65 168
64 72
89 132
16 122
10 161
80 157
40 127
88 123
77 172
56 167
9 200
86 122
84 164
86 33
43 91
21 105
17 92
55 80
91 53
23 178
59 146
74 39
31 24
46 187
96 64
45 176
50 154
38 121
84 13
34 12
81 171
91 184
70 56
70 119
64 149
71 82
15 197
85 87
58 13
15 156
72 47
71 96
60 69
67 187
92 114
79 174
37 63
58 78
37 174
52 166
72 41
34 158
51 78
2 165
89 43
41 130
70 161
72 153
46 136
47 97
56 158
64 185
86 148
68 95
6 186
87 92
99 107
33 106
1 187
30 42
66 127
82 63
92 92
89 114
51 185
30 94
34 34
36 155
72 128
81 79
72 175
18 73
89 105
5 29
84 57
98 147
60 35
2 58
61 158
48 184
37 96
100 148
6 189
1 142
33 189
26 198
43 49
62 198
37 161
2 152
69 132
30 124
46 134
58 50
14 174
78 20
58 138
89 58
54 175
76 168
89 100
88 18
78 176
88 145
2 199
85 91
34 52
37 60
54 27
42 108
46 74
15 143
66 186
13 110
62 30
88 90
23 191
70 160
5 34
9 158
76 13
61 55
71 19
89 66
47 55
31 126
62 130
34 118
9 199
65 84
84 34
69 174
8 62
82 134
69 100
19 184
67 85
1 79
76 196
93 54
64 32
74 132
87 67
66 99
61 150
27 158
28 60
95 187
39 130
7 104
57 44
50 114
38 166
7 40
88 139
53 169
96 71
2 176
70 64
49 87
37 65
44 162
5 159
21 143
10 142
97 164
59 166
83 100
66 139
59 182
18 75
49 68
31 173
69 79
58 84
63 71
48 95
19 158
4 174
62 141
91 143
37 99
5 74
67 61
54 174
6 143
23 115
79 194
22 189
7 84
66 125
97 185
43 123
61 129
22 192
73 144
53 137
49 102
31 56
93 31
60 100
51 200
66 169
34 180
35 76
33 43
98 142
96 15
80 160
58 40
24 42
67 180
93 86
60 70
32 61
86 84
83 185
66 64
27 81
33 11
12 142
54 81
89 131
50 28
96 95
8 155
65 195
36 103
7 146
9 37
33 37
43 134
63 163
2 87
3 92
85 36
17 47
21 166
82 70
54 55
98 40
70 10
26 180
14 164
60 89
19 147
54 177
87 81
45 54
42 16
46 184
18 108
96 105
95 15
26 19
15 81
