600
22264
12 41
78 140
54 145
58 23
83 165
39 20
20 154
42 19
62 108
86 115
28 25
44 23
46 63
4 185
99 47
89 105
74 68
28 16
86 74
57 105
20 113
88 63
89 144
75 11
98 93
38 175
23 28
79 130
77 148
84 66
32 43
78 24
75 177
2 124
82 137
36 161
55 100
18 187
55 178
97 189
68 93
35 199
76 177
28 39
85 123
12 47
94 98
28 32
57 82
41 64
25 180
38 183
55 195
13 49
22 183
72 170
76 43
36 25
26 54
18 124
33 159
60 71
77 41
67 176
51 185
46 126
28 60
7 164
83 26
48 155
31 93
31 91
72 58
9 94
95 173
40 126
56 71
86 110
25 84
58 66
93 162
46 10
66 200
35 89
35 60
71 91
65 149
98 80
53 95
79 102
58 111
72 22
56 107
24 114
66 189
27 33
64 10
97 193
56 80
13 84
56 112
58 113
68 30
77 167
99 19
26 162
93 155
15 123
99 168
75 107
79 30
78 107
90 17
33 142
27 114
29 24
88 156
8 72
15 139
51 178
1 181
69 187
40 86
11 131
70 33
60 159
35 11
35 174
58 151
47 135
43 123
62 50
86 90
8 160
97 192
42 72
28 103
95 70
43 142
84 95
24 114
68 121
83 17
81 53
97 84
36 108
17 51
28 180
71 67
38 140
63 153
83 66
82 164
83 185
2 66
50 121
90 162
71 188
10 181
27 165
71 161
58 19
73 139
24 57
49 179
47 19
66 192
49 67
94 58
63 11
3 156
57 94
82 26
33 79
39 142
71 29
41 150
66 102
99 97
22 81
68 123
65 155
71 121
3 28
10 49
80 132
66 198
94 46
52 89
81 193
9 130
88 35
34 65
52 144
53 24
58 197
43 137
93 135
72 150
99 183
15 160
86 68
65 18
25 159
58 125
79 45
88 157
12 71
84 123
62 194
61 141
74 72
13 195
25 144
62 165
2 117
46 48
37 58
64 31
2 82
69 120
57 17
70 86
53 98
85 97
29 100
56 165
58 166
76 86
43 150
18 127
63 185
46 60
26 197
31 144
91 168
89 96
45 191
2 96
96 65
7 84
70 87
25 166
30 185
44 61
56 45
41 151
9 51
10 118
8 90
65 196
84 119
14 172
62 17
100 111
45 45
26 113
7 175
86 124
30 154
82 48
2 97
1 170
94 158
59 159
74 65
4 93
26 123
7 14
12 40
93 11
42 105
20 198
46 62
75 192
55 195
71 23
94 59
44 47
62 113
22 124
10 30
42 124
17 164
20 54
31 48
52 142
32 191
84 192
87 132
69 46
90 70
52 94
39 114
9 31
68 198
40 169
1 87
22 38
46 101
11 177
42 59
55 126
11 140
96 94
86 71
11 84
95 106
85 23
89 105
1 141
15 185
70 43
31 124
53 199
86 29
20 189
67 22
27 72
10 91
15 141
48 133
76 195
85 151
1 170
71 15
66 77
49 129
22 18
22 20
93 171
22 61
52 34
39 48
26 84
61 53
29 24
79 15
32 169
63 117
72 166
52 83
37 162
65 175
95 36
67 163
56 145
53 21
96 82
73 140
99 76
11 77
24 188
60 188
56 169
47 81
54 153
71 57
78 143
77 56
37 30
4 96
82 170
8 79
63 19
40 58
80 163
9 159
19 146
85 74
33 179
51 56
71 130
22 188
90 162
99 98
11 173
82 157
41 135
51 152
62 90
98 20
67 33
39 160
9 18
23 26
10 66
62 85
58 150
96 30
24 161
84 181
90 14
77 95
96 34
95 61
92 192
26 22
36 41
32 45
81 54
39 132
41 162
65 11
47 154
64 118
55 118
78 26
44 23
89 106
93 29
1 163
71 172
15 167
32 131
23 131
36 127
39 169
80 165
71 141
18 80
43 121
60 61
33 108
68 114
92 187
18 27
92 76
78 71
61 200
100 104
84 125
80 73
80 196
68 87
89 54
86 173
83 58
56 142
34 76
96 198
66 193
78 13
51 163
43 42
18 49
95 193
5 89
31 193
99 184
67 91
97 23
60 64
39 100
49 111
83 96
62 187
85 109
48 87
32 160
38 37
52 140
28 122
47 185
88 120
6 109
88 87
69 12
28 132
72 177
38 181
98 70
38 129
85 81
49 118
51 175
24 113
52 48
89 191
47 64
9 144
99 33
70 125
89 139
21 108
36 87
25 155
76 76
25 172
80 94
80 48
100 173
93 122
42 170
15 78
97 82
68 134
47 69
45 165
25 49
7 168
81 177
91 132
56 196
22 85
75 157
89 193
37 112
68 27
59 13
26 48
64 67
12 149
84 147
58 75
96 138
55 15
52 30
70 44
56 47
45 136
9 146
99 103
93 85
4 171
20 76
8 80
100 104
88 182
77 50
77 144
89 154
33 76
8 33
92 16
18 184
24 190
6 154
65 92
58 175
38 76
58 159
71 53
82 194
86 67
11 199
55 110
72 39
77 113
23 177
23 119
6 140
51 169
58 113
1 170
93 112
44 56
58 116
45 144
39 43
47 34
36 38
78 43
63 50
91 147
22 19
76 193
28 67
8 59
2 116
18 124
9 168
40 17
43 97
52 189
21 194
77 102
40 31
66 114
92 71
21 121
88 80
14 14
11 157
41 141
43 199
47 63
78 146
94 131
75 174
20 14
50 37
41 120
85 117
69 126
11 114
61 162
8 14
31 100
88 29
