600
20447
99 138
31 60
96 40
89 29
7 30
8 22
33 31
21 108
81 138
24 60
14 195
95 52
80 155
59 120
96 115
52 85
36 93
90 115
48 188
90 138
3 112
51 24
88 183
57 53
26 103
17 86
14 126
22 151
67 122
100 187
44 147
50 198
3 199
56 99
71 157
86 145
73 71
13 115
40 200
8 161
12 71
85 20
50 176
1 180
52 63
13 130
39 73
19 53
99 75
1 88
17 66
7 192
43 12
69 11
32 96
96 48
44 45
87 33
36 19
47 173
86 59
36 185
39 96
65 83
41 111
13 193
76 135
10 19
28 50
30 123
43 41
100 96
81 165
38 151
65 93
61 181
55 147
72 74
44 96
55 137
22 156
42 19
79 109
97 84
98 142
80 134
67 78
30 117
45 47
7 182
35 54
84 115
73 197
8 15
72 84
61 160
32 11
7 132
8 134
75 60
61 126
39 81
36 88
14 70
16 157
2 150
1 107
21 61
26 28
93 75
9 180
49 128
91 89
24 53
44 161
11 135
34 43
10 190
66 105
48 100
70 162
5 191
87 122
3 21
22 61
11 47
1 52
53 108
50 54
100 170
19 45
46 78
30 87
52 156
51 128
51 158
3 69
86 192
31 77
2 136
88 109
21 158
21 168
82 139
7 103
47 191
3 75
98 160
30 70
43 61
70 81
91 77
97 64
76 46
87 24
91 130
74 28
96 15
73 16
17 47
82 44
60 159
98 106
19 14
81 53
57 143
53 39
14 199
73 86
20 25
63 40
64 199
5 50
15 92
81 68
40 39
12 65
18 121
70 69
53 127
66 106
36 105
51 31
42 150
89 191
77 48
18 76
84 162
36 105
64 124
6 123
55 83
9 55
45 68
77 43
36 131
4 82
84 157
64 102
71 81
20 95
16 29
83 178
6 62
62 153
93 45
54 54
42 71
31 45
95 46
49 175
97 91
32 56
45 51
87 150
42 69
81 64
49 73
55 39
22 174
25 97
74 113
8 195
94 100
19 156
2 170
55 160
16 128
3 12
6 44
100 22
21 59
40 37
57 29
10 60
79 158
76 117
15 149
49 113
1 197
48 144
48 35
26 108
69 180
71 193
86 53
78 141
29 69
72 96
64 39
84 19
27 126
38 15
84 72
13 73
5 170
41 169
97 131
59 192
25 192
96 122
51 161
49 105
4 180
97 116
99 66
81 32
30 73
22 136
78 103
18 134
8 45
1 197
53 184
86 158
51 60
35 19
13 73
72 118
1 19
62 200
100 28
49 59
12 75
43 142
12 177
45 17
50 54
1 65
72 56
18 112
54 200
44 110
52 119
61 183
25 128
12 96
13 68
69 180
69 199
90 136
45 166
81 45
38 66
100 84
8 65
54 198
24 156
76 48
28 68
26 42
7 157
99 166
34 82
30 181
9 25
98 11
27 75
10 189
52 92
8 11
16 48
71 32
34 111
93 42
13 45
69 119
5 79
81 185
41 148
10 99
62 177
68 13
92 95
79 179
87 51
79 94
74 126
66 88
30 69
59 191
10 41
87 150
61 151
61 84
70 36
38 78
21 24
96 96
59 48
3 199
91 32
63 93
76 22
94 154
74 23
58 191
2 178
35 165
63 70
13 44
82 176
69 41
49 66
45 108
86 40
50 173
26 193
67 193
40 88
52 130
83 85
95 104
75 140
100 98
82 118
54 49
79 180
37 198
11 111
31 116
36 114
56 17
26 20
92 80
83 120
56 190
21 84
16 169
76 131
22 37
10 180
96 140
2 170
23 27
86 29
45 17
86 156
30 195
87 82
78 98
17 63
64 33
85 66
8 150
53 34
40 61
59 160
45 110
80 36
96 11
97 125
94 65
52 140
91 186
40 94
9 194
6 44
97 173
45 79
31 11
18 106
83 135
82 192
86 100
69 160
74 130
14 70
80 112
65 59
81 125
69 48
42 169
49 189
8 32
77 101
18 127
99 61
72 166
40 145
10 69
31 71
58 142
88 131
90 136
50 186
19 161
8 125
94 18
26 147
35 165
51 199
9 161
13 66
86 131
93 62
26 153
10 99
82 64
51 196
33 65
65 65
37 120
75 66
45 49
60 124
18 146
13 67
57 134
24 133
29 156
46 99
17 97
51 192
40 156
40 135
82 125
38 136
46 138
98 173
7 126
50 90
92 16
18 143
66 173
35 87
58 102
7 49
82 147
2 13
28 140
7 62
64 90
69 168
88 73
68 50
3 36
17 117
44 55
61 184
2 155
49 21
23 62
10 86
23 59
74 20
58 27
33 29
58 28
26 142
18 68
89 134
19 126
27 32
50 123
58 183
33 130
73 195
56 167
43 141
12 141
76 200
97 180
33 182
39 126
4 36
75 89
54 187
58 199
19 20
70 171
24 94
42 70
91 73
78 160
44 121
8 33
13 162
72 121
76 166
27 109
87 159
79 50
16 200
73 199
12 148
31 140
2 167
76 10
73 57
58 184
2 90
54 87
55 136
93 194
81 139
88 30
64 190
19 41
89 175
1 124
19 78
58 79
90 93
62 96
65 69
84 14
26 145
22 111
65 88
59 79
40 69
35 69
50 101
64 14
41 23
69 193
39 192
1 21
13 103
52 57
5 57
87 60
19 73
41 134
12 110
70 148
4 84
85 196
63 178
71 135
17 48
14 45
59 32
9 90
5 107
54 129
20 33
82 60
17 34
