600
20528
95 106
26 68
71 29
11 23
39 42
77 44
18 132
2 13
33 91
97 71
82 115
62 57
45 14
77 195
57 148
33 95
29 156
44 84
17 69
56 41
39 32
75 23
59 93
22 103
79 97
11 84
57 173
19 152
75 20
93 61
82 158
26 36
27 136
69 116
75 146
49 191
69 13
58 79
29 41
80 97
41 147
74 96
58 192
5 62
8 124
46 50
59 78
41 59
79 67
58 75
8 71
20 74
1 129
34 148
98 195
65 190
84 46
71 70
14 156
14 179
53 30
34 186
87 26
75 77
38 114
37 39
41 107
84 181
98 158
51 110
95 122
30 10
83 117
88 172
86 192
91 109
1 157
71 158
87 62
5 28
71 186
15 37
81 11
66 29
27 89
91 74
26 178
53 36
18 101
14 129
68 143
15 124
26 56
42 112
43 110
86 11
62 182
40 46
61 29
96 194
99 122
55 63
6 52
27 180
57 97
3 184
55 188
78 89
25 112
87 97
78 100
96 96
40 10
38 124
88 98
31 142
77 185
2 120
36 37
35 195
75 176
61 129
25 92
100 132
59 147
63 196
4 14
100 113
50 70
93 171
35 49
41 154
18 30
97 185
97 168
57 95
63 121
88 122
94 85
52 119
48 169
30 74
11 131
69 65
55 174
23 22
13 120
16 190
73 179
3 23
85 170
62 117
61 134
33 157
85 186
20 131
59 106
17 168
24 51
3 137
82 65
85 126
99 170
50 172
28 197
76 63
63 146
31 127
98 141
28 176
67 185
57 103
45 176
13 193
3 198
18 188
93 105
79 66
52 168
39 74
9 114
20 183
63 165
64 89
46 70
16 164
10 185
96 95
81 44
35 50
14 192
36 171
8 118
85 155
68 141
52 96
10 125
31 179
94 12
21 166
79 54
60 127
8 81
45 112
53 135
25 157
30 91
39 45
44 118
94 107
32 66
26 66
1 191
3 83
1 133
47 177
52 84
60 46
19 162
34 158
44 33
20 167
22 20
26 26
14 150
73 22
10 164
24 74
56 26
31 67
40 65
27 14
84 161
31 110
73 88
59 47
65 163
54 165
66 189
29 152
37 111
25 157
36 194
21 149
52 121
73 199
91 167
25 174
59 88
3 147
98 135
67 11
88 190
35 61
43 67
43 188
10 16
87 154
41 105
58 12
100 107
100 156
97 70
63 19
28 143
80 100
16 43
38 113
33 121
43 130
57 44
4 169
91 45
13 112
71 59
18 169
43 57
13 140
39 46
69 154
39 52
15 94
47 140
19 73
42 39
16 124
46 144
84 150
43 96
5 152
52 105
68 31
77 89
54 22
25 45
73 44
56 186
50 199
96 66
43 194
13 54
55 104
12 83
43 21
92 69
25 111
47 168
27 34
53 40
69 75
38 134
79 138
15 101
70 168
41 152
3 27
25 29
8 36
37 10
81 42
40 25
48 25
52 82
5 29
96 112
74 130
79 123
69 191
64 58
21 24
4 25
15 42
18 105
81 161
26 104
61 122
97 137
14 164
90 120
56 151
1 69
78 118
72 26
94 174
44 91
43 41
25 53
32 85
69 36
27 112
33 92
30 198
69 132
5 137
43 47
10 44
52 161
97 191
76 89
94 57
47 135
69 49
17 13
50 82
13 94
61 154
18 110
4 109
61 45
19 33
77 192
21 194
14 30
31 129
41 119
9 88
24 186
32 46
28 35
63 195
71 18
51 24
77 144
54 16
34 83
87 57
14 90
86 93
52 109
35 40
83 111
12 128
66 189
48 127
77 101
10 170
19 103
35 80
9 50
64 110
85 91
70 105
93 104
86 22
18 47
49 151
7 165
34 54
29 145
2 12
4 98
67 59
62 147
24 55
62 65
80 108
81 32
5 123
69 29
97 65
71 195
20 186
31 179
19 175
46 134
4 169
92 147
45 115
54 151
16 116
7 177
31 147
100 65
35 24
18 122
20 64
58 127
89 116
75 167
64 50
67 183
61 62
100 155
16 162
12 27
2 105
94 180
50 108
46 118
75 198
70 57
87 40
33 21
69 117
47 164
87 172
97 49
6 97
70 21
53 53
91 106
91 128
35 116
58 167
62 198
82 49
40 115
82 43
39 37
79 184
90 180
86 145
62 170
52 113
46 12
2 164
47 69
12 89
71 55
53 151
14 195
43 187
8 110
35 78
17 72
82 91
26 121
23 120
61 68
2 44
66 87
57 116
50 32
46 188
66 86
58 113
83 50
72 159
81 175
35 33
94 183
70 165
66 152
100 51
63 200
78 190
69 146
79 19
4 42
35 182
87 20
80 112
13 176
37 30
6 37
20 65
85 49
56 105
12 60
60 111
79 117
11 21
66 188
9 135
3 200
14 174
2 64
23 48
82 134
73 172
68 154
79 36
78 58
16 144
31 14
75 74
78 74
48 31
38 54
30 189
100 157
25 166
71 73
11 44
23 56
48 129
37 13
29 171
37 102
32 66
14 148
69 52
89 88
24 24
89 28
21 166
13 185
53 190
59 143
70 129
64 132
100 90
7 191
13 185
83 175
86 189
8 190
20 194
32 163
46 68
28 85
60 181
36 98
43 155
36 170
18 75
22 162
31 93
73 49
69 27
95 24
60 194
42 13
100 19
48 57
43 177
13 167
18 105
98 125
42 77
94 176
12 65
17 40
78 121
3 149
19 34
85 33
87 115
12 59
92 153
