600
20731
73 54
60 195
91 108
33 101
74 31
46 185
50 27
73 87
80 145
42 64
44 152
7 13
8 155
2 185
83 102
31 140
84 108
65 79
86 168
49 90
54 39
5 99
90 125
35 147
9 25
6 162
54 38
30 70
33 22
20 65
1 106
24 113
36 87
65 43
51 174
34 79
67 140
19 70
59 65
2 73
24 192
98 66
21 43
23 131
31 76
97 108
98 96
87 139
16 198
2 116
9 192
11 32
72 86
51 18
25 123
49 133
41 19
80 109
79 43
100 139
71 142
45 76
56 171
65 169
41 175
42 13
12 35
71 51
46 70
53 47
79 87
50 119
66 149
34 95
6 107
45 164
94 120
44 179
40 189
34 163
38 16
95 191
58 130
57 17
42 72
71 199
85 180
95 102
71 161
84 149
2 122
92 191
47 33
68 102
94 174
56 95
81 24
18 133
6 19
99 35
65 168
66 20
93 125
31 11
57 165
29 173
95 170
73 10
75 138
77 190
31 76
60 180
43 75
25 48
25 156
53 66
36 171
25 144
59 94
60 42
64 142
4 99
16 37
5 53
10 33
4 112
47 118
15 66
14 99
71 178
54 16
76 188
72 43
98 67
23 195
44 95
57 164
42 76
89 52
30 35
10 104
3 61
25 108
41 153
33 164
49 79
97 67
12 27
54 23
16 38
96 107
78 33
62 76
71 123
97 108
98 75
13 71
1 18
67 105
1 157
86 59
58 99
18 48
23 155
10 181
36 88
2 130
71 119
93 55
16 98
71 191
8 189
24 63
2 14
11 47
31 189
17 193
87 152
79 165
13 187
87 83
72 130
35 92
90 171
7 62
28 88
44 57
89 169
16 120
3 170
84 161
62 31
100 95
69 115
79 118
13 170
40 163
52 61
67 39
10 40
58 174
19 157
26 31
36 121
83 135
56 36
36 150
67 159
35 127
45 200
32 84
52 15
4 152
54 162
66 135
36 150
92 180
31 130
57 186
89 51
92 125
41 171
4 106
6 19
94 35
6 82
44 115
84 116
91 180
76 170
79 45
22 107
21 66
1 84
69 82
70 112
84 178
94 161
64 17
100 135
100 155
48 99
40 145
14 12
64 60
84 179
11 200
68 45
47 146
68 102
33 119
56 94
82 165
39 37
14 45
94 146
52 11
88 66
76 141
69 152
37 116
89 13
72 71
12 46
68 168
76 158
11 20
15 139
51 73
73 23
43 156
57 102
76 150
12 162
6 89
73 166
53 194
7 53
29 35
93 186
32 168
11 40
91 74
75 132
55 103
59 68
26 146
65 158
37 37
75 191
43 130
64 56
92 12
43 155
17 60
26 194
68 111
39 158
40 78
63 133
72 60
74 184
12 159
24 109
66 129
32 158
63 147
17 179
48 184
66 12
54 81
32 117
72 129
83 99
19 87
64 37
6 31
60 190
37 79
77 171
52 17
27 162
5 78
12 142
41 195
3 102
21 48
85 15
64 122
94 178
36 199
62 104
54 163
31 71
26 173
51 82
43 180
2 91
20 59
97 121
1 98
17 64
47 142
15 100
6 149
61 150
48 44
1 139
73 12
87 115
23 35
82 28
22 177
78 158
12 141
12 127
83 120
19 140
47 95
30 93
87 179
18 161
4 181
13 108
2 47
80 158
7 124
89 65
89 71
49 81
28 45
98 177
55 173
54 49
82 196
91 170
67 57
93 196
46 138
84 178
80 52
85 114
46 69
19 46
6 20
44 72
38 195
61 135
13 129
20 162
58 71
4 169
97 174
44 46
35 74
81 81
26 66
32 194
21 142
46 130
70 34
8 89
71 117
40 61
77 12
69 113
53 108
71 10
85 52
48 66
49 49
9 16
8 126
35 123
100 72
37 88
28 195
49 122
33 30
11 49
13 188
31 82
86 68
52 87
49 120
72 158
94 42
42 99
75 70
80 141
78 70
72 141
32 85
6 87
83 185
3 194
26 125
31 95
5 164
91 17
11 74
91 118
2 68
74 19
85 56
19 46
67 159
38 21
37 20
78 179
100 151
54 38
86 26
19 91
27 87
48 26
80 29
2 117
27 84
49 113
87 172
17 23
58 173
66 140
25 147
80 70
92 40
73 67
32 76
96 94
92 114
1 124
74 183
74 71
35 181
10 148
6 13
6 96
15 168
51 27
91 15
58 95
6 159
40 190
97 74
61 18
66 165
49 11
30 19
96 87
97 189
26 114
75 23
92 11
64 172
10 17
43 27
22 129
83 128
19 90
17 120
39 141
63 178
82 199
58 24
63 187
63 141
37 48
76 113
68 50
2 144
25 15
68 98
58 81
6 31
7 184
56 162
41 70
15 157
67 53
79 94
61 159
49 148
83 155
29 60
82 171
98 47
26 182
5 25
39 176
94 98
91 52
25 19
6 100
62 191
83 106
4 63
86 200
4 175
44 150
80 50
13 71
22 119
52 27
97 111
22 176
98 118
46 162
11 178
66 94
87 151
78 138
10 166
62 170
90 189
64 41
51 120
95 72
61 122
61 186
42 54
49 113
30 60
41 103
91 10
1 198
70 127
85 10
38 196
1 16
33 13
92 137
76 134
54 52
66 122
11 124
19 16
21 149
4 44
85 116
74 197
12 28
91 154
45 77
3 116
52 141
3 124
6 13
9 198
94 160
81 55
94 58
24 142
93 38
7 177
77 81
20 98
89 69
52 105
95 154
