600
21015
26 28
49 159
91 175
31 190
62 30
11 184
19 44
19 104
49 153
97 179
72 64
74 80
27 13
96 176
67 143
5 162
24 66
90 104
81 111
3 70
49 55
36 163
62 13
19 187
41 152
20 124
85 176
11 147
79 74
35 94
30 15
49 58
53 61
6 88
99 140
15 144
92 116
33 27
83 88
72 197
75 42
89 158
67 140
31 68
68 198
32 30
53 90
17 191
85 97
38 149
23 176
28 162
35 120
63 119
76 192
78 109
5 82
70 115
37 15
31 177
92 44
49 59
92 55
96 109
67 157
66 63
90 164
42 92
98 194
22 83
51 190
55 107
92 59
40 126
21 168
10 139
97 186
89 159
54 123
83 170
23 100
85 119
44 59
74 168
12 60
70 97
71 117
27 58
4 196
7 101
35 162
47 129
36 189
43 128
2 24
61 10
2 94
26 197
23 27
16 77
83 131
65 156
90 175
45 153
92 79
95 55
44 195
88 51
98 175
68 69
88 122
31 141
59 67
71 120
43 198
1 44
29 31
42 171
47 17
97 137
11 90
42 30
29 53
71 127
14 35
43 27
71 149
50 69
74 183
95 34
20 75
55 92
35 163
7 19
64 108
37 71
27 89
63 90
30 52
49 96
31 42
47 197
59 47
33 108
2 145
10 138
89 172
52 63
93 126
67 33
1 73
17 65
53 30
27 113
100 48
58 173
70 54
18 89
38 151
55 109
71 95
45 73
63 54
61 106
55 184
76 106
18 71
33 31
83 122
100 30
32 69
86 39
42 122
35 178
25 54
20 156
98 153
6 146
83 139
89 200
65 157
22 185
82 125
65 113
49 49
1 49
100 157
74 166
60 75
85 25
5 48
34 90
66 21
93 94
16 96
20 149
16 25
23 149
94 173
53 180
75 42
20 192
68 111
33 25
99 116
45 30
95 98
31 50
8 97
89 81
40 37
54 141
75 58
74 120
59 185
43 195
64 43
59 191
18 159
86 160
55 31
52 37
92 67
20 20
59 164
100 193
74 36
27 56
40 173
92 158
68 40
80 28
67 149
26 32
46 196
20 191
54 154
93 44
46 141
78 24
12 165
82 48
100 154
53 105
65 150
16 192
28 44
77 139
95 112
53 102
72 143
79 103
60 190
76 60
20 21
57 92
41 84
3 163
32 109
30 25
8 45
11 110
10 67
18 184
15 107
72 63
23 12
50 142
29 180
24 150
70 38
47 94
34 189
97 193
66 45
70 180
58 107
18 79
34 75
46 15
79 183
11 14
26 146
99 183
66 83
52 15
16 75
51 123
83 196
61 58
86 170
4 74
83 138
12 67
76 50
83 130
44 21
46 185
78 200
4 182
28 159
63 95
38 36
13 174
94 121
39 56
57 159
100 97
50 78
11 173
21 166
32 126
25 57
81 47
27 27
22 95
26 168
26 106
48 30
57 171
49 66
42 42
55 106
55 124
72 21
78 154
21 149
16 43
38 38
79 169
21 58
72 124
74 130
84 55
100 184
87 60
87 161
59 66
1 80
10 190
27 136
92 144
12 49
95 89
75 89
11 44
77 157
41 53
47 91
30 22
76 185
86 62
39 196
16 94
25 104
33 125
2 196
4 194
34 189
23 195
67 179
77 190
17 68
6 45
69 120
18 140
2 161
87 28
82 182
9 29
37 61
24 118
9 160
56 39
4 49
78 67
84 179
34 34
19 51
86 152
21 63
47 91
41 143
37 108
50 29
91 152
25 20
89 43
27 182
97 170
1 147
38 200
24 38
86 67
41 71
99 142
80 111
71 146
28 112
32 141
53 148
38 151
58 124
37 110
16 135
50 88
97 170
29 143
31 168
100 165
56 108
64 140
71 171
94 194
66 147
53 157
68 24
62 97
23 117
45 78
56 93
90 145
98 119
12 29
5 47
70 80
59 179
92 58
54 44
77 116
73 11
62 183
27 12
6 195
62 162
46 171
61 135
56 183
42 175
54 112
50 75
15 108
90 147
31 21
23 130
38 65
90 179
6 19
82 140
88 186
46 147
89 178
12 157
88 50
98 142
27 126
99 123
23 113
28 187
100 169
48 73
70 181
35 13
82 21
65 41
24 22
44 91
15 78
71 149
96 159
20 101
95 100
89 197
20 49
92 94
76 114
10 33
34 16
25 51
4 145
23 92
99 178
33 190
5 162
10 93
39 92
12 61
32 33
10 74
2 192
27 194
68 54
98 93
88 73
35 102
35 198
59 47
20 184
3 46
55 19
24 149
60 130
39 60
27 72
97 111
79 187
88 148
44 30
91 189
83 187
36 125
22 48
29 35
17 46
3 21
14 85
60 64
19 55
52 24
13 124
5 59
86 100
10 121
50 65
100 85
94 19
61 158
93 103
64 188
27 75
78 54
43 122
22 22
71 108
60 82
90 158
25 14
7 96
79 33
75 168
2 63
21 28
51 166
60 26
35 152
17 165
52 40
52 86
1 150
59 187
17 62
74 140
81 136
62 11
85 35
14 80
24 129
26 154
36 84
81 194
47 99
2 152
4 138
49 28
79 114
53 46
51 11
35 72
66 14
14 46
80 18
73 18
30 125
34 129
89 159
28 67
85 92
98 11
79 167
66 79
54 58
86 28
10 100
58 61
65 55
33 11
16 152
72 29
49 77
75 176
15 159
19 60
68 179
64 176
2 82
1 52
42 102
49 127
56 15
3 102
