600
21325
33 157
47 44
16 153
75 73
63 101
42 137
52 118
97 68
94 186
49 93
9 22
25 93
77 64
39 174
32 130
80 67
81 87
99 58
51 71
51 70
28 18
56 59
54 126
57 87
26 19
79 184
16 147
33 41
69 107
40 99
95 33
23 167
16 16
6 164
71 59
70 116
55 106
8 175
39 28
25 146
71 77
26 97
31 51
14 14
47 156
30 176
21 129
84 29
78 105
64 151
53 79
99 106
8 42
56 41
78 47
45 13
96 31
66 95
32 113
19 51
67 156
63 94
52 122
75 196
52 127
97 109
23 101
42 101
44 84
66 152
13 176
80 185
90 49
60 106
23 190
89 102
42 133
16 108
17 65
97 58
54 142
74 31
74 118
99 15
63 115
72 180
97 197
82 153
5 15
14 177
70 15
59 158
13 48
35 179
65 163
98 54
98 106
91 78
87 87
77 107
76 35
64 97
79 147
81 88
93 19
47 84
62 159
29 87
91 80
28 133
78 111
47 81
56 19
72 54
91 118
96 89
62 56
55 60
13 178
30 99
74 111
87 142
34 19
75 39
81 102
75 163
20 168
14 122
3 164
34 122
21 25
46 190
43 51
87 117
10 96
63 50
3 171
73 25
24 13
13 185
76 163
81 45
68 50
73 123
60 171
80 156
23 62
46 68
40 145
2 18
5 24
13 11
65 10
91 114
88 25
8 70
38 163
39 47
77 132
98 188
14 65
45 138
53 78
42 59
57 163
59 182
87 155
46 117
67 155
4 104
45 150
39 159
40 151
50 165
29 81
90 25
44 154
72 156
21 49
18 85
38 136
17 94
28 113
51 108
73 188
27 129
87 178
99 135
9 197
48 91
11 191
98 41
14 33
48 101
34 170
41 135
55 40
60 152
76 76
45 181
16 66
92 107
9 29
67 154
17 128
74 190
83 138
68 164
84 53
60 112
84 33
17 124
68 28
91 178
55 164
34 10
63 134
57 73
19 88
95 192
76 170
61 151
73 62
82 122
77 189
23 155
24 39
88 178
19 76
68 42
19 70
93 18
59 121
10 65
54 185
86 51
88 115
75 176
61 25
38 121
73 36
15 147
3 176
33 104
96 128
8 199
25 194
2 52
18 61
6 49
81 11
77 134
90 167
55 29
86 64
7 118
55 27
90 179
87 84
11 57
28 39
30 137
53 163
94 136
98 13
13 159
10 88
9 15
62 114
15 56
52 169
32 67
74 145
3 135
28 103
12 196
56 10
77 174
36 186
66 143
19 183
82 22
79 161
15 69
20 180
44 62
51 76
16 91
84 49
6 166
30 176
51 196
31 63
60 20
56 178
99 200
68 24
24 111
62 61
86 132
82 15
67 154
80 133
36 103
83 135
56 195
58 118
61 50
88 197
92 116
41 190
44 29
45 41
23 91
47 78
53 79
18 127
11 29
88 81
57 120
23 189
97 70
49 30
34 146
49 158
49 120
20 140
11 161
100 87
42 143
32 190
52 100
59 116
19 24
4 38
73 20
33 120
58 92
59 171
66 159
99 74
8 173
91 83
28 167
4 169
72 42
97 136
7 30
12 114
77 34
2 178
34 187
8 10
13 90
15 17
46 76
95 147
18 69
42 161
7 110
16 43
76 76
91 50
90 106
20 172
94 17
47 122
15 70
11 131
67 17
6 26
44 36
49 46
52 63
86 144
72 160
85 172
71 94
93 50
1 188
28 177
85 77
71 74
70 111
39 98
3 46
74 109
52 20
32 39
84 157
46 177
96 173
41 135
8 11
95 187
28 40
98 14
8 30
43 158
15 62
7 92
50 85
49 42
17 62
68 115
54 71
58 155
7 116
33 114
88 167
49 104
21 169
31 61
14 78
58 145
9 98
90 59
20 134
78 19
30 127
40 63
54 166
26 123
92 73
44 26
76 88
45 29
52 90
33 24
40 17
20 67
62 35
85 42
55 60
6 95
9 131
87 40
2 194
83 65
80 136
57 22
57 150
49 127
90 30
92 10
18 120
51 70
34 199
37 196
52 17
41 150
32 191
18 178
43 153
20 144
17 77
3 148
82 121
73 44
53 44
2 133
33 172
92 195
70 22
78 24
97 98
79 78
72 70
5 107
27 95
9 140
20 43
54 34
58 30
2 57
83 84
87 72
88 182
26 176
16 192
27 176
72 61
15 115
72 186
10 200
22 148
100 101
28 81
98 50
31 25
54 123
93 172
81 13
22 200
94 107
81 53
13 14
77 188
99 61
33 99
75 47
5 56
14 198
26 114
62 192
11 62
6 157
46 174
8 30
39 98
38 171
78 88
53 41
19 132
96 163
35 87
54 181
83 77
98 71
70 80
20 43
88 117
38 114
96 59
17 77
83 167
29 107
2 21
53 97
23 29
85 127
70 200
12 91
94 72
91 46
82 143
40 108
97 40
54 149
61 153
12 139
26 150
31 13
98 111
67 118
2 173
55 176
15 116
56 51
37 127
44 137
52 111
20 17
64 117
15 22
68 149
42 45
7 56
44 132
61 156
73 112
55 99
46 49
10 100
39 179
86 143
53 146
99 73
68 197
8 136
54 98
21 25
88 196
79 166
81 66
26 155
14 18
25 45
90 42
78 87
92 90
29 192
43 32
49 54
66 37
25 109
98 65
40 98
1 47
5 143
33 25
92 31
54 115
77 98
91 178
52 69
39 155
92 29
68 46
73 114
