600
20696
80 193
49 95
54 41
35 148
100 163
97 85
2 35
41 102
2 43
88 198
86 151
35 179
57 66
74 135
99 179
16 190
80 182
29 80
42 40
63 135
47 159
6 38
20 92
35 173
19 189
14 180
80 83
44 111
83 76
7 46
22 193
30 144
80 159
70 181
97 151
7 16
66 176
77 177
7 182
74 92
64 99
68 13
37 144
74 15
34 72
46 72
55 95
97 138
46 73
78 39
96 98
93 14
63 169
83 69
70 182
63 200
9 30
94 166
27 44
49 180
32 118
21 105
4 73
99 57
17 57
54 122
75 192
59 129
37 186
66 128
48 47
51 45
16 79
55 146
6 175
56 190
36 120
72 77
15 191
30 173
49 34
47 55
12 137
92 189
39 84
14 162
66 156
43 117
33 43
69 28
92 186
36 18
83 46
90 142
37 182
47 61
22 140
37 25
57 157
35 197
59 195
31 173
80 84
56 161
72 158
13 139
2 109
68 117
77 200
92 101
20 196
89 54
58 179
15 19
43 154
16 88
87 174
70 56
87 118
55 78
30 145
38 160
11 151
8 14
87 105
63 78
90 129
92 193
1 94
2 43
53 48
49 148
97 139
59 21
29 45
20 87
92 84
51 15
82 171
11 97
77 105
32 40
61 108
70 182
6 33
56 90
74 45
52 87
4 183
78 115
69 114
98 38
71 169
10 171
6 104
6 195
54 56
20 197
16 127
2 91
95 105
14 124
87 191
39 113
47 77
51 72
52 39
89 76
32 11
83 98
14 85
72 18
48 158
21 55
29 73
77 150
17 101
33 194
63 39
30 81
41 17
71 183
37 168
14 83
60 53
24 156
6 175
46 196
3 21
56 60
60 48
50 143
76 61
64 197
90 76
36 74
62 41
43 197
25 122
14 91
6 57
10 108
47 167
38 29
9 71
50 185
83 128
50 198
62 42
13 133
99 35
58 17
94 100
70 200
48 176
39 37
75 86
95 105
83 146
87 43
35 36
97 142
92 39
2 10
56 147
52 24
27 99
65 140
10 137
45 98
58 111
61 112
93 87
28 24
20 171
17 100
16 156
39 182
42 174
5 50
32 148
6 128
82 139
84 100
21 60
93 112
72 39
80 73
22 52
87 122
24 139
27 31
31 43
33 71
62 47
17 56
30 136
89 52
41 124
67 98
52 105
15 91
29 35
52 98
48 125
69 47
89 102
96 20
32 86
39 176
7 192
4 81
40 184
30 73
42 96
78 78
89 135
84 199
90 32
15 35
18 139
9 121
19 12
14 77
77 110
85 172
83 154
85 163
39 81
27 19
27 172
47 162
50 89
46 38
54 45
30 193
53 49
50 26
80 107
22 19
5 200
61 35
6 126
53 61
51 193
5 171
66 106
47 114
35 143
68 120
21 79
23 145
2 183
36 142
74 144
92 74
13 131
87 189
38 198
84 110
60 89
5 98
30 27
45 50
92 102
91 33
66 191
45 26
86 93
65 92
70 48
4 86
84 174
17 119
57 196
21 32
34 14
64 95
60 165
67 171
64 32
34 111
69 29
28 37
67 96
57 140
61 163
67 100
8 148
3 151
7 200
58 10
19 142
34 171
67 32
39 22
53 126
1 188
37 57
68 154
19 66
90 177
86 64
40 121
56 31
3 169
71 107
83 104
35 176
95 104
37 25
46 24
66 91
39 121
3 165
85 136
17 162
45 18
73 17
96 109
55 146
59 154
33 80
30 21
35 169
98 110
71 15
65 48
73 58
96 85
8 149
32 126
34 142
20 168
39 46
79 110
5 58
96 155
65 32
92 93
82 173
7 99
22 153
10 75
55 63
39 146
55 54
72 21
52 36
55 79
23 132
10 41
100 86
10 170
96 186
34 116
78 149
78 105
69 189
64 179
60 92
61 181
58 103
96 15
76 173
25 105
74 104
91 181
98 196
75 24
8 108
75 172
12 36
21 79
91 68
12 125
42 31
49 36
47 107
22 89
75 83
43 12
60 99
50 181
86 177
26 116
20 144
68 77
64 86
11 85
76 171
59 195
22 190
57 21
87 173
30 108
16 192
35 37
50 138
80 113
99 49
77 68
90 180
49 37
24 30
81 55
29 163
66 97
23 196
18 121
39 137
73 16
27 96
17 18
5 77
36 32
32 49
3 145
10 56
82 127
69 20
61 138
18 164
50 65
24 178
73 119
36 99
31 54
53 15
52 130
43 18
8 55
6 83
65 198
19 155
71 29
53 33
100 26
14 137
13 41
99 137
39 153
7 65
42 133
44 158
5 71
19 138
60 100
29 82
99 41
5 22
79 66
63 92
30 32
77 80
37 81
66 75
89 76
16 123
64 173
31 27
79 45
75 14
49 138
8 22
36 25
35 28
3 17
76 96
22 183
29 145
2 195
19 28
78 26
42 100
30 176
40 23
51 191
99 53
2 105
61 94
1 183
60 96
57 185
84 83
77 111
70 44
71 71
86 94
71 174
77 142
23 126
88 118
84 95
67 119
74 139
75 139
37 138
58 148
13 46
33 104
12 20
94 91
2 132
47 179
30 155
75 199
46 183
17 79
41 184
88 73
71 93
62 195
7 76
52 90
56 119
17 147
78 147
38 194
24 200
95 112
91 162
97 53
18 133
21 184
80 148
21 189
49 141
69 123
20 181
57 188
89 73
87 52
74 167
30 111
39 57
54 58
3 190
29 158
58 100
