600
20354
87 60
14 121
43 191
21 41
69 36
29 38
13 55
56 150
93 157
25 94
86 44
97 107
44 159
24 19
43 171
100 57
67 170
22 139
51 157
2 99
54 66
84 97
40 66
16 174
80 101
44 131
77 55
5 46
88 64
89 142
8 199
25 191
99 148
38 188
87 165
46 108
20 65
25 177
65 67
54 69
2 188
72 18
73 95
2 43
58 86
60 85
8 10
35 65
63 73
24 56
13 143
45 199
98 99
48 80
1 67
52 52
24 139
66 17
9 32
72 132
60 54
90 169
28 111
48 74
68 21
20 77
70 196
89 97
93 30
53 124
77 45
55 67
55 36
60 27
55 99
54 74
65 108
3 195
66 176
23 185
8 84
60 179
56 149
39 152
88 196
13 167
29 67
44 170
43 31
42 40
3 69
54 69
37 78
51 138
11 98
9 49
74 76
62 152
92 184
39 129
68 190
66 163
47 105
32 115
64 176
24 156
88 127
28 31
29 69
12 115
21 16
40 99
76 185
39 101
48 165
31 45
36 29
92 61
35 187
14 161
54 92
46 60
69 122
91 199
65 46
3 138
28 149
12 81
43 161
68 19
53 69
18 100
44 180
17 98
25 52
35 131
22 101
79 150
39 135
97 122
89 37
40 113
19 187
96 100
20 20
86 109
58 66
26 172
1 162
2 44
97 100
14 70
12 89
74 29
98 194
42 123
5 111
12 178
66 21
38 54
48 57
49 49
90 158
15 123
19 197
54 184
63 120
78 112
46 21
94 184
52 159
46 188
74 17
4 145
23 18
94 51
43 70
8 145
53 62
86 60
22 108
24 111
57 84
65 36
11 102
98 63
80 82
55 179
9 120
25 56
67 164
56 178
49 200
55 86
27 165
44 57
91 124
34 197
82 48
32 129
37 109
11 109
27 180
16 154
27 95
94 25
16 81
8 99
100 13
84 168
10 52
51 32
82 61
81 122
63 24
24 23
11 83
38 191
55 124
81 102
3 63
28 44
86 15
76 110
49 160
23 111
56 22
34 42
76 46
74 79
67 105
59 174
78 190
74 79
34 41
75 152
67 54
90 42
25 29
1 111
13 182
80 165
62 167
91 146
97 184
49 179
19 176
71 168
92 40
53 143
84 84
99 27
16 196
35 88
85 160
17 34
78 29
59 184
43 160
41 130
66 45
16 57
88 69
62 56
44 38
90 79
50 168
3 105
65 186
18 87
76 120
48 103
23 24
92 31
63 29
81 128
27 152
85 106
72 72
23 35
35 83
70 150
47 192
75 199
14 60
2 198
48 153
4 64
4 142
42 62
53 123
82 149
98 44
22 52
46 158
59 110
41 116
18 77
18 51
17 136
52 52
23 166
66 102
2 154
57 35
14 65
80 152
95 125
10 63
85 115
18 145
77 13
16 124
29 62
70 121
37 158
75 33
63 136
12 200
86 87
64 78
50 195
9 89
96 193
56 83
93 80
41 102
89 46
78 63
73 30
31 20
12 64
50 147
71 199
68 71
72 166
29 118
25 174
11 152
35 167
31 72
68 189
34 157
71 94
45 19
55 51
69 120
85 78
81 62
96 86
39 31
87 24
27 192
19 99
69 156
34 198
93 65
16 137
66 173
38 129
51 94
63 128
45 10
26 92
29 186
71 60
54 25
36 63
58 93
6 89
26 54
78 53
2 66
80 80
38 158
76 27
10 134
56 19
25 89
20 44
34 166
7 58
2 103
70 146
74 145
12 18
31 43
66 148
86 127
29 127
32 161
89 122
61 160
50 138
16 99
33 20
85 105
32 36
50 51
71 30
15 59
84 187
32 124
48 58
81 155
25 125
67 148
7 104
59 48
44 14
79 43
97 148
1 28
48 81
97 187
39 102
12 147
33 161
61 194
22 126
5 101
18 31
8 115
2 191
53 109
36 120
55 130
66 28
50 153
32 11
8 167
10 42
99 40
94 85
68 168
19 152
3 59
24 193
90 183
69 73
2 167
85 111
62 50
7 56
84 167
50 81
83 95
57 86
2 150
50 165
50 49
48 45
18 173
34 121
93 177
15 125
84 86
67 55
20 149
53 176
18 84
21 27
10 30
31 11
27 62
75 136
23 36
34 37
46 78
98 24
35 132
14 13
39 148
69 164
37 20
84 154
11 96
90 175
47 78
90 157
23 49
48 148
93 193
100 179
10 56
43 80
11 89
69 143
10 20
77 92
23 132
86 136
5 106
49 125
94 23
60 170
59 90
81 110
72 163
59 177
16 194
71 181
51 66
37 116
13 35
9 166
73 123
30 63
57 160
75 67
92 122
83 163
55 111
13 75
89 154
47 25
37 123
86 76
31 73
64 30
5 125
38 77
67 130
19 123
30 172
10 55
6 99
6 172
45 197
26 27
48 65
54 26
64 180
2 191
89 113
85 125
86 108
60 90
46 106
74 71
84 178
58 11
47 63
50 112
87 126
27 142
78 72
12 85
100 108
80 166
11 46
32 29
96 104
52 83
6 91
79 152
18 67
26 164
72 12
20 142
97 22
46 77
33 121
71 108
15 132
46 170
9 180
2 164
45 20
73 159
60 180
54 129
13 34
78 114
14 119
99 189
49 128
5 52
88 119
33 56
43 142
37 129
72 31
42 76
35 118
58 37
30 106
11 108
32 128
40 55
6 166
77 63
82 183
97 20
74 167
80 145
38 106
32 10
13 91
89 83
