600
20928
36 185
5 61
23 181
15 50
66 111
25 86
73 35
37 145
3 85
25 126
83 154
65 142
59 64
55 187
16 119
9 119
44 61
77 118
63 186
24 73
46 94
73 94
11 172
80 105
54 14
81 89
15 162
43 138
83 10
71 24
84 164
97 108
42 12
22 120
53 115
31 105
96 116
3 73
41 152
13 50
87 48
73 94
30 155
28 154
33 84
93 78
97 84
61 128
3 14
44 113
65 115
3 93
58 138
20 195
14 175
94 35
65 136
39 156
78 123
31 95
62 157
33 153
66 93
68 20
83 93
36 88
74 23
48 100
71 168
49 120
29 194
48 87
32 181
20 39
83 96
75 73
98 193
53 78
61 79
93 48
49 170
19 61
55 155
94 81
40 178
100 180
44 112
51 61
79 101
38 140
42 123
85 187
30 156
83 23
83 105
45 61
28 71
98 142
43 32
69 167
96 118
21 179
86 149
68 133
39 112
100 97
88 159
19 104
89 58
69 195
80 182
82 103
20 191
92 111
73 108
27 49
69 119
82 114
24 123
9 130
75 170
3 25
84 121
52 81
83 65
53 32
39 131
64 98
22 43
70 126
73 95
70 29
48 38
31 50
51 31
42 62
5 23
77 55
74 47
3 64
41 168
73 20
19 55
92 27
19 110
69 179
56 107
24 13
60 152
91 189
18 130
16 69
21 144
29 198
71 40
22 31
96 102
11 139
56 141
83 135
88 73
17 100
46 109
13 179
36 36
27 96
84 23
50 46
43 19
16 51
1 119
8 143
84 180
50 175
11 107
28 98
69 146
29 40
16 89
79 153
90 125
52 31
23 102
30 199
66 192
23 162
76 58
97 34
83 65
84 94
96 89
93 133
45 121
22 162
56 73
4 54
90 126
4 97
28 98
67 144
41 125
79 175
36 78
78 191
62 187
33 179
36 24
1 115
95 187
95 40
48 77
76 52
45 103
59 161
93 173
72 81
52 12
61 171
9 190
79 192
76 144
14 93
12 91
51 60
54 26
27 138
79 114
62 70
74 143
27 67
85 71
82 125
32 132
49 118
47 12
79 185
71 120
16 177
40 29
27 143
39 78
45 132
55 128
21 99
100 17
67 59
84 53
7 184
59 135
70 39
79 104
92 161
32 64
29 148
29 85
37 177
93 109
2 73
59 172
20 85
23 90
96 153
29 77
34 103
6 72
79 12
32 139
79 189
35 155
85 44
75 81
46 155
89 155
36 114
4 139
3 57
16 135
16 101
20 195
42 155
67 30
43 107
81 131
25 168
61 181
44 76
39 105
39 48
52 101
32 18
31 112
49 192
3 149
26 23
35 144
79 80
32 161
60 178
60 23
52 151
94 15
91 71
57 84
71 111
41 104
62 100
7 81
86 178
62 41
68 103
92 155
54 196
46 85
72 147
4 34
96 185
87 143
88 108
32 33
60 61
52 36
35 41
60 82
4 40
2 167
48 195
38 196
80 100
12 29
23 151
50 140
10 150
22 49
29 166
61 137
54 83
81 157
26 84
23 93
13 66
70 157
86 12
76 47
42 199
75 186
6 38
70 115
47 82
25 86
53 19
45 166
50 152
98 38
5 108
8 153
1 107
37 141
49 184
17 103
17 76
58 99
56 50
66 46
56 97
77 60
58 50
31 72
85 36
95 51
51 128
89 50
46 68
6 53
18 79
78 142
7 67
77 75
36 109
91 74
62 40
88 154
71 22
38 104
71 90
42 161
73 197
24 191
17 159
97 191
24 121
99 161
34 46
99 148
59 84
41 31
64 76
62 91
32 94
19 187
13 58
5 129
3 21
74 126
31 45
69 61
24 113
6 129
49 94
90 123
10 192
59 24
8 45
20 69
14 189
99 174
69 200
87 83
3 75
66 166
9 48
2 180
56 137
94 92
97 92
2 16
7 100
25 151
86 146
23 116
69 79
52 109
88 43
25 11
47 134
57 81
77 99
20 69
17 135
62 145
98 47
52 65
59 54
51 20
5 192
48 84
17 101
64 37
93 28
5 190
9 82
38 129
68 175
88 159
29 167
54 190
87 115
32 173
57 145
59 68
82 196
64 157
39 122
17 199
39 14
44 170
28 31
35 116
72 200
29 79
32 107
64 130
64 15
21 67
67 76
70 18
16 93
65 81
33 81
72 15
22 112
83 21
89 55
59 32
89 93
26 92
54 199
49 38
11 47
25 41
62 114
72 84
75 40
95 70
70 117
75 128
62 96
42 130
68 183
47 52
21 51
48 57
20 108
92 192
14 168
12 117
46 67
3 78
67 39
38 39
5 179
44 173
27 174
98 25
99 10
54 189
75 17
52 12
28 168
84 131
48 100
90 182
23 17
6 125
29 131
96 139
94 172
2 187
46 166
17 137
2 98
35 98
3 150
13 198
69 162
55 57
76 170
65 52
54 31
6 36
89 118
35 185
67 161
79 27
51 27
9 105
38 118
74 46
53 97
33 28
16 112
23 114
8 118
44 148
61 105
59 106
57 31
14 198
6 151
53 149
15 118
45 20
25 134
16 126
59 34
70 112
48 126
89 100
66 177
31 185
24 34
17 182
85 140
84 33
73 121
81 199
19 154
84 126
71 147
32 67
32 119
54 196
56 163
52 118
21 114
55 188
14 92
67 157
51 175
78 122
52 15
48 102
5 179
69 11
77 107
93 147
5 196
20 141
74 184
74 128
34 161
