600
20681
64 157
59 173
22 112
86 145
69 46
20 42
96 60
85 128
21 158
47 152
6 155
59 90
9 110
23 141
26 70
69 42
43 118
25 25
49 101
34 47
83 123
22 92
95 90
36 84
100 148
87 138
16 164
53 169
61 130
75 131
5 58
7 98
87 100
60 142
90 36
30 78
70 111
47 200
76 63
23 79
60 75
81 23
89 193
8 102
70 179
73 75
11 154
41 100
30 105
72 27
97 40
36 101
62 79
74 10
53 187
21 93
70 160
47 84
59 45
76 70
42 197
12 90
66 107
5 130
60 147
85 104
26 120
67 49
92 43
94 19
75 110
68 25
60 191
83 118
66 160
21 178
63 177
77 131
47 28
73 158
21 200
55 30
61 66
31 55
7 185
39 78
1 151
80 126
40 57
45 136
56 85
94 48
55 92
7 93
66 61
79 94
27 107
75 177
45 56
2 188
44 36
58 54
43 94
48 20
63 121
38 84
94 185
52 156
40 148
45 189
28 154
56 188
33 147
17 87
46 147
57 83
30 121
99 63
6 57
69 37
79 178
75 14
50 177
81 65
46 139
16 199
23 29
24 162
21 36
65 108
17 85
30 96
67 81
37 178
89 74
66 167
14 149
42 57
96 148
52 140
17 78
70 149
90 27
93 21
51 102
85 189
3 105
47 60
28 32
11 96
83 22
30 177
42 141
44 77
78 110
83 140
69 114
69 37
21 51
24 171
11 141
92 144
31 143
70 135
33 119
6 197
33 177
56 38
96 131
43 76
1 129
39 147
46 21
36 43
40 137
89 161
47 66
46 118
54 29
21 25
46 50
46 69
100 20
6 162
58 162
84 95
80 140
36 108
25 62
42 173
8 85
3 172
82 143
43 50
77 12
24 102
53 75
28 144
80 147
56 49
92 170
15 106
15 141
85 167
19 91
61 185
17 149
53 166
18 150
50 103
36 160
13 122
53 49
64 43
23 137
79 179
57 124
87 155
25 77
30 191
25 29
60 99
9 20
90 75
34 41
17 81
58 91
67 51
29 111
79 30
20 104
8 18
64 187
56 120
9 100
40 90
84 110
56 37
72 199
31 127
51 106
40 11
75 65
16 197
45 30
100 127
76 107
35 44
12 37
62 98
64 139
84 85
73 16
16 75
76 141
15 107
11 145
12 93
23 112
57 12
13 172
10 45
57 197
89 63
63 120
8 29
33 35
68 63
4 73
13 182
76 128
68 100
12 60
3 96
85 144
57 25
83 165
89 27
28 38
53 30
9 160
19 141
9 135
50 12
78 187
27 171
55 98
30 166
55 22
46 33
29 198
65 145
9 152
24 24
55 117
59 18
63 164
2 49
63 155
17 127
22 84
14 133
47 105
85 156
60 151
47 89
87 139
97 152
40 123
4 162
7 47
17 20
48 28
81 27
38 34
45 87
93 155
5 102
80 29
53 185
79 157
94 107
25 62
44 174
81 107
83 118
17 181
35 46
17 107
35 155
61 200
10 93
65 156
76 20
14 149
88 97
88 14
4 51
58 162
49 114
85 172
29 165
42 126
57 49
58 196
14 125
22 199
1 131
76 51
57 81
93 13
38 156
72 34
55 26
58 153
7 16
5 133
40 173
84 179
99 150
42 49
59 159
70 175
62 40
66 46
5 28
92 83
5 171
87 46
62 127
3 61
31 140
89 27
50 94
17 60
10 122
47 24
90 103
79 139
49 95
71 95
12 182
86 144
73 16
24 90
40 33
16 189
43 76
29 101
94 112
60 171
18 119
29 26
10 24
29 178
20 100
12 109
88 72
95 109
37 127
36 27
11 157
54 163
35 39
52 41
72 177
67 159
10 93
71 95
69 120
54 175
23 150
29 40
68 140
73 74
95 146
80 79
90 54
81 18
50 63
70 12
69 170
63 193
97 87
72 62
49 38
13 85
34 91
22 84
2 95
62 90
44 21
15 100
26 101
90 164
31 41
62 158
68 15
89 121
5 151
27 87
7 172
20 101
86 66
35 183
67 147
85 141
38 18
16 164
15 56
16 155
97 143
29 21
25 38
2 195
58 193
31 73
37 82
100 45
45 160
40 38
56 36
17 32
52 130
45 67
69 126
87 157
83 167
71 46
41 138
78 51
90 24
81 146
93 42
8 177
86 161
74 131
98 175
85 54
4 126
40 146
59 59
75 67
8 40
38 126
84 150
73 32
38 94
10 20
30 83
65 73
5 139
66 17
48 25
50 33
86 136
55 70
13 171
85 190
4 14
5 57
20 166
90 185
74 141
6 191
5 72
62 78
37 199
21 102
16 101
16 111
55 155
22 75
91 14
38 138
75 96
23 88
88 151
92 74
16 50
71 100
100 144
89 63
15 84
98 127
55 67
23 98
26 90
67 183
3 131
94 54
22 133
90 124
82 73
33 91
70 162
60 41
97 73
16 175
22 57
42 171
97 82
67 177
35 55
43 146
20 106
72 54
90 85
98 176
81 99
37 142
64 154
63 35
83 141
8 50
96 108
9 90
45 145
3 182
92 74
16 43
23 89
9 83
85 192
7 44
88 162
79 21
6 49
73 159
6 184
97 196
22 54
42 135
10 15
73 37
15 20
74 74
36 147
13 97
11 177
85 40
12 166
29 26
27 179
83 128
52 134
74 132
78 67
48 189
13 185
19 100
49 113
86 58
8 23
59 80
81 64
78 195
59 134
98 16
64 27
