600
22111
73 55
33 184
11 173
92 130
97 62
96 118
95 10
64 131
14 38
85 69
99 155
15 104
57 62
11 124
19 104
18 131
31 27
30 46
26 38
26 125
74 125
31 189
22 186
62 112
93 144
67 84
7 82
95 55
97 183
55 93
1 85
11 200
85 41
37 108
98 42
81 42
73 18
45 151
2 181
22 101
69 41
57 81
90 133
37 146
10 77
99 165
61 184
67 34
41 55
32 23
4 107
99 96
89 136
31 54
20 117
60 180
42 192
37 58
15 22
39 184
45 33
98 79
94 157
68 153
52 158
64 83
40 48
41 196
83 68
49 185
81 44
48 85
66 110
63 200
28 143
39 136
39 46
75 115
39 147
84 157
21 173
36 71
56 83
35 126
71 185
98 85
74 27
27 58
51 32
73 160
28 22
64 102
41 104
16 143
10 122
62 98
60 101
11 46
16 41
98 194
44 167
93 22
40 199
42 182
52 56
71 130
95 116
83 44
79 137
82 183
65 91
77 195
65 151
16 101
64 30
74 148
60 108
85 15
95 109
65 19
86 45
10 179
48 143
97 118
37 97
13 124
46 39
91 133
51 81
86 157
30 192
49 105
54 89
95 164
61 133
51 177
50 45
52 39
57 177
34 199
71 100
46 16
57 62
63 147
1 38
92 66
19 200
78 116
30 33
91 67
48 71
75 166
59 140
36 28
85 197
80 197
31 123
15 75
19 38
80 164
68 129
13 124
58 122
89 22
70 138
72 113
42 197
6 86
81 52
11 130
88 104
14 137
27 133
80 124
54 73
34 150
100 157
98 179
25 88
9 63
25 58
98 141
51 73
61 141
9 91
88 12
40 99
86 79
95 167
30 85
52 86
15 50
16 198
60 103
21 169
55 43
17 190
33 165
53 184
90 165
10 129
49 75
23 193
86 176
15 77
11 97
64 183
56 167
1 184
72 12
41 13
47 18
31 184
24 193
100 198
54 20
18 116
76 187
29 81
65 12
21 172
37 150
79 172
96 179
55 141
91 119
80 37
100 115
17 125
99 190
29 55
22 20
13 146
44 24
41 53
51 167
69 195
23 120
30 42
87 118
62 198
74 147
38 75
22 152
70 94
4 96
24 150
65 113
34 161
26 153
20 178
7 11
95 161
97 82
77 172
23 183
12 103
42 105
60 162
95 111
41 104
47 181
84 149
74 53
77 152
64 134
66 132
86 19
28 83
38 58
27 12
20 39
38 44
20 38
81 111
72 26
10 132
97 114
53 150
62 48
36 193
55 38
97 162
35 118
99 41
90 54
24 129
3 179
19 13
29 187
97 74
46 153
94 146
77 87
44 91
6 94
20 20
99 139
93 36
90 76
96 106
10 105
80 48
58 115
82 98
55 131
44 91
35 175
17 37
17 87
26 165
65 191
16 156
65 191
58 74
22 130
29 13
80 30
77 23
82 153
82 79
70 51
10 50
47 21
18 120
5 72
13 53
34 175
34 101
19 128
48 156
70 16
28 33
57 155
7 151
4 181
75 151
35 21
43 164
56 108
18 11
88 200
11 129
82 65
87 167
66 163
23 62
33 153
53 80
97 23
84 149
2 150
68 180
42 88
100 139
52 139
22 173
83 65
64 139
19 23
61 193
59 17
60 77
43 88
43 186
3 174
93 109
86 31
72 80
50 91
93 194
19 183
91 123
27 73
60 37
53 57
17 181
21 24
83 59
93 42
74 180
54 196
13 18
85 138
19 75
57 92
70 200
71 129
36 64
42 115
44 24
74 120
83 101
30 37
68 110
62 106
57 161
58 37
76 44
96 163
87 163
61 145
97 99
17 82
89 140
46 191
80 67
28 121
83 96
21 12
58 93
77 47
39 169
83 64
5 178
39 102
93 39
65 118
74 163
96 85
94 62
61 35
21 151
13 150
47 44
50 117
51 182
77 19
51 84
15 190
76 58
66 87
90 127
65 189
53 47
29 20
78 169
87 137
36 195
70 51
62 89
76 35
97 63
26 161
56 50
95 34
65 62
90 192
29 20
82 45
89 163
47 174
38 188
59 40
40 131
4 150
8 156
4 80
77 123
10 145
48 185
77 60
30 109
59 115
33 133
84 114
91 132
35 77
8 200
75 124
77 35
80 192
32 45
44 179
85 144
94 96
46 46
70 125
60 93
44 152
32 180
42 141
11 134
47 97
47 62
13 109
15 35
67 197
3 39
31 80
86 180
60 121
35 49
3 143
68 139
89 150
6 108
84 192
30 91
48 166
2 82
2 82
86 75
49 93
11 185
69 116
91 84
7 66
16 166
68 77
54 200
63 132
94 145
77 148
81 36
18 122
93 149
4 148
41 33
82 131
44 80
28 128
93 64
32 181
91 199
89 130
4 44
71 43
12 63
13 90
67 31
81 38
75 117
31 136
53 85
30 69
10 16
61 91
30 88
65 90
59 186
67 78
65 111
77 26
31 26
19 139
27 124
7 68
21 177
84 14
30 68
31 98
39 139
88 49
12 131
94 14
52 100
58 135
56 86
83 195
69 92
67 33
83 50
27 99
79 176
26 177
80 63
48 149
22 11
86 37
59 23
47 109
76 63
22 10
49 66
16 185
45 148
24 78
42 116
30 52
55 90
69 156
78 156
59 182
39 10
57 64
17 145
53 141
97 34
97 63
91 199
69 100
37 26
80 106
80 104
70 184
68 195
9 52
1 83
18 200
