600
21163
37 109
43 72
100 171
74 23
7 125
40 181
25 54
43 169
27 108
99 112
65 64
68 33
47 70
7 101
80 105
39 109
56 144
34 188
84 74
47 133
75 175
85 172
52 197
94 127
45 64
86 129
51 61
39 66
75 190
93 105
93 39
56 88
97 136
93 148
50 135
75 117
52 86
90 25
29 131
55 167
40 48
39 103
78 100
16 50
96 137
62 179
96 124
92 186
72 200
73 86
94 153
51 135
74 81
70 29
35 17
41 124
50 139
18 73
37 48
65 26
41 143
70 135
64 175
19 183
53 115
39 16
14 75
16 98
85 88
98 113
76 20
45 167
15 124
49 116
55 11
98 153
46 154
86 149
39 59
89 77
23 21
46 76
72 60
52 196
68 106
67 55
76 129
83 60
100 136
23 32
81 30
54 17
86 185
54 175
71 155
43 195
39 151
9 146
63 108
9 67
46 92
22 132
24 25
24 49
54 160
2 143
88 137
20 83
12 54
34 32
39 187
19 124
54 46
20 49
16 94
98 160
14 40
71 188
34 64
49 57
64 42
94 76
44 109
59 30
32 108
69 70
100 180
31 190
53 45
44 76
90 130
3 31
34 148
69 99
50 28
1 129
34 86
44 192
98 171
76 184
94 193
31 12
24 174
46 40
48 164
59 12
21 189
67 174
69 34
86 186
62 119
61 133
56 60
90 37
33 50
80 35
18 183
91 114
48 146
28 150
86 99
91 188
45 59
95 197
75 137
43 161
78 109
10 144
19 125
24 25
43 129
95 32
23 91
65 107
25 32
77 60
15 61
74 85
80 82
34 159
26 70
39 122
94 171
24 78
100 163
31 131
72 185
65 82
10 24
93 77
89 145
43 98
70 56
19 110
93 126
65 167
14 118
34 74
30 45
56 13
93 87
33 99
68 35
5 182
36 92
92 88
9 167
34 34
6 191
2 159
5 108
73 70
64 56
32 173
59 78
42 138
29 70
100 105
14 67
44 52
42 174
28 200
71 63
92 72
59 190
60 17
3 76
37 93
33 168
18 61
1 27
100 59
19 39
78 63
65 37
24 130
77 10
80 14
36 142
70 102
53 122
9 174
75 137
82 33
29 156
99 71
16 120
55 22
5 40
78 152
64 48
81 41
72 109
18 125
35 175
70 155
30 155
70 80
55 125
66 164
97 62
89 191
57 68
52 147
21 68
81 176
65 183
81 151
15 119
66 54
38 150
94 68
34 176
18 67
4 76
25 133
43 27
8 125
23 149
1 65
66 184
5 149
34 24
51 17
71 111
88 181
59 73
43 164
10 167
27 142
77 60
46 131
17 159
19 183
67 43
2 191
92 99
95 91
57 64
52 122
2 90
49 163
32 71
35 176
62 58
59 146
44 49
10 63
30 198
79 197
18 130
8 145
94 11
64 95
24 153
49 108
36 131
11 24
27 122
71 157
26 141
37 32
100 107
49 35
42 38
34 34
45 154
69 154
28 132
59 177
26 21
32 118
39 74
96 191
43 82
21 197
99 19
53 178
7 41
86 167
73 65
22 56
37 155
8 173
15 135
88 18
21 82
19 162
24 38
83 19
24 101
54 27
85 12
81 98
49 128
82 23
84 48
21 107
32 110
81 79
88 156
61 17
20 116
24 99
77 114
81 33
68 190
88 105
97 154
9 48
8 171
66 29
93 135
9 172
51 119
72 62
16 193
96 128
33 137
4 134
14 106
24 171
54 183
95 103
75 112
79 83
50 197
75 24
53 36
62 134
93 68
70 180
74 99
39 17
42 101
58 23
45 179
50 28
55 181
11 28
62 135
54 90
41 53
75 186
57 108
69 61
28 21
78 120
91 74
50 54
36 77
28 124
92 21
2 66
84 54
5 76
91 63
79 145
64 82
92 43
26 47
86 162
46 97
4 17
41 30
2 189
66 15
31 11
94 58
7 57
10 193
62 65
41 130
85 124
74 114
23 53
5 74
3 126
19 118
95 158
15 37
43 44
61 185
3 87
68 39
83 198
15 174
16 80
89 12
74 15
48 115
64 120
45 98
53 37
7 74
36 17
31 13
77 137
75 54
75 177
71 58
23 39
27 194
95 137
42 58
50 69
74 101
5 107
6 32
31 106
76 177
2 178
36 120
4 115
89 122
55 169
5 86
5 90
77 41
27 91
62 190
39 111
40 192
52 149
29 12
59 65
71 196
78 172
31 20
79 38
34 113
48 121
22 35
78 80
48 76
50 93
68 32
46 34
54 111
19 103
39 31
56 50
87 106
23 139
99 169
33 195
86 109
78 123
85 54
78 99
43 123
78 150
40 144
2 27
69 165
33 127
17 62
64 200
9 15
8 129
54 74
9 148
73 143
51 194
13 197
19 105
42 185
85 41
85 92
51 72
42 146
20 17
97 167
63 12
39 65
94 172
89 102
63 134
54 67
16 125
94 148
11 19
80 22
38 53
21 110
28 131
89 87
7 62
39 133
53 49
95 193
91 87
51 68
76 162
9 166
71 129
78 33
52 105
14 172
40 163
11 167
74 174
82 94
92 74
20 57
31 162
5 47
48 63
5 36
40 136
8 137
66 94
34 131
56 20
14 119
33 45
21 147
40 141
39 120
39 130
7 74
16 58
57 104
32 20
41 192
42 151
85 152
48 22
96 164
48 59
35 189
10 190
30 99
34 117
55 145
43 66
47 78
83 198
60 79
32 128
