600
20788
92 145
42 77
31 137
41 88
77 152
83 138
37 151
24 21
6 139
22 32
6 108
11 105
99 94
100 160
63 62
65 76
48 75
44 120
35 62
55 82
37 164
1 125
49 80
18 124
93 179
12 19
83 149
21 32
52 156
22 29
6 133
33 28
80 30
83 130
36 78
1 52
33 106
57 58
24 129
18 161
100 127
34 162
63 97
57 27
87 11
41 96
65 194
88 170
38 131
69 124
33 179
68 35
1 57
32 178
68 142
56 178
35 159
59 25
29 100
96 131
90 179
36 53
58 37
22 136
29 64
26 164
18 102
33 62
73 148
58 197
1 134
79 134
8 103
100 98
62 163
68 182
46 68
52 50
26 36
55 161
81 144
5 198
89 129
87 23
43 68
15 140
23 45
36 126
32 140
60 142
46 159
2 68
5 147
55 101
74 57
67 39
35 59
11 77
12 34
60 49
1 192
6 151
88 23
11 127
48 10
8 45
46 107
94 166
55 59
93 19
42 99
9 123
85 175
7 39
81 62
99 177
100 47
60 111
40 16
81 67
57 51
62 45
10 71
55 166
41 27
7 176
63 94
55 46
40 145
29 21
17 44
37 157
98 116
16 128
49 89
21 175
77 175
4 33
36 133
69 167
89 129
48 127
48 104
36 41
55 83
66 28
69 171
19 66
28 23
41 81
16 45
33 161
98 103
92 129
64 180
42 167
87 186
54 148
64 50
16 192
68 176
68 81
59 94
22 110
38 62
23 34
74 157
29 169
72 15
15 145
34 156
62 106
57 181
28 72
32 43
50 170
6 200
7 79
21 62
25 91
74 53
94 88
59 54
29 192
96 180
39 133
73 105
37 16
91 159
69 82
24 49
81 148
6 141
74 10
88 196
80 154
19 20
41 145
82 61
14 117
32 32
95 15
42 128
60 160
78 84
14 138
75 151
21 109
96 144
22 64
72 88
24 63
79 108
34 62
61 115
1 134
14 53
65 98
14 126
42 121
89 124
31 30
96 151
69 130
97 50
46 154
93 151
2 133
29 25
46 107
62 177
70 62
4 45
100 104
14 19
73 186
67 133
19 158
10 151
17 23
82 159
21 92
100 59
30 118
1 17
97 81
94 140
7 185
25 15
42 42
85 148
56 136
58 137
60 75
71 93
91 139
58 61
53 135
42 85
58 144
34 31
80 80
21 81
5 48
40 133
81 158
24 41
63 150
58 15
78 53
19 83
77 193
6 25
11 79
31 94
85 157
65 27
16 113
25 197
80 98
25 40
9 62
38 41
69 76
99 181
57 27
20 55
86 16
35 78
68 64
52 99
69 94
86 12
87 24
76 134
47 142
70 107
11 185
70 154
2 31
46 126
57 33
37 32
5 43
6 111
4 120
70 193
88 91
36 72
7 182
68 103
6 75
80 133
58 103
46 32
77 153
43 68
88 130
81 113
79 109
66 160
42 80
79 136
4 71
65 123
65 177
54 49
90 107
8 173
30 161
94 196
47 147
57 67
93 89
100 92
91 73
47 187
38 151
53 35
63 142
24 50
97 12
48 29
26 189
85 157
44 154
83 186
27 79
83 157
79 99
51 145
63 88
82 30
93 132
35 103
8 180
38 133
50 55
28 182
55 95
79 107
16 152
30 55
49 15
39 47
59 97
1 194
58 30
82 196
35 44
28 176
37 35
2 142
59 56
100 183
64 39
57 91
20 113
36 129
83 139
27 16
44 109
18 150
8 93
28 150
18 188
30 32
50 58
49 59
23 169
72 198
80 35
71 21
87 104
78 89
85 109
82 53
47 170
86 164
34 172
34 114
82 121
61 35
60 160
58 38
89 85
86 178
76 177
50 141
97 79
41 154
20 20
82 186
34 115
11 45
96 21
11 178
41 112
40 101
92 144
27 84
41 166
50 79
36 37
15 17
17 69
2 52
8 47
59 11
87 91
60 23
42 107
9 52
29 195
60 136
37 97
74 117
96 121
43 148
33 140
96 136
27 123
46 86
41 167
58 177
15 177
75 94
76 198
67 141
73 158
98 130
96 143
26 135
95 69
14 25
66 67
84 86
89 90
52 186
30 71
1 197
80 146
32 150
28 156
26 20
22 191
35 196
88 63
20 192
21 84
50 16
14 163
69 120
15 102
92 98
19 135
1 137
67 66
73 29
50 193
63 133
5 179
9 76
41 198
90 88
91 43
45 33
47 66
25 55
65 138
14 49
28 83
81 155
65 79
77 147
3 89
79 129
52 38
74 119
40 104
80 25
85 49
27 137
44 73
77 34
53 95
28 55
67 45
45 91
6 65
13 146
80 154
14 51
28 28
96 199
74 25
33 16
54 10
3 85
83 101
11 151
83 90
82 87
73 80
42 160
3 17
24 44
13 15
17 63
41 196
51 97
31 113
5 75
54 179
50 88
36 138
75 21
82 123
43 43
27 175
97 174
43 100
97 147
22 98
34 160
67 194
64 128
88 181
59 108
64 83
19 12
20 197
15 89
79 151
57 176
84 53
32 45
93 97
68 35
39 171
59 144
38 118
50 168
54 68
84 12
35 130
100 168
74 56
7 11
72 112
29 191
91 26
43 158
50 58
2 132
83 11
3 157
53 11
93 72
14 145
92 56
12 85
92 160
81 14
18 117
37 160
70 137
11 129
79 174
8 148
15 53
11 186
23 137
53 13
24 25
14 149
44 127
96 27
31 91
14 98
