600
21601
54 181
63 15
62 170
28 38
72 76
59 22
5 189
13 149
91 78
28 99
85 152
64 143
76 129
94 181
33 177
5 125
90 41
3 173
53 34
12 152
70 122
4 85
32 120
40 132
80 53
82 14
36 164
49 105
11 16
26 79
74 187
27 62
32 60
26 175
32 113
50 133
88 162
34 121
14 157
92 134
91 85
4 100
73 38
24 34
57 87
71 55
82 117
5 71
60 37
78 12
74 78
48 75
89 143
73 105
91 103
12 30
40 180
62 86
58 146
36 113
31 34
69 177
84 19
46 124
6 191
2 22
63 28
65 125
79 113
93 55
77 58
7 15
69 174
74 68
28 150
26 110
13 139
38 156
44 185
51 112
50 142
84 36
91 150
76 55
60 152
17 39
68 162
20 10
71 68
20 122
66 104
20 129
59 141
39 172
62 93
1 14
35 170
94 161
64 124
42 170
64 26
91 40
3 13
96 138
51 20
70 92
92 196
58 66
7 162
5 93
63 133
51 34
35 42
67 69
37 95
67 191
97 162
42 166
25 148
68 69
73 62
80 30
16 195
23 149
37 149
5 26
2 99
86 34
43 123
69 130
55 46
59 52
74 55
100 141
10 142
38 191
40 29
95 33
18 27
16 193
28 25
75 12
63 76
81 85
16 59
7 85
22 170
79 12
58 103
17 89
87 112
84 129
70 184
21 170
81 51
21 122
59 86
89 116
76 187
18 128
27 121
26 138
77 26
93 190
94 99
38 38
24 169
56 48
96 144
16 179
58 178
23 160
18 195
98 31
25 70
18 166
90 121
45 160
2 24
9 186
46 15
75 139
12 34
94 55
61 18
33 23
97 18
17 192
52 164
94 30
77 80
24 152
81 32
85 172
29 174
26 30
27 111
30 173
6 34
44 103
48 47
91 29
82 171
66 130
19 101
62 108
98 110
98 22
35 103
34 79
83 14
59 71
38 90
25 162
74 168
98 96
90 165
2 153
49 149
50 21
91 18
47 78
91 150
70 184
46 178
2 112
26 198
82 99
90 68
83 73
99 168
17 107
26 157
13 184
15 110
66 17
49 173
5 152
26 177
99 59
28 45
18 143
36 97
41 79
45 194
2 59
81 104
92 41
36 126
19 15
72 194
21 80
35 105
80 186
88 61
96 124
92 137
11 82
84 128
89 110
33 188
96 168
7 94
87 165
17 21
80 90
7 28
70 127
97 110
53 174
11 146
46 104
80 15
37 112
50 92
95 94
89 199
27 11
10 159
8 139
41 51
14 16
78 34
52 110
87 88
26 168
44 127
96 96
16 67
88 85
32 133
65 160
75 45
90 20
96 141
66 55
53 168
94 19
21 52
68 131
52 56
78 109
90 123
47 123
7 34
51 105
1 195
43 24
9 170
7 160
69 155
68 163
52 44
17 182
12 142
59 130
82 136
46 45
83 52
7 146
71 179
42 69
43 189
26 69
81 18
64 46
16 140
90 130
14 24
82 49
53 37
31 177
47 112
91 64
41 59
48 34
13 45
95 21
50 191
55 23
89 34
54 156
89 143
85 39
93 102
38 19
27 12
64 140
96 173
78 39
48 192
29 172
19 55
28 39
98 188
22 111
46 127
74 35
53 80
73 158
66 56
41 49
68 20
84 153
38 84
50 47
19 183
17 135
9 117
57 155
68 64
53 196
17 49
22 91
31 38
68 152
60 90
80 147
95 59
17 73
87 120
10 28
94 196
73 89
5 123
93 25
66 83
2 60
19 47
42 195
6 54
81 128
16 154
14 86
71 137
95 131
97 38
99 117
11 145
49 63
51 127
81 137
78 74
31 146
61 186
81 140
31 58
64 164
42 153
72 148
26 133
55 173
51 197
82 18
9 179
30 52
59 121
33 104
20 87
94 13
42 138
86 157
87 52
32 142
97 166
79 122
96 24
89 107
42 146
30 16
14 113
2 81
3 65
92 26
32 116
4 110
80 124
11 53
57 71
22 173
68 29
26 107
30 188
81 84
11 120
10 76
54 28
63 145
30 90
91 78
66 156
17 115
19 32
74 111
44 192
29 169
75 83
78 140
20 174
97 160
81 195
70 184
49 11
52 123
31 190
52 114
9 89
83 33
48 62
15 45
1 132
82 15
75 125
24 91
89 30
66 87
32 64
35 130
39 99
32 122
27 82
69 165
8 92
21 133
8 134
7 98
15 40
1 33
85 101
61 121
8 90
14 93
89 94
93 143
86 139
78 41
11 92
38 199
32 116
68 30
12 47
68 196
90 114
86 135
7 159
26 55
67 83
82 94
48 148
99 198
11 41
35 146
6 102
69 198
28 72
42 38
41 120
25 100
99 78
89 29
84 139
56 80
77 125
99 72
6 57
58 185
5 128
67 83
77 95
43 62
20 49
79 136
71 113
82 91
24 151
21 27
35 146
2 184
32 91
51 30
35 160
42 83
76 167
80 59
65 101
56 30
100 85
90 65
63 147
38 181
63 166
41 46
41 183
66 138
88 106
87 170
61 58
71 41
74 32
46 81
76 25
3 169
60 169
95 93
85 95
4 38
38 173
80 157
1 91
96 137
14 166
31 63
87 93
31 80
43 181
81 20
77 15
51 172
21 175
61 48
3 22
79 112
61 151
42 92
40 94
95 75
60 127
32 149
19 107
69 89
60 145
42 28
65 142
53 145
1 23
34 154
99 49
26 43
96 61
49 116
