600
21484
1 119
92 131
90 172
1 130
39 162
53 131
17 99
82 122
60 139
62 59
27 148
58 182
93 30
84 164
9 63
89 81
62 174
89 156
76 118
49 17
39 171
8 95
57 83
32 144
39 84
82 196
3 99
31 91
18 31
20 23
78 50
82 171
47 18
72 178
16 57
87 68
66 22
72 189
36 32
93 52
68 105
59 73
18 167
4 45
14 55
67 55
12 54
21 103
43 30
28 100
64 139
59 173
86 127
8 183
85 64
95 145
86 75
98 109
66 99
13 177
11 114
61 71
18 40
48 50
73 93
32 138
94 52
66 152
78 126
87 52
83 27
85 170
90 22
26 68
80 137
22 16
19 168
56 150
64 170
22 146
87 21
43 152
16 126
70 52
97 195
45 68
10 65
59 125
93 105
73 44
94 85
86 33
34 173
87 164
54 45
43 128
56 151
25 123
46 190
92 191
100 155
18 63
96 16
48 177
32 36
92 151
74 169
50 120
53 99
42 17
27 82
70 38
42 110
33 123
69 85
63 103
5 117
10 17
40 198
20 175
55 162
73 144
77 180
15 81
40 177
83 150
47 124
65 182
77 29
14 95
47 33
71 114
27 82
34 193
24 73
40 184
53 89
98 35
74 38
25 109
91 154
83 82
16 176
37 72
8 132
79 83
23 179
56 90
38 114
99 131
100 21
45 38
83 97
87 68
94 158
37 33
54 125
4 70
83 99
5 51
53 99
90 75
71 176
9 52
9 42
55 38
76 32
77 112
21 109
92 163
46 180
7 77
52 180
93 63
77 88
64 177
26 38
18 115
41 52
12 66
71 119
88 89
58 182
27 151
17 114
79 52
48 177
52 197
52 94
24 43
25 115
77 80
76 105
14 17
54 161
85 86
64 60
85 19
10 112
45 87
84 47
52 28
43 42
37 171
46 124
53 136
7 150
56 85
85 185
50 121
82 119
76 39
99 189
27 72
63 111
57 58
69 174
77 102
23 12
38 167
72 139
16 24
89 110
81 66
88 146
79 117
89 78
52 40
13 200
71 135
38 57
44 122
80 162
34 152
30 129
19 163
44 45
50 33
92 19
2 128
55 148
63 57
53 30
38 86
37 19
54 31
23 144
31 125
84 196
82 194
74 78
96 34
37 61
50 174
44 86
82 175
80 183
9 16
42 105
58 86
47 199
81 112
60 48
45 36
61 197
44 120
28 72
18 16
65 197
43 110
67 32
21 161
48 63
90 20
87 53
18 118
45 23
44 137
92 69
73 49
33 128
3 136
35 188
19 123
19 162
16 128
42 58
20 177
7 159
67 158
93 99
97 68
9 97
16 169
17 134
88 192
46 138
33 85
93 190
1 125
2 182
44 166
12 115
31 73
3 107
87 196
53 23
79 83
78 178
79 141
97 14
89 93
29 56
18 52
57 91
82 12
17 152
79 40
65 40
43 72
39 175
100 138
4 191
85 199
9 153
34 105
79 85
92 166
1 69
24 39
11 47
81 68
60 79
39 24
57 93
50 146
90 25
35 95
79 49
60 25
61 62
36 109
77 42
44 75
64 176
55 154
65 51
61 83
60 197
54 139
5 84
65 192
34 136
5 153
9 89
52 91
61 45
14 168
52 71
93 156
38 62
57 77
19 98
6 93
27 82
19 173
28 32
11 128
51 46
70 116
12 134
43 187
87 79
16 72
59 176
66 122
80 43
7 170
48 144
73 63
44 108
2 145
62 179
51 200
31 21
21 16
35 146
75 133
43 27
36 46
4 38
14 136
47 130
59 148
59 156
59 151
67 189
49 150
8 63
10 75
53 120
35 113
91 23
33 21
43 60
77 94
49 94
67 140
52 172
63 167
67 162
51 94
80 100
60 73
71 186
23 49
72 196
41 133
38 193
18 34
88 35
84 17
32 93
49 14
47 26
45 34
45 181
91 139
39 131
52 35
24 65
79 88
76 163
61 104
57 63
74 104
60 23
13 12
50 12
3 91
10 42
68 79
90 157
27 138
83 81
91 122
57 27
95 32
52 58
59 40
75 126
13 107
95 173
82 44
38 174
82 29
62 47
40 145
64 170
73 184
38 111
22 85
64 155
79 107
21 162
69 79
82 197
86 97
86 198
43 177
15 93
45 127
77 171
12 48
55 60
57 187
74 127
57 46
6 102
29 123
86 169
30 45
94 169
56 107
62 104
48 60
38 149
22 53
28 172
23 70
2 98
80 18
68 65
65 26
14 81
20 125
43 128
98 38
18 145
20 189
89 162
30 140
8 87
82 11
31 31
35 50
53 121
60 141
11 48
21 98
69 37
23 116
9 40
67 55
51 32
29 25
55 20
78 113
94 149
71 84
16 194
5 41
84 89
93 123
29 110
58 122
21 193
12 77
11 102
62 82
84 31
54 101
78 114
29 64
5 173
53 110
1 22
63 139
42 61
88 119
44 159
73 111
88 157
12 19
96 163
52 164
50 32
54 173
90 123
52 177
76 190
15 21
90 98
19 151
58 68
31 56
43 96
42 178
85 167
28 150
94 21
24 175
64 86
94 53
54 97
53 79
12 123
90 147
78 61
71 167
80 173
17 52
98 172
81 155
47 138
9 101
9 84
80 151
14 159
60 167
48 162
64 198
38 34
32 65
79 105
50 195
82 33
7 75
91 152
29 131
69 71
7 193
65 195
2 130
41 24
21 54
87 33
66 70
9 46
5 99
